-1000.000	0.000
-999.000	0.000
-998.000	0.000
-997.000	0.000
-995.999	0.000
-994.999	0.000
-993.999	0.000
-992.999	0.000
-991.999	0.000
-990.999	0.000
-989.999	0.000
-988.999	0.000
-987.998	0.000
-986.998	0.000
-985.998	0.000
-984.998	0.000
-983.998	0.000
-982.998	0.000
-981.998	0.000
-980.998	0.000
-979.997	0.000
-978.997	0.000
-977.997	0.000
-976.997	0.000
-975.997	0.000
-974.997	0.000
-973.997	0.000
-972.997	0.000
-971.996	0.000
-970.996	0.000
-969.996	0.000
-968.996	0.000
-967.996	0.000
-966.996	0.000
-965.996	0.000
-964.996	0.000
-963.995	0.000
-962.995	0.000
-961.995	0.000
-960.995	0.000
-959.995	0.000
-958.995	0.000
-957.995	0.000
-956.995	0.000
-955.994	0.000
-954.994	0.000
-953.994	0.000
-952.994	0.000
-951.994	0.000
-950.994	0.000
-949.994	0.000
-948.994	0.000
-947.993	0.000
-946.993	0.000
-945.993	0.000
-944.993	0.000
-943.993	0.000
-942.993	0.000
-941.993	0.000
-940.993	0.000
-939.992	0.000
-938.992	0.000
-937.992	0.000
-936.992	0.000
-935.992	0.000
-934.992	0.000
-933.992	0.000
-932.992	0.000
-931.991	0.000
-930.991	0.000
-929.991	0.000
-928.991	0.000
-927.991	0.000
-926.991	0.000
-925.991	0.000
-924.991	0.000
-923.990	0.000
-922.990	0.000
-921.990	0.000
-920.990	0.000
-919.990	0.000
-918.990	0.000
-917.990	0.000
-916.990	0.000
-915.989	0.000
-914.989	0.000
-913.989	0.000
-912.989	0.000
-911.989	0.000
-910.989	0.000
-909.989	0.000
-908.989	0.000
-907.988	0.000
-906.988	0.000
-905.988	0.000
-904.988	0.000
-903.988	0.000
-902.988	0.000
-901.988	0.000
-900.988	0.000
-899.987	0.000
-898.987	0.000
-897.987	0.000
-896.987	0.000
-895.987	0.000
-894.987	0.000
-893.987	0.000
-892.987	0.000
-891.986	0.000
-890.986	0.000
-889.986	0.000
-888.986	0.000
-887.986	0.000
-886.986	0.000
-885.986	0.000
-884.986	0.000
-883.985	0.000
-882.985	0.000
-881.985	0.000
-880.985	0.000
-879.985	0.000
-878.985	0.000
-877.985	0.000
-876.985	0.000
-875.984	0.000
-874.984	0.000
-873.984	0.000
-872.984	0.000
-871.984	0.000
-870.984	0.000
-869.984	0.000
-868.984	0.000
-867.983	0.000
-866.983	0.000
-865.983	0.000
-864.983	0.000
-863.983	0.000
-862.983	0.000
-861.983	0.000
-860.983	0.000
-859.982	0.000
-858.982	0.000
-857.982	0.000
-856.982	0.000
-855.982	0.000
-854.982	0.000
-853.982	0.000
-852.982	0.000
-851.981	0.000
-850.981	0.000
-849.981	0.000
-848.981	0.000
-847.981	0.000
-846.981	0.000
-845.981	0.000
-844.981	0.000
-843.980	0.000
-842.980	0.000
-841.980	0.000
-840.980	0.000
-839.980	0.000
-838.980	0.000
-837.980	0.000
-836.980	0.000
-835.979	0.000
-834.979	0.000
-833.979	0.000
-832.979	0.000
-831.979	0.000
-830.979	0.000
-829.979	0.000
-828.979	0.000
-827.978	0.000
-826.978	0.000
-825.978	0.000
-824.978	0.000
-823.978	0.000
-822.978	0.000
-821.978	0.000
-820.978	0.000
-819.977	0.000
-818.977	0.000
-817.977	0.000
-816.977	0.000
-815.977	0.000
-814.977	0.000
-813.977	0.000
-812.977	0.000
-811.976	0.000
-810.976	0.000
-809.976	0.000
-808.976	0.000
-807.976	0.000
-806.976	0.000
-805.976	0.000
-804.976	0.000
-803.975	0.000
-802.975	0.000
-801.975	0.000
-800.975	0.000
-799.975	0.000
-798.975	0.000
-797.975	0.000
-796.975	0.000
-795.974	0.000
-794.974	0.000
-793.974	0.000
-792.974	0.000
-791.974	0.000
-790.974	0.000
-789.974	0.000
-788.974	0.000
-787.973	0.000
-786.973	0.000
-785.973	0.000
-784.973	0.000
-783.973	0.000
-782.973	0.000
-781.973	0.000
-780.973	0.000
-779.972	0.000
-778.972	0.000
-777.972	0.000
-776.972	0.000
-775.972	0.000
-774.972	0.000
-773.972	0.000
-772.972	0.000
-771.971	0.000
-770.971	0.000
-769.971	0.000
-768.971	0.000
-767.971	0.000
-766.971	0.000
-765.971	0.000
-764.971	0.000
-763.970	0.000
-762.970	0.000
-761.970	0.000
-760.970	0.000
-759.970	0.000
-758.970	0.000
-757.970	0.000
-756.970	0.000
-755.969	0.000
-754.969	0.000
-753.969	0.000
-752.969	0.000
-751.969	0.000
-750.969	0.000
-749.969	0.000
-748.969	0.000
-747.968	0.000
-746.968	0.000
-745.968	0.000
-744.968	0.000
-743.968	0.000
-742.968	0.000
-741.968	0.000
-740.968	0.000
-739.967	0.000
-738.967	0.000
-737.967	0.000
-736.967	0.000
-735.967	0.000
-734.967	0.000
-733.967	0.000
-732.967	0.000
-731.966	0.000
-730.966	0.000
-729.966	0.000
-728.966	0.000
-727.966	0.000
-726.966	0.000
-725.966	0.000
-724.966	0.000
-723.965	0.000
-722.965	0.000
-721.965	0.000
-720.965	0.000
-719.965	0.000
-718.965	0.000
-717.965	0.000
-716.965	0.000
-715.964	0.000
-714.964	0.000
-713.964	0.000
-712.964	0.000
-711.964	0.000
-710.964	0.000
-709.964	0.000
-708.964	0.000
-707.963	0.000
-706.963	0.000
-705.963	0.000
-704.963	0.000
-703.963	0.000
-702.963	0.000
-701.963	0.000
-700.963	0.000
-699.962	0.000
-698.962	0.000
-697.962	0.000
-696.962	0.000
-695.962	0.000
-694.962	0.000
-693.962	0.000
-692.962	0.000
-691.961	0.000
-690.961	0.000
-689.961	0.000
-688.961	0.000
-687.961	0.000
-686.961	0.000
-685.961	0.000
-684.961	0.000
-683.960	0.000
-682.960	0.000
-681.960	0.000
-680.960	0.000
-679.960	0.000
-678.960	0.000
-677.960	0.000
-676.960	0.000
-675.959	0.000
-674.959	0.000
-673.959	0.000
-672.959	0.000
-671.959	0.000
-670.959	0.000
-669.959	0.000
-668.959	0.000
-667.958	0.000
-666.958	0.000
-665.958	0.000
-664.958	0.000
-663.958	0.000
-662.958	0.000
-661.958	0.000
-660.958	0.000
-659.957	0.000
-658.957	0.000
-657.957	0.000
-656.957	0.000
-655.957	0.000
-654.957	0.000
-653.957	0.000
-652.957	0.000
-651.956	0.000
-650.956	0.000
-649.956	0.000
-648.956	0.000
-647.956	0.000
-646.956	0.000
-645.956	0.000
-644.956	0.000
-643.955	0.000
-642.955	0.000
-641.955	0.000
-640.955	0.000
-639.955	0.000
-638.955	0.000
-637.955	0.000
-636.955	0.000
-635.954	0.000
-634.954	0.000
-633.954	0.000
-632.954	0.000
-631.954	0.000
-630.954	0.000
-629.954	0.000
-628.954	0.000
-627.953	0.000
-626.953	0.000
-625.953	0.000
-624.953	0.000
-623.953	0.000
-622.953	0.000
-621.953	0.000
-620.953	0.000
-619.952	0.000
-618.952	0.000
-617.952	0.000
-616.952	0.000
-615.952	0.000
-614.952	0.000
-613.952	0.000
-612.952	0.000
-611.951	0.000
-610.951	0.000
-609.951	0.000
-608.951	0.000
-607.951	0.000
-606.951	0.000
-605.951	0.000
-604.951	0.000
-603.950	0.000
-602.950	0.000
-601.950	0.000
-600.950	0.000
-599.950	0.000
-598.950	0.000
-597.950	0.000
-596.950	0.000
-595.949	0.000
-594.949	0.000
-593.949	0.000
-592.949	0.000
-591.949	0.000
-590.949	0.000
-589.949	0.000
-588.949	0.000
-587.948	0.000
-586.948	0.000
-585.948	0.000
-584.948	0.000
-583.948	0.000
-582.948	0.000
-581.948	0.000
-580.948	0.000
-579.947	0.000
-578.947	0.000
-577.947	0.000
-576.947	0.000
-575.947	0.000
-574.947	0.000
-573.947	0.000
-572.947	0.000
-571.946	0.000
-570.946	0.000
-569.946	0.000
-568.946	0.000
-567.946	0.000
-566.946	0.000
-565.946	0.000
-564.946	0.000
-563.945	0.000
-562.945	0.000
-561.945	0.000
-560.945	0.000
-559.945	0.000
-558.945	0.000
-557.945	0.000
-556.945	0.000
-555.944	0.000
-554.944	0.000
-553.944	0.000
-552.944	0.000
-551.944	0.000
-550.944	0.000
-549.944	0.000
-548.944	0.000
-547.943	0.000
-546.943	0.000
-545.943	0.000
-544.943	0.000
-543.943	0.000
-542.943	0.000
-541.943	0.000
-540.943	0.000
-539.942	0.000
-538.942	0.000
-537.942	0.000
-536.942	0.000
-535.942	0.000
-534.942	0.000
-533.942	0.000
-532.942	0.000
-531.941	0.000
-530.941	0.000
-529.941	0.000
-528.941	0.000
-527.941	0.000
-526.941	0.000
-525.941	0.000
-524.941	0.000
-523.940	0.000
-522.940	0.000
-521.940	0.000
-520.940	0.000
-519.940	0.000
-518.940	0.000
-517.940	0.000
-516.940	0.000
-515.939	0.000
-514.939	0.000
-513.939	0.000
-512.939	0.000
-511.939	0.000
-510.939	0.000
-509.939	0.000
-508.939	0.000
-507.938	0.000
-506.938	0.000
-505.938	0.000
-504.938	0.000
-503.938	0.000
-502.938	0.000
-501.938	0.000
-500.938	0.000
-499.937	0.000
-498.937	0.000
-497.937	0.000
-496.937	0.000
-495.937	0.000
-494.937	0.000
-493.937	0.000
-492.937	0.000
-491.936	0.000
-490.936	0.000
-489.936	0.000
-488.936	0.000
-487.936	0.000
-486.936	0.000
-485.936	0.000
-484.936	0.000
-483.935	0.000
-482.935	0.000
-481.935	0.000
-480.935	0.000
-479.935	0.000
-478.935	0.000
-477.935	0.000
-476.935	0.000
-475.934	0.000
-474.934	0.000
-473.934	0.000
-472.934	0.000
-471.934	0.000
-470.934	0.000
-469.934	0.000
-468.934	0.000
-467.933	0.000
-466.933	0.000
-465.933	0.000
-464.933	0.000
-463.933	0.000
-462.933	0.000
-461.933	0.000
-460.933	0.000
-459.932	0.000
-458.932	0.000
-457.932	0.000
-456.932	0.000
-455.932	0.000
-454.932	0.000
-453.932	0.000
-452.932	0.000
-451.931	0.000
-450.931	0.000
-449.931	0.000
-448.931	0.000
-447.931	0.000
-446.931	0.000
-445.931	0.000
-444.931	0.000
-443.930	0.000
-442.930	0.000
-441.930	0.000
-440.930	0.000
-439.930	0.000
-438.930	0.000
-437.930	0.000
-436.930	0.000
-435.929	0.000
-434.929	0.000
-433.929	0.000
-432.929	0.000
-431.929	0.000
-430.929	0.000
-429.929	0.000
-428.929	0.000
-427.928	0.000
-426.928	0.000
-425.928	0.000
-424.928	0.000
-423.928	0.000
-422.928	0.000
-421.928	0.000
-420.928	0.000
-419.927	0.000
-418.927	0.000
-417.927	0.000
-416.927	0.000
-415.927	0.000
-414.927	0.000
-413.927	0.000
-412.927	0.000
-411.926	0.000
-410.926	0.000
-409.926	0.000
-408.926	0.000
-407.926	0.000
-406.926	0.000
-405.926	0.000
-404.926	0.000
-403.925	0.000
-402.925	0.000
-401.925	0.000
-400.925	0.000
-399.925	0.000
-398.925	0.000
-397.925	0.000
-396.925	0.000
-395.924	0.000
-394.924	0.000
-393.924	0.000
-392.924	0.000
-391.924	0.000
-390.924	0.000
-389.924	0.000
-388.924	0.000
-387.923	0.000
-386.923	0.000
-385.923	0.000
-384.923	0.000
-383.923	0.000
-382.923	0.000
-381.923	0.000
-380.923	0.000
-379.922	0.000
-378.922	0.000
-377.922	0.000
-376.922	0.000
-375.922	0.000
-374.922	0.000
-373.922	0.000
-372.922	0.000
-371.921	0.000
-370.921	0.000
-369.921	0.000
-368.921	0.000
-367.921	0.000
-366.921	0.000
-365.921	0.000
-364.921	0.000
-363.920	0.000
-362.920	0.000
-361.920	0.000
-360.920	0.000
-359.920	0.000
-358.920	0.000
-357.920	0.000
-356.920	0.000
-355.919	0.000
-354.919	0.000
-353.919	0.000
-352.919	0.000
-351.919	0.000
-350.919	0.000
-349.919	0.000
-348.919	0.000
-347.918	0.000
-346.918	0.000
-345.918	0.000
-344.918	0.000
-343.918	0.000
-342.918	0.000
-341.918	0.000
-340.918	0.000
-339.917	0.000
-338.917	0.000
-337.917	0.000
-336.917	0.000
-335.917	0.000
-334.917	0.000
-333.917	0.000
-332.917	0.000
-331.916	0.000
-330.916	0.000
-329.916	0.000
-328.916	0.000
-327.916	0.000
-326.916	0.000
-325.916	0.000
-324.916	0.000
-323.915	0.000
-322.915	0.000
-321.915	0.000
-320.915	0.000
-319.915	0.000
-318.915	0.000
-317.915	0.000
-316.915	0.000
-315.914	0.000
-314.914	0.000
-313.914	0.000
-312.914	0.000
-311.914	0.000
-310.914	0.000
-309.914	0.000
-308.914	0.000
-307.913	0.000
-306.913	0.000
-305.913	0.000
-304.913	0.000
-303.913	0.000
-302.913	0.000
-301.913	0.000
-300.913	0.000
-299.912	0.000
-298.912	0.000
-297.912	0.000
-296.912	0.000
-295.912	0.000
-294.912	0.000
-293.912	0.000
-292.912	0.000
-291.911	0.000
-290.911	0.000
-289.911	0.000
-288.911	0.000
-287.911	0.000
-286.911	0.000
-285.911	0.000
-284.911	0.000
-283.910	0.000
-282.910	0.000
-281.910	0.000
-280.910	0.000
-279.910	0.000
-278.910	0.000
-277.910	0.000
-276.910	0.000
-275.909	0.000
-274.909	0.000
-273.909	0.000
-272.909	0.000
-271.909	0.000
-270.909	0.000
-269.909	0.000
-268.909	0.000
-267.908	0.000
-266.908	0.000
-265.908	0.000
-264.908	0.000
-263.908	0.000
-262.908	0.000
-261.908	0.000
-260.908	0.000
-259.907	0.000
-258.907	0.000
-257.907	0.000
-256.907	0.000
-255.907	0.000
-254.907	0.000
-253.907	0.000
-252.907	0.000
-251.906	0.000
-250.906	0.000
-249.906	0.000
-248.906	0.000
-247.906	0.000
-246.906	0.000
-245.906	0.000
-244.906	0.000
-243.905	0.000
-242.905	0.000
-241.905	0.000
-240.905	0.000
-239.905	0.000
-238.905	0.000
-237.905	0.000
-236.905	0.000
-235.904	0.000
-234.904	0.000
-233.904	0.000
-232.904	0.000
-231.904	0.000
-230.904	0.000
-229.904	0.000
-228.904	0.000
-227.903	0.000
-226.903	0.000
-225.903	0.000
-224.903	0.000
-223.903	0.000
-222.903	0.000
-221.903	0.000
-220.903	0.000
-219.902	0.000
-218.902	0.000
-217.902	0.000
-216.902	0.000
-215.902	0.000
-214.902	0.000
-213.902	0.000
-212.902	0.000
-211.901	0.000
-210.901	0.000
-209.901	0.000
-208.901	0.000
-207.901	0.000
-206.901	0.000
-205.901	0.000
-204.901	0.000
-203.900	0.000
-202.900	0.000
-201.900	0.000
-200.900	0.000
-199.900	0.000
-198.900	0.000
-197.900	0.000
-196.900	0.000
-195.899	0.000
-194.899	0.000
-193.899	0.000
-192.899	0.000
-191.899	0.000
-190.899	1.000
-189.899	0.000
-188.899	0.000
-187.898	0.000
-186.898	0.000
-185.898	0.000
-184.898	0.000
-183.898	0.000
-182.898	0.000
-181.898	0.000
-180.898	0.000
-179.897	0.000
-178.897	0.000
-177.897	1.000
-176.897	0.000
-175.897	0.000
-174.897	0.000
-173.897	0.000
-172.897	0.000
-171.896	0.000
-170.896	0.000
-169.896	0.000
-168.896	0.000
-167.896	0.000
-166.896	0.000
-165.896	0.000
-164.896	1.000
-163.895	0.000
-162.895	0.000
-161.895	0.000
-160.895	0.000
-159.895	0.000
-158.895	0.000
-157.895	0.000
-156.895	1.000
-155.894	0.000
-154.894	1.000
-153.894	1.000
-152.894	0.000
-151.894	3.000
-150.894	0.000
-149.894	0.000
-148.894	0.000
-147.893	1.000
-146.893	2.000
-145.893	2.000
-144.893	1.000
-143.893	1.000
-142.893	1.000
-141.893	0.000
-140.893	1.000
-139.892	2.000
-138.892	2.000
-137.892	2.000
-136.892	3.000
-135.892	1.000
-134.892	1.000
-133.892	1.000
-132.892	3.000
-131.891	4.000
-130.891	0.000
-129.891	5.000
-128.891	0.000
-127.891	1.000
-126.891	2.000
-125.891	3.000
-124.891	4.000
-123.890	4.000
-122.890	2.000
-121.890	8.000
-120.890	2.000
-119.890	3.000
-118.890	8.000
-117.890	4.000
-116.890	10.000
-115.889	6.000
-114.889	6.000
-113.889	7.000
-112.889	7.000
-111.889	8.000
-110.889	12.000
-109.889	6.000
-108.889	12.000
-107.888	8.000
-106.888	13.000
-105.888	17.000
-104.888	15.000
-103.888	13.000
-102.888	12.000
-101.888	20.000
-100.888	15.000
-99.887	11.000
-98.887	12.000
-97.887	19.000
-96.887	15.000
-95.887	35.000
-94.887	21.000
-93.887	31.000
-92.887	29.000
-91.886	29.000
-90.886	34.000
-89.886	22.000
-88.886	22.000
-87.886	31.000
-86.886	37.000
-85.886	52.000
-84.886	30.000
-83.885	42.000
-82.885	38.000
-81.885	34.000
-80.885	66.000
-79.885	51.000
-78.885	37.000
-77.885	66.000
-76.885	54.000
-75.884	55.000
-74.884	51.000
-73.884	58.000
-72.884	57.000
-71.884	71.000
-70.884	67.000
-69.884	81.000
-68.884	76.000
-67.883	90.000
-66.883	88.000
-65.883	90.000
-64.883	91.000
-63.883	96.000
-62.883	109.000
-61.883	89.000
-60.883	105.000
-59.882	125.000
-58.882	102.000
-57.882	109.000
-56.882	105.000
-55.882	122.000
-54.882	110.000
-53.882	132.000
-52.882	107.000
-51.881	137.000
-50.881	145.000
-49.881	143.000
-48.881	136.000
-47.881	146.000
-46.881	168.000
-45.881	168.000
-44.881	170.000
-43.880	207.000
-42.880	209.000
-41.880	156.000
-40.880	195.000
-39.880	177.000
-38.880	175.000
-37.880	194.000
-36.880	180.000
-35.879	208.000
-34.879	232.000
-33.879	247.000
-32.879	241.000
-31.879	241.000
-30.879	230.000
-29.879	245.000
-28.879	229.000
-27.878	229.000
-26.878	273.000
-25.878	265.000
-24.878	281.000
-23.878	234.000
-22.878	291.000
-21.878	249.000
-20.878	240.000
-19.877	294.000
-18.877	260.000
-17.877	285.000
-16.877	294.000
-15.877	271.000
-14.877	303.000
-13.877	296.000
-12.877	305.000
-11.876	282.000
-10.876	280.000
-9.876	303.000
-8.876	271.000
-7.876	313.000
-6.876	324.000
-5.876	300.000
-4.876	328.000
-3.875	324.000
-2.875	317.000
-1.875	311.000
-0.875	311.000
0.125	329.000
1.125	314.000
2.125	321.000
3.125	305.000
4.126	335.000
5.126	328.000
6.126	320.000
7.126	318.000
8.126	315.000
9.126	312.000
10.126	320.000
11.126	306.000
12.127	320.000
13.127	334.000
14.127	331.000
15.127	304.000
16.127	310.000
17.127	325.000
18.127	309.000
19.127	293.000
20.128	324.000
21.128	297.000
22.128	309.000
23.128	295.000
24.128	351.000
25.128	301.000
26.128	301.000
27.128	291.000
28.129	275.000
29.129	245.000
30.129	296.000
31.129	293.000
32.129	283.000
33.129	260.000
34.129	249.000
35.129	255.000
36.130	268.000
37.130	235.000
38.130	252.000
39.130	245.000
40.130	225.000
41.130	237.000
42.130	223.000
43.130	199.000
44.131	229.000
45.131	224.000
46.131	219.000
47.131	188.000
48.131	209.000
49.131	196.000
50.131	203.000
51.131	180.000
52.132	198.000
53.132	184.000
54.132	185.000
55.132	169.000
56.132	166.000
57.132	167.000
58.132	176.000
59.132	155.000
60.133	153.000
61.133	157.000
62.133	132.000
63.133	163.000
64.133	139.000
65.133	152.000
66.133	117.000
67.133	102.000
68.134	127.000
69.134	111.000
70.134	131.000
71.134	109.000
72.134	97.000
73.134	88.000
74.134	110.000
75.134	111.000
76.135	103.000
77.135	85.000
78.135	90.000
79.135	88.000
80.135	76.000
81.135	71.000
82.135	73.000
83.135	82.000
84.136	69.000
85.136	72.000
86.136	67.000
87.136	69.000
88.136	60.000
89.136	54.000
90.136	38.000
91.136	48.000
92.137	47.000
93.137	51.000
94.137	37.000
95.137	37.000
96.137	49.000
97.137	50.000
98.137	36.000
99.137	32.000
100.138	34.000
101.138	37.000
102.138	29.000
103.138	32.000
104.138	31.000
105.138	20.000
106.138	31.000
107.138	24.000
108.139	24.000
109.139	27.000
110.139	22.000
111.139	24.000
112.139	18.000
113.139	23.000
114.139	21.000
115.139	21.000
116.140	20.000
117.140	16.000
118.140	11.000
119.140	7.000
120.140	12.000
121.140	14.000
122.140	14.000
123.140	12.000
124.141	9.000
125.141	7.000
126.141	13.000
127.141	11.000
128.141	10.000
129.141	8.000
130.141	10.000
131.141	6.000
132.142	7.000
133.142	7.000
134.142	4.000
135.142	6.000
136.142	4.000
137.142	4.000
138.142	7.000
139.142	1.000
140.143	8.000
141.143	2.000
142.143	2.000
143.143	7.000
144.143	3.000
145.143	4.000
146.143	5.000
147.143	0.000
148.144	1.000
149.144	1.000
150.144	1.000
151.144	1.000
152.144	1.000
153.144	1.000
154.144	2.000
155.144	2.000
156.145	3.000
157.145	3.000
158.145	0.000
159.145	3.000
160.145	1.000
161.145	5.000
162.145	1.000
163.145	2.000
164.146	2.000
165.146	0.000
166.146	1.000
167.146	3.000
168.146	3.000
169.146	2.000
170.146	1.000
171.146	2.000
172.147	3.000
173.147	0.000
174.147	0.000
175.147	0.000
176.147	1.000
177.147	0.000
178.147	0.000
179.147	0.000
180.148	0.000
181.148	1.000
182.148	0.000
183.148	0.000
184.148	1.000
185.148	1.000
186.148	3.000
187.148	0.000
188.149	0.000
189.149	0.000
190.149	2.000
191.149	1.000
192.149	0.000
193.149	0.000
194.149	1.000
195.149	0.000
196.150	0.000
197.150	1.000
198.150	2.000
199.150	1.000
200.150	0.000
201.150	0.000
202.150	1.000
203.150	0.000
204.151	1.000
205.151	0.000
206.151	2.000
207.151	0.000
208.151	2.000
209.151	1.000
210.151	0.000
211.151	0.000
212.152	2.000
213.152	2.000
214.152	0.000
215.152	1.000
216.152	0.000
217.152	0.000
218.152	1.000
219.152	1.000
220.153	0.000
221.153	0.000
222.153	1.000
223.153	1.000
224.153	1.000
225.153	0.000
226.153	1.000
227.153	1.000
228.154	0.000
229.154	1.000
230.154	0.000
231.154	1.000
232.154	0.000
233.154	2.000
234.154	1.000
235.154	0.000
236.155	0.000
237.155	0.000
238.155	1.000
239.155	0.000
240.155	0.000
241.155	0.000
242.155	1.000
243.155	2.000
244.156	1.000
245.156	0.000
246.156	0.000
247.156	0.000
248.156	0.000
249.156	0.000
250.156	0.000
251.156	2.000
252.157	1.000
253.157	0.000
254.157	1.000
255.157	1.000
256.157	1.000
257.157	0.000
258.157	2.000
259.157	0.000
260.158	1.000
261.158	0.000
262.158	1.000
263.158	1.000
264.158	0.000
265.158	1.000
266.158	0.000
267.158	1.000
268.159	0.000
269.159	1.000
270.159	0.000
271.159	1.000
272.159	0.000
273.159	0.000
274.159	1.000
275.159	1.000
276.160	2.000
277.160	2.000
278.160	1.000
279.160	0.000
280.160	1.000
281.160	1.000
282.160	0.000
283.160	1.000
284.161	1.000
285.161	0.000
286.161	1.000
287.161	0.000
288.161	0.000
289.161	0.000
290.161	2.000
291.161	0.000
292.162	0.000
293.162	2.000
294.162	0.000
295.162	1.000
296.162	1.000
297.162	0.000
298.162	0.000
299.162	0.000
300.163	1.000
301.163	0.000
302.163	0.000
303.163	0.000
304.163	2.000
305.163	1.000
306.163	0.000
307.163	0.000
308.164	1.000
309.164	0.000
310.164	1.000
311.164	0.000
312.164	2.000
313.164	1.000
314.164	0.000
315.164	1.000
316.165	1.000
317.165	0.000
318.165	0.000
319.165	1.000
320.165	1.000
321.165	0.000
322.165	0.000
323.165	1.000
324.166	0.000
325.166	0.000
326.166	0.000
327.166	0.000
328.166	0.000
329.166	1.000
330.166	1.000
331.166	0.000
332.167	0.000
333.167	3.000
334.167	2.000
335.167	0.000
336.167	0.000
337.167	0.000
338.167	0.000
339.167	0.000
340.168	1.000
341.168	0.000
342.168	0.000
343.168	0.000
344.168	0.000
345.168	0.000
346.168	2.000
347.168	0.000
348.169	1.000
349.169	3.000
350.169	0.000
351.169	1.000
352.169	0.000
353.169	0.000
354.169	1.000
355.169	0.000
356.170	1.000
357.170	0.000
358.170	1.000
359.170	2.000
360.170	0.000
361.170	0.000
362.170	1.000
363.170	1.000
364.171	1.000
365.171	0.000
366.171	1.000
367.171	0.000
368.171	1.000
369.171	1.000
370.171	0.000
371.171	1.000
372.172	0.000
373.172	1.000
374.172	1.000
375.172	0.000
376.172	0.000
377.172	0.000
378.172	1.000
379.172	1.000
380.173	1.000
381.173	0.000
382.173	0.000
383.173	0.000
384.173	0.000
385.173	0.000
386.173	0.000
387.173	1.000
388.174	0.000
389.174	2.000
390.174	1.000
391.174	0.000
392.174	0.000
393.174	1.000
394.174	0.000
395.174	1.000
396.175	1.000
397.175	1.000
398.175	2.000
399.175	2.000
400.175	0.000
401.175	0.000
402.175	0.000
403.175	0.000
404.176	1.000
405.176	4.000
406.176	2.000
407.176	0.000
408.176	0.000
409.176	2.000
410.176	0.000
411.176	0.000
412.177	1.000
413.177	3.000
414.177	2.000
415.177	2.000
416.177	1.000
417.177	0.000
418.177	0.000
419.177	0.000
420.178	0.000
421.178	4.000
422.178	0.000
423.178	2.000
424.178	3.000
425.178	1.000
426.178	0.000
427.178	1.000
428.179	0.000
429.179	0.000
430.179	1.000
431.179	3.000
432.179	0.000
433.179	0.000
434.179	2.000
435.179	0.000
436.180	1.000
437.180	0.000
438.180	0.000
439.180	1.000
440.180	0.000
441.180	3.000
442.180	0.000
443.180	1.000
444.181	1.000
445.181	0.000
446.181	1.000
447.181	0.000
448.181	3.000
449.181	0.000
450.181	0.000
451.181	1.000
452.182	2.000
453.182	0.000
454.182	1.000
455.182	2.000
456.182	1.000
457.182	1.000
458.182	0.000
459.182	1.000
460.183	0.000
461.183	0.000
462.183	0.000
463.183	1.000
464.183	0.000
465.183	0.000
466.183	0.000
467.183	0.000
468.184	0.000
469.184	1.000
470.184	1.000
471.184	0.000
472.184	0.000
473.184	0.000
474.184	0.000
475.184	1.000
476.185	0.000
477.185	0.000
478.185	2.000
479.185	3.000
480.185	1.000
481.185	0.000
482.185	1.000
483.185	3.000
484.186	2.000
485.186	0.000
486.186	1.000
487.186	2.000
488.186	1.000
489.186	0.000
490.186	2.000
491.186	2.000
492.187	1.000
493.187	2.000
494.187	0.000
495.187	0.000
496.187	1.000
497.187	0.000
498.187	0.000
499.187	1.000
500.188	1.000
501.188	1.000
502.188	1.000
503.188	3.000
504.188	2.000
505.188	1.000
506.188	0.000
507.188	1.000
508.189	1.000
509.189	0.000
510.189	1.000
511.189	1.000
512.189	1.000
513.189	1.000
514.189	0.000
515.189	0.000
516.190	0.000
517.190	3.000
518.190	1.000
519.190	1.000
520.190	0.000
521.190	0.000
522.190	0.000
523.190	1.000
524.191	1.000
525.191	1.000
526.191	0.000
527.191	2.000
528.191	1.000
529.191	0.000
530.191	2.000
531.191	0.000
532.192	1.000
533.192	0.000
534.192	2.000
535.192	1.000
536.192	1.000
537.192	1.000
538.192	1.000
539.192	2.000
540.193	1.000
541.193	1.000
542.193	1.000
543.193	0.000
544.193	1.000
545.193	0.000
546.193	1.000
547.193	1.000
548.194	0.000
549.194	0.000
550.194	1.000
551.194	0.000
552.194	0.000
553.194	0.000
554.194	1.000
555.194	1.000
556.195	1.000
557.195	1.000
558.195	0.000
559.195	2.000
560.195	1.000
561.195	1.000
562.195	0.000
563.195	0.000
564.196	0.000
565.196	1.000
566.196	2.000
567.196	2.000
568.196	2.000
569.196	1.000
570.196	1.000
571.196	2.000
572.197	0.000
573.197	0.000
574.197	0.000
575.197	0.000
576.197	2.000
577.197	0.000
578.197	0.000
579.197	2.000
580.198	1.000
581.198	0.000
582.198	2.000
583.198	1.000
584.198	0.000
585.198	0.000
586.198	2.000
587.198	0.000
588.199	1.000
589.199	0.000
590.199	1.000
591.199	1.000
592.199	1.000
593.199	0.000
594.199	0.000
595.199	0.000
596.200	1.000
597.200	0.000
598.200	1.000
599.200	0.000
600.200	0.000
601.200	2.000
602.200	1.000
603.200	2.000
604.201	1.000
605.201	1.000
606.201	1.000
607.201	0.000
608.201	1.000
609.201	2.000
610.201	1.000
611.201	1.000
612.202	1.000
613.202	0.000
614.202	0.000
615.202	1.000
616.202	1.000
617.202	0.000
618.202	0.000
619.202	0.000
620.203	1.000
621.203	1.000
622.203	0.000
623.203	0.000
624.203	3.000
625.203	2.000
626.203	0.000
627.203	1.000
628.204	0.000
629.204	2.000
630.204	0.000
631.204	1.000
632.204	2.000
633.204	0.000
634.204	0.000
635.204	1.000
636.205	0.000
637.205	0.000
638.205	1.000
639.205	1.000
640.205	1.000
641.205	0.000
642.205	1.000
643.205	1.000
644.206	1.000
645.206	3.000
646.206	1.000
647.206	0.000
648.206	2.000
649.206	2.000
650.206	3.000
651.206	0.000
652.207	1.000
653.207	1.000
654.207	3.000
655.207	0.000
656.207	0.000
657.207	0.000
658.207	1.000
659.207	0.000
660.208	0.000
661.208	1.000
662.208	1.000
663.208	2.000
664.208	0.000
665.208	0.000
666.208	0.000
667.208	0.000
668.209	0.000
669.209	1.000
670.209	1.000
671.209	0.000
672.209	1.000
673.209	0.000
674.209	0.000
675.209	0.000
676.210	0.000
677.210	2.000
678.210	1.000
679.210	0.000
680.210	1.000
681.210	1.000
682.210	1.000
683.210	0.000
684.211	1.000
685.211	1.000
686.211	2.000
687.211	1.000
688.211	2.000
689.211	0.000
690.211	0.000
691.211	0.000
692.212	1.000
693.212	1.000
694.212	1.000
695.212	1.000
696.212	0.000
697.212	1.000
698.212	0.000
699.212	0.000
700.213	2.000
701.213	0.000
702.213	1.000
703.213	1.000
704.213	2.000
705.213	1.000
706.213	0.000
707.213	1.000
708.214	0.000
709.214	0.000
710.214	1.000
711.214	3.000
712.214	0.000
713.214	3.000
714.214	1.000
715.214	2.000
716.215	2.000
717.215	0.000
718.215	1.000
719.215	1.000
720.215	1.000
721.215	0.000
722.215	1.000
723.215	1.000
724.216	0.000
725.216	1.000
726.216	1.000
727.216	3.000
728.216	1.000
729.216	3.000
730.216	2.000
731.216	3.000
732.217	1.000
733.217	1.000
734.217	1.000
735.217	0.000
736.217	1.000
737.217	0.000
738.217	1.000
739.217	1.000
740.218	2.000
741.218	1.000
742.218	1.000
743.218	0.000
744.218	2.000
745.218	0.000
746.218	1.000
747.218	2.000
748.219	1.000
749.219	1.000
750.219	0.000
751.219	0.000
752.219	1.000
753.219	1.000
754.219	0.000
755.219	2.000
756.220	4.000
757.220	2.000
758.220	0.000
759.220	1.000
760.220	3.000
761.220	2.000
762.220	1.000
763.220	2.000
764.221	1.000
765.221	0.000
766.221	1.000
767.221	1.000
768.221	1.000
769.221	1.000
770.221	0.000
771.221	2.000
772.222	0.000
773.222	1.000
774.222	3.000
775.222	0.000
776.222	0.000
777.222	2.000
778.222	0.000
779.222	1.000
780.223	4.000
781.223	2.000
782.223	0.000
783.223	2.000
784.223	3.000
785.223	2.000
786.223	0.000
787.223	2.000
788.224	1.000
789.224	2.000
790.224	2.000
791.224	0.000
792.224	0.000
793.224	0.000
794.224	1.000
795.224	2.000
796.225	1.000
797.225	0.000
798.225	5.000
799.225	1.000
800.225	1.000
801.225	1.000
802.225	0.000
803.225	2.000
804.226	0.000
805.226	2.000
806.226	1.000
807.226	2.000
808.226	1.000
809.226	1.000
810.226	0.000
811.226	2.000
812.227	0.000
813.227	2.000
814.227	2.000
815.227	0.000
816.227	1.000
817.227	0.000
818.227	1.000
819.227	4.000
820.228	1.000
821.228	1.000
822.228	2.000
823.228	1.000
824.228	0.000
825.228	1.000
826.228	2.000
827.228	1.000
828.229	0.000
829.229	1.000
830.229	0.000
831.229	2.000
832.229	2.000
833.229	4.000
834.229	2.000
835.229	1.000
836.230	0.000
837.230	0.000
838.230	0.000
839.230	0.000
840.230	2.000
841.230	2.000
842.230	3.000
843.230	3.000
844.231	1.000
845.231	3.000
846.231	3.000
847.231	1.000
848.231	1.000
849.231	3.000
850.231	5.000
851.231	1.000
852.232	5.000
853.232	1.000
854.232	2.000
855.232	2.000
856.232	0.000
857.232	0.000
858.232	2.000
859.232	2.000
860.233	1.000
861.233	3.000
862.233	0.000
863.233	0.000
864.233	0.000
865.233	0.000
866.233	1.000
867.233	0.000
868.234	1.000
869.234	1.000
870.234	0.000
871.234	1.000
872.234	0.000
873.234	0.000
874.234	4.000
875.234	2.000
876.235	2.000
877.235	0.000
878.235	0.000
879.235	1.000
880.235	1.000
881.235	0.000
882.235	1.000
883.235	1.000
884.236	0.000
885.236	0.000
886.236	2.000
887.236	4.000
888.236	0.000
889.236	2.000
890.236	2.000
891.236	1.000
892.237	1.000
893.237	0.000
894.237	0.000
895.237	1.000
896.237	1.000
897.237	1.000
898.237	1.000
899.237	0.000
900.238	0.000
901.238	2.000
902.238	1.000
903.238	1.000
904.238	1.000
905.238	2.000
906.238	2.000
907.238	0.000
908.239	2.000
909.239	1.000
910.239	2.000
911.239	0.000
912.239	0.000
913.239	0.000
914.239	0.000
915.239	2.000
916.240	2.000
917.240	4.000
918.240	2.000
919.240	2.000
920.240	2.000
921.240	0.000
922.240	3.000
923.240	2.000
924.241	3.000
925.241	1.000
926.241	2.000
927.241	1.000
928.241	2.000
929.241	1.000
930.241	0.000
931.241	1.000
932.242	2.000
933.242	1.000
934.242	2.000
935.242	2.000
936.242	1.000
937.242	2.000
938.242	3.000
939.242	1.000
940.243	0.000
941.243	0.000
942.243	2.000
943.243	2.000
944.243	2.000
945.243	3.000
946.243	3.000
947.243	3.000
948.244	1.000
949.244	3.000
950.244	3.000
951.244	1.000
952.244	0.000
953.244	3.000
954.244	1.000
955.244	0.000
956.245	0.000
957.245	3.000
958.245	1.000
959.245	3.000
960.245	2.000
961.245	1.000
962.245	2.000
963.245	1.000
964.246	0.000
965.246	0.000
966.246	2.000
967.246	0.000
968.246	2.000
969.246	1.000
970.246	1.000
971.246	3.000
972.247	3.000
973.247	2.000
974.247	0.000
975.247	0.000
976.247	1.000
977.247	1.000
978.247	1.000
979.247	3.000
980.248	2.000
981.248	1.000
982.248	1.000
983.248	0.000
984.248	2.000
985.248	5.000
986.248	2.000
987.248	2.000
988.249	3.000
989.249	2.000
990.249	2.000
991.249	1.000
992.249	4.000
993.249	2.000
994.249	2.000
995.249	1.000
996.250	1.000
997.250	2.000
998.250	1.000
999.250	2.000
1000.250	2.000
1001.250	4.000
1002.250	2.000
1003.250	0.000
1004.251	3.000
1005.251	1.000
1006.251	2.000
1007.251	2.000
1008.251	0.000
1009.251	0.000
1010.251	0.000
1011.251	1.000
1012.252	1.000
1013.252	4.000
1014.252	1.000
1015.252	2.000
1016.252	2.000
1017.252	1.000
1018.252	0.000
1019.252	3.000
1020.253	2.000
1021.253	4.000
1022.253	1.000
1023.253	2.000
1024.253	2.000
1025.253	0.000
1026.253	1.000
1027.253	0.000
1028.254	1.000
1029.254	2.000
1030.254	1.000
1031.254	2.000
1032.254	0.000
1033.254	1.000
1034.254	6.000
1035.254	2.000
1036.255	1.000
1037.255	3.000
1038.255	3.000
1039.255	4.000
1040.255	2.000
1041.255	1.000
1042.255	0.000
1043.255	5.000
1044.256	1.000
1045.256	0.000
1046.256	1.000
1047.256	2.000
1048.256	2.000
1049.256	3.000
1050.256	3.000
1051.256	1.000
1052.257	1.000
1053.257	2.000
1054.257	3.000
1055.257	4.000
1056.257	2.000
1057.257	5.000
1058.257	3.000
1059.257	2.000
1060.258	4.000
1061.258	2.000
1062.258	3.000
1063.258	1.000
1064.258	2.000
1065.258	0.000
1066.258	5.000
1067.258	3.000
1068.259	4.000
1069.259	1.000
1070.259	4.000
1071.259	2.000
1072.259	2.000
1073.259	5.000
1074.259	4.000
1075.259	3.000
1076.260	5.000
1077.260	2.000
1078.260	2.000
1079.260	8.000
1080.260	2.000
1081.260	2.000
1082.260	8.000
1083.260	4.000
1084.261	5.000
1085.261	4.000
1086.261	3.000
1087.261	3.000
1088.261	4.000
1089.261	7.000
1090.261	9.000
1091.261	7.000
1092.262	7.000
1093.262	1.000
1094.262	3.000
1095.262	11.000
1096.262	5.000
1097.262	6.000
1098.262	4.000
1099.262	4.000
1100.263	6.000
1101.263	6.000
1102.263	5.000
1103.263	5.000
1104.263	9.000
1105.263	2.000
1106.263	7.000
1107.263	5.000
1108.264	5.000
1109.264	5.000
1110.264	7.000
1111.264	8.000
1112.264	13.000
1113.264	13.000
1114.264	9.000
1115.264	14.000
1116.265	14.000
1117.265	17.000
1118.265	8.000
1119.265	19.000
1120.265	10.000
1121.265	8.000
1122.265	15.000
1123.265	17.000
1124.266	18.000
1125.266	10.000
1126.266	14.000
1127.266	11.000
1128.266	18.000
1129.266	29.000
1130.266	15.000
1131.266	21.000
1132.267	23.000
1133.267	33.000
1134.267	30.000
1135.267	29.000
1136.267	34.000
1137.267	24.000
1138.267	20.000
1139.267	33.000
1140.268	29.000
1141.268	44.000
1142.268	46.000
1143.268	42.000
1144.268	31.000
1145.268	40.000
1146.268	39.000
1147.268	58.000
1148.269	36.000
1149.269	53.000
1150.269	35.000
1151.269	55.000
1152.269	59.000
1153.269	52.000
1154.269	40.000
1155.269	59.000
1156.270	68.000
1157.270	72.000
1158.270	70.000
1159.270	69.000
1160.270	74.000
1161.270	67.000
1162.270	76.000
1163.270	90.000
1164.271	95.000
1165.271	95.000
1166.271	77.000
1167.271	92.000
1168.271	120.000
1169.271	104.000
1170.271	112.000
1171.271	101.000
1172.272	90.000
1173.272	110.000
1174.272	113.000
1175.272	131.000
1176.272	139.000
1177.272	134.000
1178.272	143.000
1179.272	138.000
1180.273	121.000
1181.273	167.000
1182.273	165.000
1183.273	153.000
1184.273	169.000
1185.273	157.000
1186.273	157.000
1187.273	182.000
1188.274	193.000
1189.274	191.000
1190.274	216.000
1191.274	195.000
1192.274	205.000
1193.274	229.000
1194.274	245.000
1195.274	241.000
1196.275	265.000
1197.275	260.000
1198.275	258.000
1199.275	257.000
1200.275	293.000
1201.275	294.000
1202.275	309.000
1203.275	326.000
1204.276	325.000
1205.276	317.000
1206.276	323.000
1207.276	324.000
1208.276	342.000
1209.276	357.000
1210.276	385.000
1211.276	431.000
1212.277	371.000
1213.277	390.000
1214.277	423.000
1215.277	454.000
1216.277	449.000
1217.277	506.000
1218.277	484.000
1219.277	489.000
1220.278	463.000
1221.278	513.000
1222.278	541.000
1223.278	536.000
1224.278	550.000
1225.278	558.000
1226.278	584.000
1227.278	595.000
1228.279	605.000
1229.279	635.000
1230.279	607.000
1231.279	716.000
1232.279	636.000
1233.279	698.000
1234.279	688.000
1235.279	752.000
1236.280	714.000
1237.280	767.000
1238.280	765.000
1239.280	803.000
1240.280	796.000
1241.280	806.000
1242.280	838.000
1243.280	874.000
1244.281	897.000
1245.281	917.000
1246.281	952.000
1247.281	948.000
1248.281	931.000
1249.281	966.000
1250.281	1021.000
1251.281	963.000
1252.282	1062.000
1253.282	1037.000
1254.282	1097.000
1255.282	1105.000
1256.282	1140.000
1257.282	1044.000
1258.282	1216.000
1259.282	1200.000
1260.283	1254.000
1261.283	1268.000
1262.283	1202.000
1263.283	1241.000
1264.283	1309.000
1265.283	1364.000
1266.283	1341.000
1267.283	1415.000
1268.284	1434.000
1269.284	1456.000
1270.284	1476.000
1271.284	1476.000
1272.284	1493.000
1273.284	1519.000
1274.284	1529.000
1275.284	1542.000
1276.285	1603.000
1277.285	1560.000
1278.285	1594.000
1279.285	1650.000
1280.285	1640.000
1281.285	1746.000
1282.285	1760.000
1283.285	1779.000
1284.286	1759.000
1285.286	1815.000
1286.286	1926.000
1287.286	1906.000
1288.286	1844.000
1289.286	1932.000
1290.286	2028.000
1291.286	1944.000
1292.287	2041.000
1293.287	2045.000
1294.287	2089.000
1295.287	2227.000
1296.287	2038.000
1297.287	2195.000
1298.287	2197.000
1299.287	2123.000
1300.288	2280.000
1301.288	2250.000
1302.288	2247.000
1303.288	2341.000
1304.288	2311.000
1305.288	2154.000
1306.288	2272.000
1307.288	2373.000
1308.289	2416.000
1309.289	2426.000
1310.289	2398.000
1311.289	2460.000
1312.289	2413.000
1313.289	2467.000
1314.289	2512.000
1315.289	2414.000
1316.290	2577.000
1317.290	2611.000
1318.290	2596.000
1319.290	2663.000
1320.290	2656.000
1321.290	2687.000
1322.290	2642.000
1323.290	2713.000
1324.291	2682.000
1325.291	2725.000
1326.291	2631.000
1327.291	2779.000
1328.291	2781.000
1329.291	2635.000
1330.291	2768.000
1331.291	2781.000
1332.292	2780.000
1333.292	2773.000
1334.292	2766.000
1335.292	2730.000
1336.292	2859.000
1337.292	2775.000
1338.292	2831.000
1339.292	2722.000
1340.293	2929.000
1341.293	2802.000
1342.293	2857.000
1343.293	2919.000
1344.293	2850.000
1345.293	2885.000
1346.293	2840.000
1347.293	2816.000
1348.294	2814.000
1349.294	2720.000
1350.294	2831.000
1351.294	2790.000
1352.294	2668.000
1353.294	2811.000
1354.294	2817.000
1355.294	2766.000
1356.295	2883.000
1357.295	2836.000
1358.295	2784.000
1359.295	2627.000
1360.295	2760.000
1361.295	2762.000
1362.295	2749.000
1363.295	2720.000
1364.296	2723.000
1365.296	2654.000
1366.296	2643.000
1367.296	2706.000
1368.296	2717.000
1369.296	2591.000
1370.296	2628.000
1371.296	2530.000
1372.297	2675.000
1373.297	2611.000
1374.297	2629.000
1375.297	2547.000
1376.297	2542.000
1377.297	2475.000
1378.297	2457.000
1379.297	2441.000
1380.298	2479.000
1381.298	2487.000
1382.298	2405.000
1383.298	2428.000
1384.298	2417.000
1385.298	2323.000
1386.298	2363.000
1387.298	2357.000
1388.299	2256.000
1389.299	2291.000
1390.299	2276.000
1391.299	2188.000
1392.299	2145.000
1393.299	2087.000
1394.299	2073.000
1395.299	2086.000
1396.300	2120.000
1397.300	2015.000
1398.300	2033.000
1399.300	1974.000
1400.300	1951.000
1401.300	1921.000
1402.300	1871.000
1403.300	1830.000
1404.301	1858.000
1405.301	1867.000
1406.301	1833.000
1407.301	1825.000
1408.301	1795.000
1409.301	1698.000
1410.301	1657.000
1411.301	1631.000
1412.302	1667.000
1413.302	1564.000
1414.302	1538.000
1415.302	1585.000
1416.302	1537.000
1417.302	1537.000
1418.302	1471.000
1419.302	1446.000
1420.303	1480.000
1421.303	1339.000
1422.303	1397.000
1423.303	1411.000
1424.303	1318.000
1425.303	1312.000
1426.303	1178.000
1427.303	1252.000
1428.304	1236.000
1429.304	1222.000
1430.304	1197.000
1431.304	1122.000
1432.304	1095.000
1433.304	1136.000
1434.304	1094.000
1435.304	1069.000
1436.305	1001.000
1437.305	977.000
1438.305	957.000
1439.305	994.000
1440.305	899.000
1441.305	874.000
1442.305	883.000
1443.305	916.000
1444.306	865.000
1445.306	846.000
1446.306	842.000
1447.306	772.000
1448.306	757.000
1449.306	756.000
1450.306	752.000
1451.306	780.000
1452.307	652.000
1453.307	705.000
1454.307	614.000
1455.307	689.000
1456.307	659.000
1457.307	632.000
1458.307	584.000
1459.307	568.000
1460.308	548.000
1461.308	540.000
1462.308	548.000
1463.308	508.000
1464.308	492.000
1465.308	498.000
1466.308	494.000
1467.308	462.000
1468.309	471.000
1469.309	409.000
1470.309	383.000
1471.309	427.000
1472.309	426.000
1473.309	396.000
1474.309	420.000
1475.309	371.000
1476.310	379.000
1477.310	340.000
1478.310	345.000
1479.310	341.000
1480.310	293.000
1481.310	323.000
1482.310	296.000
1483.310	274.000
1484.311	261.000
1485.311	305.000
1486.311	276.000
1487.311	238.000
1488.311	227.000
1489.311	224.000
1490.311	233.000
1491.311	226.000
1492.312	242.000
1493.312	198.000
1494.312	221.000
1495.312	203.000
1496.312	183.000
1497.312	198.000
1498.312	175.000
1499.312	181.000
1500.313	178.000
1501.313	215.000
1502.313	166.000
1503.313	171.000
1504.313	161.000
1505.313	155.000
1506.313	175.000
1507.313	135.000
1508.314	130.000
1509.314	131.000
1510.314	143.000
1511.314	153.000
1512.314	133.000
1513.314	153.000
1514.314	135.000
1515.314	128.000
1516.315	121.000
1517.315	110.000
1518.315	123.000
1519.315	118.000
1520.315	113.000
1521.315	107.000
1522.315	104.000
1523.315	106.000
1524.316	102.000
1525.316	114.000
1526.316	104.000
1527.316	105.000
1528.316	95.000
1529.316	101.000
1530.316	98.000
1531.316	97.000
1532.317	96.000
1533.317	86.000
1534.317	75.000
1535.317	92.000
1536.317	81.000
1537.317	92.000
1538.317	86.000
1539.317	92.000
1540.318	91.000
1541.318	79.000
1542.318	73.000
1543.318	89.000
1544.318	92.000
1545.318	75.000
1546.318	74.000
1547.318	77.000
1548.319	83.000
1549.319	81.000
1550.319	68.000
1551.319	94.000
1552.319	74.000
1553.319	88.000
1554.319	67.000
1555.319	69.000
1556.320	75.000
1557.320	83.000
1558.320	82.000
1559.320	92.000
1560.320	84.000
1561.320	87.000
1562.320	82.000
1563.320	73.000
1564.321	65.000
1565.321	73.000
1566.321	69.000
1567.321	63.000
1568.321	91.000
1569.321	76.000
1570.321	66.000
1571.321	75.000
1572.322	68.000
1573.322	78.000
1574.322	77.000
1575.322	72.000
1576.322	66.000
1577.322	63.000
1578.322	86.000
1579.322	64.000
1580.323	72.000
1581.323	66.000
1582.323	73.000
1583.323	64.000
1584.323	70.000
1585.323	79.000
1586.323	61.000
1587.323	71.000
1588.324	78.000
1589.324	77.000
1590.324	76.000
1591.324	69.000
1592.324	73.000
1593.324	68.000
1594.324	72.000
1595.324	85.000
1596.325	64.000
1597.325	95.000
1598.325	64.000
1599.325	76.000
1600.325	70.000
1601.325	72.000
1602.325	82.000
1603.325	83.000
1604.326	78.000
1605.326	63.000
1606.326	64.000
1607.326	57.000
1608.326	81.000
1609.326	75.000
1610.326	73.000
1611.326	75.000
1612.327	78.000
1613.327	64.000
1614.327	70.000
1615.327	74.000
1616.327	64.000
1617.327	76.000
1618.327	64.000
1619.327	66.000
1620.328	75.000
1621.328	67.000
1622.328	59.000
1623.328	85.000
1624.328	75.000
1625.328	89.000
1626.328	72.000
1627.328	87.000
1628.329	70.000
1629.329	72.000
1630.329	79.000
1631.329	73.000
1632.329	67.000
1633.329	63.000
1634.329	67.000
1635.329	80.000
1636.330	72.000
1637.330	84.000
1638.330	83.000
1639.330	75.000
1640.330	71.000
1641.330	75.000
1642.330	80.000
1643.330	81.000
1644.331	70.000
1645.331	79.000
1646.331	88.000
1647.331	80.000
1648.331	69.000
1649.331	80.000
1650.331	79.000
1651.331	77.000
1652.332	67.000
1653.332	93.000
1654.332	72.000
1655.332	80.000
1656.332	70.000
1657.332	80.000
1658.332	86.000
1659.332	81.000
1660.333	80.000
1661.333	93.000
1662.333	70.000
1663.333	61.000
1664.333	88.000
1665.333	79.000
1666.333	72.000
1667.333	81.000
1668.334	78.000
1669.334	86.000
1670.334	90.000
1671.334	78.000
1672.334	82.000
1673.334	76.000
1674.334	79.000
1675.334	81.000
1676.335	71.000
1677.335	85.000
1678.335	79.000
1679.335	90.000
1680.335	81.000
1681.335	80.000
1682.335	82.000
1683.335	88.000
1684.336	86.000
1685.336	90.000
1686.336	83.000
1687.336	76.000
1688.336	63.000
1689.336	69.000
1690.336	88.000
1691.336	93.000
1692.337	82.000
1693.337	80.000
1694.337	93.000
1695.337	79.000
1696.337	84.000
1697.337	80.000
1698.337	86.000
1699.337	89.000
1700.338	78.000
1701.338	76.000
1702.338	91.000
1703.338	87.000
1704.338	93.000
1705.338	80.000
1706.338	78.000
1707.338	78.000
1708.339	91.000
1709.339	86.000
1710.339	78.000
1711.339	98.000
1712.339	83.000
1713.339	84.000
1714.339	91.000
1715.339	85.000
1716.340	81.000
1717.340	93.000
1718.340	92.000
1719.340	89.000
1720.340	86.000
1721.340	94.000
1722.340	81.000
1723.340	89.000
1724.341	81.000
1725.341	91.000
1726.341	76.000
1727.341	89.000
1728.341	89.000
1729.341	75.000
1730.341	103.000
1731.341	83.000
1732.342	84.000
1733.342	75.000
1734.342	70.000
1735.342	69.000
1736.342	75.000
1737.342	87.000
1738.342	90.000
1739.342	103.000
1740.343	100.000
1741.343	79.000
1742.343	88.000
1743.343	84.000
1744.343	91.000
1745.343	89.000
1746.343	80.000
1747.343	82.000
1748.344	86.000
1749.344	79.000
1750.344	101.000
1751.344	98.000
1752.344	102.000
1753.344	85.000
1754.344	84.000
1755.344	88.000
1756.345	89.000
1757.345	90.000
1758.345	104.000
1759.345	113.000
1760.345	79.000
1761.345	85.000
1762.345	94.000
1763.345	88.000
1764.346	90.000
1765.346	93.000
1766.346	94.000
1767.346	85.000
1768.346	82.000
1769.346	87.000
1770.346	77.000
1771.346	82.000
1772.347	89.000
1773.347	101.000
1774.347	103.000
1775.347	96.000
1776.347	63.000
1777.347	95.000
1778.347	81.000
1779.347	95.000
1780.348	86.000
1781.348	99.000
1782.348	103.000
1783.348	77.000
1784.348	100.000
1785.348	86.000
1786.348	96.000
1787.348	89.000
1788.349	96.000
1789.349	106.000
1790.349	87.000
1791.349	85.000
1792.349	99.000
1793.349	106.000
1794.349	94.000
1795.349	86.000
1796.350	98.000
1797.350	107.000
1798.350	110.000
1799.350	93.000
1800.350	81.000
1801.350	100.000
1802.350	83.000
1803.350	95.000
1804.351	95.000
1805.351	87.000
1806.351	86.000
1807.351	99.000
1808.351	100.000
1809.351	88.000
1810.351	97.000
1811.351	105.000
1812.352	107.000
1813.352	103.000
1814.352	98.000
1815.352	104.000
1816.352	92.000
1817.352	89.000
1818.352	85.000
1819.352	107.000
1820.353	97.000
1821.353	87.000
1822.353	104.000
1823.353	86.000
1824.353	103.000
1825.353	85.000
1826.353	86.000
1827.353	97.000
1828.354	110.000
1829.354	93.000
1830.354	74.000
1831.354	104.000
1832.354	88.000
1833.354	97.000
1834.354	95.000
1835.354	93.000
1836.355	93.000
1837.355	74.000
1838.355	93.000
1839.355	92.000
1840.355	86.000
1841.355	79.000
1842.355	98.000
1843.355	96.000
1844.356	96.000
1845.356	101.000
1846.356	76.000
1847.356	101.000
1848.356	87.000
1849.356	91.000
1850.356	102.000
1851.356	106.000
1852.357	86.000
1853.357	102.000
1854.357	106.000
1855.357	99.000
1856.357	103.000
1857.357	97.000
1858.357	75.000
1859.357	87.000
1860.358	85.000
1861.358	96.000
1862.358	94.000
1863.358	104.000
1864.358	105.000
1865.358	99.000
1866.358	101.000
1867.358	98.000
1868.359	85.000
1869.359	109.000
1870.359	97.000
1871.359	110.000
1872.359	84.000
1873.359	90.000
1874.359	103.000
1875.359	80.000
1876.360	115.000
1877.360	85.000
1878.360	109.000
1879.360	93.000
1880.360	100.000
1881.360	103.000
1882.360	97.000
1883.360	111.000
1884.361	119.000
1885.361	110.000
1886.361	96.000
1887.361	107.000
1888.361	102.000
1889.361	79.000
1890.361	94.000
1891.361	93.000
1892.362	105.000
1893.362	91.000
1894.362	81.000
1895.362	96.000
1896.362	104.000
1897.362	100.000
1898.362	99.000
1899.362	94.000
1900.363	100.000
1901.363	105.000
1902.363	99.000
1903.363	109.000
1904.363	99.000
1905.363	106.000
1906.363	91.000
1907.363	99.000
1908.364	103.000
1909.364	92.000
1910.364	98.000
1911.364	107.000
1912.364	117.000
1913.364	97.000
1914.364	101.000
1915.364	106.000
1916.365	97.000
1917.365	112.000
1918.365	94.000
1919.365	89.000
1920.365	95.000
1921.365	92.000
1922.365	91.000
1923.365	95.000
1924.366	102.000
1925.366	78.000
1926.366	112.000
1927.366	85.000
1928.366	96.000
1929.366	94.000
1930.366	97.000
1931.366	95.000
1932.367	81.000
1933.367	93.000
1934.367	96.000
1935.367	117.000
1936.367	92.000
1937.367	105.000
1938.367	89.000
1939.367	100.000
1940.368	121.000
1941.368	102.000
1942.368	95.000
1943.368	91.000
1944.368	84.000
1945.368	95.000
1946.368	105.000
1947.368	99.000
1948.369	97.000
1949.369	105.000
1950.369	98.000
1951.369	113.000
1952.369	103.000
1953.369	90.000
1954.369	102.000
1955.369	106.000
1956.370	82.000
1957.370	83.000
1958.370	98.000
1959.370	98.000
1960.370	104.000
1961.370	116.000
1962.370	100.000
1963.370	110.000
1964.371	89.000
1965.371	93.000
1966.371	93.000
1967.371	121.000
1968.371	106.000
1969.371	107.000
1970.371	107.000
1971.371	103.000
1972.372	92.000
1973.372	91.000
1974.372	101.000
1975.372	98.000
1976.372	120.000
1977.372	119.000
1978.372	113.000
1979.372	99.000
1980.373	97.000
1981.373	115.000
1982.373	110.000
1983.373	109.000
1984.373	95.000
1985.373	108.000
1986.373	108.000
1987.373	101.000
1988.374	92.000
1989.374	123.000
1990.374	106.000
1991.374	106.000
1992.374	99.000
1993.374	106.000
1994.374	106.000
1995.374	104.000
1996.375	120.000
1997.375	103.000
1998.375	112.000
1999.375	127.000
2000.375	120.000
2001.375	117.000
2002.375	116.000
2003.375	120.000
2004.376	103.000
2005.376	95.000
2006.376	107.000
2007.376	102.000
2008.376	105.000
2009.376	111.000
2010.376	95.000
2011.376	88.000
2012.377	106.000
2013.377	103.000
2014.377	100.000
2015.377	105.000
2016.377	92.000
2017.377	94.000
2018.377	108.000
2019.377	117.000
2020.378	97.000
2021.378	125.000
2022.378	117.000
2023.378	100.000
2024.378	106.000
2025.378	122.000
2026.378	113.000
2027.378	109.000
2028.379	107.000
2029.379	97.000
2030.379	130.000
2031.379	106.000
2032.379	125.000
2033.379	110.000
2034.379	96.000
2035.379	101.000
2036.380	112.000
2037.380	106.000
2038.380	106.000
2039.380	124.000
2040.380	99.000
2041.380	100.000
2042.380	119.000
2043.380	127.000
2044.381	109.000
2045.381	102.000
2046.381	129.000
2047.381	110.000
2048.381	108.000
2049.381	115.000
2050.381	93.000
2051.381	91.000
2052.382	107.000
2053.382	96.000
2054.382	101.000
2055.382	93.000
2056.382	89.000
2057.382	109.000
2058.382	102.000
2059.382	113.000
2060.383	113.000
2061.383	113.000
2062.383	100.000
2063.383	109.000
2064.383	111.000
2065.383	109.000
2066.383	110.000
2067.383	128.000
2068.384	106.000
2069.384	117.000
2070.384	115.000
2071.384	113.000
2072.384	133.000
2073.384	126.000
2074.384	114.000
2075.384	104.000
2076.385	104.000
2077.385	106.000
2078.385	114.000
2079.385	117.000
2080.385	108.000
2081.385	99.000
2082.385	143.000
2083.385	109.000
2084.386	120.000
2085.386	113.000
2086.386	127.000
2087.386	112.000
2088.386	113.000
2089.386	101.000
2090.386	135.000
2091.386	117.000
2092.387	107.000
2093.387	139.000
2094.387	123.000
2095.387	108.000
2096.387	104.000
2097.387	108.000
2098.387	125.000
2099.387	98.000
2100.388	105.000
2101.388	105.000
2102.388	135.000
2103.388	117.000
2104.388	115.000
2105.388	112.000
2106.388	126.000
2107.388	97.000
2108.389	92.000
2109.389	138.000
2110.389	123.000
2111.389	116.000
2112.389	109.000
2113.389	110.000
2114.389	125.000
2115.389	119.000
2116.390	110.000
2117.390	134.000
2118.390	128.000
2119.390	101.000
2120.390	127.000
2121.390	142.000
2122.390	117.000
2123.390	109.000
2124.391	130.000
2125.391	123.000
2126.391	127.000
2127.391	136.000
2128.391	127.000
2129.391	133.000
2130.391	114.000
2131.391	120.000
2132.392	117.000
2133.392	101.000
2134.392	114.000
2135.392	121.000
2136.392	128.000
2137.392	120.000
2138.392	103.000
2139.392	130.000
2140.393	118.000
2141.393	118.000
2142.393	115.000
2143.393	122.000
2144.393	115.000
2145.393	119.000
2146.393	144.000
2147.393	120.000
2148.394	124.000
2149.394	139.000
2150.394	123.000
2151.394	143.000
2152.394	112.000
2153.394	117.000
2154.394	120.000
2155.394	123.000
2156.395	121.000
2157.395	132.000
2158.395	137.000
2159.395	118.000
2160.395	138.000
2161.395	125.000
2162.395	141.000
2163.395	137.000
2164.396	103.000
2165.396	149.000
2166.396	141.000
2167.396	115.000
2168.396	128.000
2169.396	139.000
2170.396	141.000
2171.396	149.000
2172.397	130.000
2173.397	134.000
2174.397	122.000
2175.397	120.000
2176.397	131.000
2177.397	152.000
2178.397	144.000
2179.397	130.000
2180.398	130.000
2181.398	154.000
2182.398	130.000
2183.398	115.000
2184.398	116.000
2185.398	137.000
2186.398	138.000
2187.398	139.000
2188.399	142.000
2189.399	121.000
2190.399	146.000
2191.399	151.000
2192.399	136.000
2193.399	139.000
2194.399	148.000
2195.399	136.000
2196.400	131.000
2197.400	147.000
2198.400	127.000
2199.400	125.000
2200.400	114.000
2201.400	132.000
2202.400	134.000
2203.400	149.000
2204.401	143.000
2205.401	124.000
2206.401	140.000
2207.401	135.000
2208.401	141.000
2209.401	144.000
2210.401	143.000
2211.401	143.000
2212.402	149.000
2213.402	120.000
2214.402	140.000
2215.402	136.000
2216.402	135.000
2217.402	147.000
2218.402	149.000
2219.402	160.000
2220.403	147.000
2221.403	144.000
2222.403	161.000
2223.403	158.000
2224.403	132.000
2225.403	125.000
2226.403	138.000
2227.403	142.000
2228.404	160.000
2229.404	178.000
2230.404	139.000
2231.404	137.000
2232.404	166.000
2233.404	160.000
2234.404	152.000
2235.404	147.000
2236.405	133.000
2237.405	137.000
2238.405	126.000
2239.405	133.000
2240.405	141.000
2241.405	157.000
2242.405	151.000
2243.405	145.000
2244.406	155.000
2245.406	139.000
2246.406	172.000
2247.406	143.000
2248.406	155.000
2249.406	145.000
2250.406	160.000
2251.406	159.000
2252.407	152.000
2253.407	150.000
2254.407	148.000
2255.407	156.000
2256.407	159.000
2257.407	136.000
2258.407	185.000
2259.407	154.000
2260.408	153.000
2261.408	153.000
2262.408	160.000
2263.408	180.000
2264.408	171.000
2265.408	154.000
2266.408	155.000
2267.408	149.000
2268.409	174.000
2269.409	161.000
2270.409	154.000
2271.409	157.000
2272.409	166.000
2273.409	162.000
2274.409	172.000
2275.409	164.000
2276.410	164.000
2277.410	158.000
2278.410	143.000
2279.410	173.000
2280.410	176.000
2281.410	156.000
2282.410	164.000
2283.410	178.000
2284.411	162.000
2285.411	179.000
2286.411	156.000
2287.411	161.000
2288.411	169.000
2289.411	159.000
2290.411	170.000
2291.411	178.000
2292.412	191.000
2293.412	191.000
2294.412	166.000
2295.412	173.000
2296.412	173.000
2297.412	162.000
2298.412	178.000
2299.412	160.000
2300.413	171.000
2301.413	177.000
2302.413	164.000
2303.413	178.000
2304.413	164.000
2305.413	187.000
2306.413	160.000
2307.413	173.000
2308.414	173.000
2309.414	185.000
2310.414	163.000
2311.414	173.000
2312.414	172.000
2313.414	184.000
2314.414	179.000
2315.414	195.000
2316.415	200.000
2317.415	201.000
2318.415	196.000
2319.415	197.000
2320.415	178.000
2321.415	193.000
2322.415	204.000
2323.415	191.000
2324.416	192.000
2325.416	198.000
2326.416	192.000
2327.416	178.000
2328.416	169.000
2329.416	208.000
2330.416	194.000
2331.416	200.000
2332.417	194.000
2333.417	215.000
2334.417	202.000
2335.417	192.000
2336.417	190.000
2337.417	216.000
2338.417	196.000
2339.417	175.000
2340.418	199.000
2341.418	187.000
2342.418	191.000
2343.418	193.000
2344.418	200.000
2345.418	215.000
2346.418	210.000
2347.418	200.000
2348.419	210.000
2349.419	156.000
2350.419	194.000
2351.419	184.000
2352.419	174.000
2353.419	193.000
2354.419	199.000
2355.419	187.000
2356.420	212.000
2357.420	220.000
2358.420	187.000
2359.420	231.000
2360.420	218.000
2361.420	203.000
2362.420	182.000
2363.420	196.000
2364.421	189.000
2365.421	200.000
2366.421	226.000
2367.421	214.000
2368.421	189.000
2369.421	198.000
2370.421	203.000
2371.421	225.000
2372.422	202.000
2373.422	191.000
2374.422	197.000
2375.422	186.000
2376.422	211.000
2377.422	197.000
2378.422	212.000
2379.422	213.000
2380.423	233.000
2381.423	208.000
2382.423	190.000
2383.423	203.000
2384.423	217.000
2385.423	169.000
2386.423	218.000
2387.423	201.000
2388.424	228.000
2389.424	211.000
2390.424	199.000
2391.424	228.000
2392.424	253.000
2393.424	227.000
2394.424	209.000
2395.424	216.000
2396.425	190.000
2397.425	220.000
2398.425	207.000
2399.425	186.000
2400.425	215.000
2401.425	209.000
2402.425	209.000
2403.425	186.000
2404.426	230.000
2405.426	228.000
2406.426	228.000
2407.426	195.000
2408.426	219.000
2409.426	225.000
2410.426	224.000
2411.426	247.000
2412.427	215.000
2413.427	229.000
2414.427	208.000
2415.427	226.000
2416.427	257.000
2417.427	201.000
2418.427	213.000
2419.427	202.000
2420.428	244.000
2421.428	208.000
2422.428	243.000
2423.428	207.000
2424.428	219.000
2425.428	231.000
2426.428	233.000
2427.428	220.000
2428.429	219.000
2429.429	214.000
2430.429	237.000
2431.429	215.000
2432.429	232.000
2433.429	227.000
2434.429	239.000
2435.429	225.000
2436.430	231.000
2437.430	213.000
2438.430	226.000
2439.430	238.000
2440.430	262.000
2441.430	243.000
2442.430	198.000
2443.430	235.000
2444.431	235.000
2445.431	220.000
2446.431	237.000
2447.431	218.000
2448.431	236.000
2449.431	218.000
2450.431	251.000
2451.431	244.000
2452.432	237.000
2453.432	240.000
2454.432	215.000
2455.432	235.000
2456.432	202.000
2457.432	223.000
2458.432	234.000
2459.432	222.000
2460.433	237.000
2461.433	278.000
2462.433	245.000
2463.433	228.000
2464.433	220.000
2465.433	221.000
2466.433	222.000
2467.433	242.000
2468.434	228.000
2469.434	225.000
2470.434	250.000
2471.434	243.000
2472.434	238.000
2473.434	234.000
2474.434	217.000
2475.434	245.000
2476.435	245.000
2477.435	255.000
2478.435	234.000
2479.435	253.000
2480.435	224.000
2481.435	244.000
2482.435	238.000
2483.435	221.000
2484.436	249.000
2485.436	256.000
2486.436	229.000
2487.436	252.000
2488.436	223.000
2489.436	244.000
2490.436	240.000
2491.436	238.000
2492.437	234.000
2493.437	249.000
2494.437	217.000
2495.437	252.000
2496.437	233.000
2497.437	241.000
2498.437	231.000
2499.437	251.000
2500.438	272.000
2501.438	253.000
2502.438	270.000
2503.438	216.000
2504.438	246.000
2505.438	265.000
2506.438	240.000
2507.438	261.000
2508.439	269.000
2509.439	255.000
2510.439	270.000
2511.439	263.000
2512.439	244.000
2513.439	256.000
2514.439	267.000
2515.439	251.000
2516.440	256.000
2517.440	257.000
2518.440	247.000
2519.440	269.000
2520.440	279.000
2521.440	262.000
2522.440	273.000
2523.440	260.000
2524.441	278.000
2525.441	279.000
2526.441	244.000
2527.441	291.000
2528.441	278.000
2529.441	282.000
2530.441	259.000
2531.441	312.000
2532.442	273.000
2533.442	284.000
2534.442	325.000
2535.442	249.000
2536.442	275.000
2537.442	265.000
2538.442	267.000
2539.442	279.000
2540.443	262.000
2541.443	314.000
2542.443	264.000
2543.443	292.000
2544.443	277.000
2545.443	342.000
2546.443	302.000
2547.443	308.000
2548.444	294.000
2549.444	308.000
2550.444	298.000
2551.444	307.000
2552.444	318.000
2553.444	339.000
2554.444	312.000
2555.444	327.000
2556.445	341.000
2557.445	335.000
2558.445	330.000
2559.445	330.000
2560.445	349.000
2561.445	317.000
2562.445	346.000
2563.445	339.000
2564.446	321.000
2565.446	349.000
2566.446	350.000
2567.446	304.000
2568.446	350.000
2569.446	387.000
2570.446	347.000
2571.446	343.000
2572.447	341.000
2573.447	383.000
2574.447	368.000
2575.447	357.000
2576.447	330.000
2577.447	360.000
2578.447	395.000
2579.447	391.000
2580.448	367.000
2581.448	426.000
2582.448	353.000
2583.448	377.000
2584.448	373.000
2585.448	357.000
2586.448	390.000
2587.448	383.000
2588.449	356.000
2589.449	372.000
2590.449	401.000
2591.449	418.000
2592.449	403.000
2593.449	380.000
2594.449	401.000
2595.449	393.000
2596.450	426.000
2597.450	411.000
2598.450	424.000
2599.450	447.000
2600.450	434.000
2601.450	445.000
2602.450	392.000
2603.450	400.000
2604.451	438.000
2605.451	463.000
2606.451	420.000
2607.451	421.000
2608.451	409.000
2609.451	415.000
2610.451	448.000
2611.451	405.000
2612.452	444.000
2613.452	465.000
2614.452	412.000
2615.452	460.000
2616.452	471.000
2617.452	493.000
2618.452	425.000
2619.452	459.000
2620.453	469.000
2621.453	443.000
2622.453	486.000
2623.453	497.000
2624.453	444.000
2625.453	471.000
2626.453	482.000
2627.453	498.000
2628.454	444.000
2629.454	396.000
2630.454	544.000
2631.454	450.000
2632.454	480.000
2633.454	449.000
2634.454	451.000
2635.454	477.000
2636.455	476.000
2637.455	482.000
2638.455	479.000
2639.455	483.000
2640.455	487.000
2641.455	501.000
2642.455	498.000
2643.455	462.000
2644.456	482.000
2645.456	470.000
2646.456	495.000
2647.456	462.000
2648.456	467.000
2649.456	449.000
2650.456	512.000
2651.456	487.000
2652.457	514.000
2653.457	493.000
2654.457	497.000
2655.457	514.000
2656.457	529.000
2657.457	530.000
2658.457	444.000
2659.457	532.000
2660.458	518.000
2661.458	499.000
2662.458	511.000
2663.458	488.000
2664.458	480.000
2665.458	520.000
2666.458	528.000
2667.458	501.000
2668.459	486.000
2669.459	499.000
2670.459	484.000
2671.459	509.000
2672.459	492.000
2673.459	512.000
2674.459	515.000
2675.459	502.000
2676.460	457.000
2677.460	498.000
2678.460	494.000
2679.460	487.000
2680.460	492.000
2681.460	490.000
2682.460	486.000
2683.460	447.000
2684.461	478.000
2685.461	501.000
2686.461	469.000
2687.461	490.000
2688.461	473.000
2689.461	514.000
2690.461	466.000
2691.461	497.000
2692.462	455.000
2693.462	483.000
2694.462	453.000
2695.462	469.000
2696.462	475.000
2697.462	459.000
2698.462	475.000
2699.462	444.000
2700.463	478.000
2701.463	456.000
2702.463	432.000
2703.463	464.000
2704.463	483.000
2705.463	457.000
2706.463	435.000
2707.463	487.000
2708.464	444.000
2709.464	478.000
2710.464	425.000
2711.464	449.000
2712.464	415.000
2713.464	456.000
2714.464	440.000
2715.464	442.000
2716.465	452.000
2717.465	378.000
2718.465	433.000
2719.465	459.000
2720.465	417.000
2721.465	434.000
2722.465	403.000
2723.465	418.000
2724.466	385.000
2725.466	390.000
2726.466	408.000
2727.466	371.000
2728.466	345.000
2729.466	387.000
2730.466	400.000
2731.466	386.000
2732.467	404.000
2733.467	383.000
2734.467	401.000
2735.467	391.000
2736.467	386.000
2737.467	363.000
2738.467	386.000
2739.467	398.000
2740.468	346.000
2741.468	321.000
2742.468	338.000
2743.468	328.000
2744.468	354.000
2745.468	328.000
2746.468	340.000
2747.468	353.000
2748.469	341.000
2749.469	322.000
2750.469	324.000
2751.469	338.000
2752.469	344.000
2753.469	334.000
2754.469	349.000
2755.469	303.000
2756.470	299.000
2757.470	282.000
2758.470	345.000
2759.470	290.000
2760.470	329.000
2761.470	272.000
2762.470	291.000
2763.470	290.000
2764.471	256.000
2765.471	299.000
2766.471	287.000
2767.471	285.000
2768.471	289.000
2769.471	294.000
2770.471	275.000
2771.471	252.000
2772.472	274.000
2773.472	254.000
2774.472	270.000
2775.472	241.000
2776.472	257.000
2777.472	217.000
2778.472	255.000
2779.472	257.000
2780.473	226.000
2781.473	231.000
2782.473	210.000
2783.473	226.000
2784.473	234.000
2785.473	226.000
2786.473	218.000
2787.473	245.000
2788.474	230.000
2789.474	211.000
2790.474	237.000
2791.474	249.000
2792.474	233.000
2793.474	201.000
2794.474	229.000
2795.474	206.000
2796.475	204.000
2797.475	195.000
2798.475	195.000
2799.475	184.000
2800.475	212.000
2801.475	189.000
2802.475	180.000
2803.475	177.000
2804.476	169.000
2805.476	153.000
2806.476	178.000
2807.476	165.000
2808.476	163.000
2809.476	176.000
2810.476	164.000
2811.476	161.000
2812.477	160.000
2813.477	180.000
2814.477	169.000
2815.477	147.000
2816.477	160.000
2817.477	167.000
2818.477	151.000
2819.477	147.000
2820.478	158.000
2821.478	118.000
2822.478	141.000
2823.478	144.000
2824.478	129.000
2825.478	118.000
2826.478	138.000
2827.478	140.000
2828.479	148.000
2829.479	119.000
2830.479	124.000
2831.479	117.000
2832.479	115.000
2833.479	141.000
2834.479	127.000
2835.479	123.000
2836.480	114.000
2837.480	102.000
2838.480	118.000
2839.480	96.000
2840.480	106.000
2841.480	122.000
2842.480	108.000
2843.480	129.000
2844.481	121.000
2845.481	123.000
2846.481	105.000
2847.481	117.000
2848.481	119.000
2849.481	102.000
2850.481	101.000
2851.481	104.000
2852.482	100.000
2853.482	104.000
2854.482	75.000
2855.482	99.000
2856.482	94.000
2857.482	89.000
2858.482	84.000
2859.482	107.000
2860.483	100.000
2861.483	77.000
2862.483	101.000
2863.483	103.000
2864.483	89.000
2865.483	98.000
2866.483	82.000
2867.483	86.000
2868.484	71.000
2869.484	69.000
2870.484	92.000
2871.484	87.000
2872.484	91.000
2873.484	87.000
2874.484	80.000
2875.484	71.000
2876.485	86.000
2877.485	73.000
2878.485	93.000
2879.485	67.000
2880.485	78.000
2881.485	86.000
2882.485	83.000
2883.485	80.000
2884.486	85.000
2885.486	80.000
2886.486	82.000
2887.486	86.000
2888.486	76.000
2889.486	91.000
2890.486	74.000
2891.486	66.000
2892.487	79.000
2893.487	78.000
2894.487	89.000
2895.487	61.000
2896.487	61.000
2897.487	66.000
2898.487	68.000
2899.487	79.000
2900.488	67.000
2901.488	78.000
2902.488	76.000
2903.488	78.000
2904.488	77.000
2905.488	76.000
2906.488	80.000
2907.488	72.000
2908.489	69.000
2909.489	92.000
2910.489	58.000
2911.489	72.000
2912.489	90.000
2913.489	66.000
2914.489	60.000
2915.489	66.000
2916.490	83.000
2917.490	61.000
2918.490	84.000
2919.490	67.000
2920.490	75.000
2921.490	82.000
2922.490	80.000
2923.490	84.000
2924.491	68.000
2925.491	66.000
2926.491	73.000
2927.491	61.000
2928.491	64.000
2929.491	56.000
2930.491	83.000
2931.491	80.000
2932.492	70.000
2933.492	57.000
2934.492	74.000
2935.492	71.000
2936.492	84.000
2937.492	65.000
2938.492	75.000
2939.492	70.000
2940.493	60.000
2941.493	83.000
2942.493	81.000
2943.493	56.000
2944.493	60.000
2945.493	83.000
2946.493	78.000
2947.493	73.000
2948.494	63.000
2949.494	79.000
2950.494	57.000
2951.494	69.000
2952.494	63.000
2953.494	73.000
2954.494	81.000
2955.494	92.000
2956.495	65.000
2957.495	66.000
2958.495	79.000
2959.495	63.000
2960.495	63.000
2961.495	67.000
2962.495	69.000
2963.495	82.000
2964.496	53.000
2965.496	59.000
2966.496	77.000
2967.496	61.000
2968.496	85.000
2969.496	67.000
2970.496	75.000
2971.496	71.000
2972.497	60.000
2973.497	68.000
2974.497	60.000
2975.497	80.000
2976.497	68.000
2977.497	84.000
2978.497	77.000
2979.497	76.000
2980.498	88.000
2981.498	69.000
2982.498	55.000
2983.498	77.000
2984.498	80.000
2985.498	57.000
2986.498	69.000
2987.498	82.000
2988.499	71.000
2989.499	56.000
2990.499	67.000
2991.499	59.000
2992.499	69.000
2993.499	81.000
2994.499	55.000
2995.499	64.000
2996.500	67.000
2997.500	74.000
2998.500	81.000
2999.500	90.000
