-1000.000	0.000
-999.000	0.000
-998.000	0.000
-997.000	0.000
-996.000	0.000
-995.000	0.000
-993.999	0.000
-992.999	0.000
-991.999	0.000
-990.999	0.000
-989.999	0.000
-988.999	0.000
-987.999	0.000
-986.999	0.000
-985.999	0.000
-984.999	0.000
-983.999	0.000
-982.999	0.000
-981.998	0.000
-980.998	0.000
-979.998	0.000
-978.998	0.000
-977.998	0.000
-976.998	0.000
-975.998	0.000
-974.998	0.000
-973.998	0.000
-972.998	0.000
-971.998	0.000
-970.998	0.000
-969.997	0.000
-968.997	0.000
-967.997	0.000
-966.997	0.000
-965.997	0.000
-964.997	0.000
-963.997	0.000
-962.997	0.000
-961.997	0.000
-960.997	0.000
-959.997	0.000
-958.997	0.000
-957.996	0.000
-956.996	0.000
-955.996	0.000
-954.996	0.000
-953.996	0.000
-952.996	0.000
-951.996	0.000
-950.996	0.000
-949.996	0.000
-948.996	0.000
-947.996	0.000
-946.996	0.000
-945.995	0.000
-944.995	0.000
-943.995	0.000
-942.995	0.000
-941.995	0.000
-940.995	0.000
-939.995	0.000
-938.995	0.000
-937.995	0.000
-936.995	0.000
-935.995	0.000
-934.995	0.000
-933.994	0.000
-932.994	0.000
-931.994	0.000
-930.994	0.000
-929.994	0.000
-928.994	0.000
-927.994	0.000
-926.994	0.000
-925.994	0.000
-924.994	0.000
-923.994	0.000
-922.994	0.000
-921.993	0.000
-920.993	0.000
-919.993	0.000
-918.993	0.000
-917.993	0.000
-916.993	0.000
-915.993	0.000
-914.993	0.000
-913.993	0.000
-912.993	0.000
-911.993	0.000
-910.993	0.000
-909.992	0.000
-908.992	0.000
-907.992	0.000
-906.992	0.000
-905.992	0.000
-904.992	0.000
-903.992	0.000
-902.992	0.000
-901.992	0.000
-900.992	0.000
-899.992	0.000
-898.992	0.000
-897.991	0.000
-896.991	0.000
-895.991	0.000
-894.991	0.000
-893.991	0.000
-892.991	0.000
-891.991	0.000
-890.991	0.000
-889.991	0.000
-888.991	0.000
-887.991	0.000
-886.991	0.000
-885.990	0.000
-884.990	0.000
-883.990	0.000
-882.990	0.000
-881.990	0.000
-880.990	0.000
-879.990	0.000
-878.990	0.000
-877.990	0.000
-876.990	0.000
-875.990	0.000
-874.990	0.000
-873.989	0.000
-872.989	0.000
-871.989	0.000
-870.989	0.000
-869.989	0.000
-868.989	0.000
-867.989	0.000
-866.989	0.000
-865.989	0.000
-864.989	0.000
-863.989	0.000
-862.989	0.000
-861.988	0.000
-860.988	0.000
-859.988	0.000
-858.988	0.000
-857.988	0.000
-856.988	0.000
-855.988	0.000
-854.988	0.000
-853.988	0.000
-852.988	0.000
-851.988	0.000
-850.988	0.000
-849.987	0.000
-848.987	0.000
-847.987	0.000
-846.987	0.000
-845.987	0.000
-844.987	0.000
-843.987	0.000
-842.987	0.000
-841.987	0.000
-840.987	0.000
-839.987	0.000
-838.987	0.000
-837.986	0.000
-836.986	0.000
-835.986	0.000
-834.986	0.000
-833.986	0.000
-832.986	0.000
-831.986	0.000
-830.986	0.000
-829.986	0.000
-828.986	0.000
-827.986	0.000
-826.986	0.000
-825.985	0.000
-824.985	0.000
-823.985	0.000
-822.985	0.000
-821.985	0.000
-820.985	0.000
-819.985	0.000
-818.985	0.000
-817.985	0.000
-816.985	0.000
-815.985	0.000
-814.985	0.000
-813.984	0.000
-812.984	0.000
-811.984	0.000
-810.984	0.000
-809.984	0.000
-808.984	0.000
-807.984	0.000
-806.984	0.000
-805.984	0.000
-804.984	0.000
-803.984	0.000
-802.984	0.000
-801.983	0.000
-800.983	0.000
-799.983	0.000
-798.983	0.000
-797.983	0.000
-796.983	0.000
-795.983	0.000
-794.983	0.000
-793.983	0.000
-792.983	0.000
-791.983	0.000
-790.983	0.000
-789.982	0.000
-788.982	0.000
-787.982	0.000
-786.982	0.000
-785.982	0.000
-784.982	0.000
-783.982	0.000
-782.982	0.000
-781.982	0.000
-780.982	0.000
-779.982	0.000
-778.982	0.000
-777.981	0.000
-776.981	0.000
-775.981	0.000
-774.981	0.000
-773.981	0.000
-772.981	0.000
-771.981	0.000
-770.981	0.000
-769.981	0.000
-768.981	0.000
-767.981	0.000
-766.981	0.000
-765.980	0.000
-764.980	0.000
-763.980	0.000
-762.980	0.000
-761.980	0.000
-760.980	0.000
-759.980	0.000
-758.980	0.000
-757.980	0.000
-756.980	0.000
-755.980	0.000
-754.980	0.000
-753.979	0.000
-752.979	0.000
-751.979	0.000
-750.979	0.000
-749.979	0.000
-748.979	0.000
-747.979	0.000
-746.979	0.000
-745.979	0.000
-744.979	0.000
-743.979	0.000
-742.979	0.000
-741.978	0.000
-740.978	0.000
-739.978	0.000
-738.978	0.000
-737.978	0.000
-736.978	0.000
-735.978	0.000
-734.978	0.000
-733.978	0.000
-732.978	0.000
-731.978	0.000
-730.978	0.000
-729.977	0.000
-728.977	0.000
-727.977	0.000
-726.977	0.000
-725.977	0.000
-724.977	0.000
-723.977	0.000
-722.977	0.000
-721.977	0.000
-720.977	0.000
-719.977	0.000
-718.977	0.000
-717.976	0.000
-716.976	0.000
-715.976	0.000
-714.976	0.000
-713.976	0.000
-712.976	0.000
-711.976	0.000
-710.976	0.000
-709.976	0.000
-708.976	0.000
-707.976	0.000
-706.976	0.000
-705.975	0.000
-704.975	0.000
-703.975	0.000
-702.975	0.000
-701.975	0.000
-700.975	0.000
-699.975	0.000
-698.975	0.000
-697.975	0.000
-696.975	0.000
-695.975	0.000
-694.975	0.000
-693.974	0.000
-692.974	0.000
-691.974	0.000
-690.974	0.000
-689.974	0.000
-688.974	0.000
-687.974	0.000
-686.974	0.000
-685.974	0.000
-684.974	0.000
-683.974	0.000
-682.974	0.000
-681.973	0.000
-680.973	0.000
-679.973	0.000
-678.973	0.000
-677.973	0.000
-676.973	0.000
-675.973	0.000
-674.973	0.000
-673.973	0.000
-672.973	0.000
-671.973	0.000
-670.973	0.000
-669.972	0.000
-668.972	0.000
-667.972	0.000
-666.972	0.000
-665.972	0.000
-664.972	0.000
-663.972	0.000
-662.972	0.000
-661.972	0.000
-660.972	0.000
-659.972	0.000
-658.972	0.000
-657.971	0.000
-656.971	0.000
-655.971	0.000
-654.971	0.000
-653.971	0.000
-652.971	0.000
-651.971	0.000
-650.971	0.000
-649.971	0.000
-648.971	0.000
-647.971	0.000
-646.971	0.000
-645.970	0.000
-644.970	0.000
-643.970	0.000
-642.970	0.000
-641.970	0.000
-640.970	0.000
-639.970	0.000
-638.970	0.000
-637.970	0.000
-636.970	0.000
-635.970	0.000
-634.970	0.000
-633.969	0.000
-632.969	0.000
-631.969	0.000
-630.969	0.000
-629.969	0.000
-628.969	0.000
-627.969	0.000
-626.969	0.000
-625.969	0.000
-624.969	0.000
-623.969	0.000
-622.969	0.000
-621.968	0.000
-620.968	0.000
-619.968	0.000
-618.968	0.000
-617.968	0.000
-616.968	0.000
-615.968	0.000
-614.968	0.000
-613.968	0.000
-612.968	0.000
-611.968	0.000
-610.968	0.000
-609.967	0.000
-608.967	0.000
-607.967	0.000
-606.967	0.000
-605.967	0.000
-604.967	0.000
-603.967	0.000
-602.967	0.000
-601.967	0.000
-600.967	0.000
-599.967	0.000
-598.967	0.000
-597.966	0.000
-596.966	0.000
-595.966	0.000
-594.966	0.000
-593.966	0.000
-592.966	0.000
-591.966	0.000
-590.966	0.000
-589.966	0.000
-588.966	0.000
-587.966	0.000
-586.966	0.000
-585.965	0.000
-584.965	0.000
-583.965	0.000
-582.965	0.000
-581.965	0.000
-580.965	0.000
-579.965	0.000
-578.965	0.000
-577.965	0.000
-576.965	0.000
-575.965	0.000
-574.965	0.000
-573.964	0.000
-572.964	0.000
-571.964	0.000
-570.964	0.000
-569.964	0.000
-568.964	0.000
-567.964	0.000
-566.964	0.000
-565.964	0.000
-564.964	0.000
-563.964	0.000
-562.964	0.000
-561.963	0.000
-560.963	0.000
-559.963	0.000
-558.963	0.000
-557.963	0.000
-556.963	0.000
-555.963	0.000
-554.963	0.000
-553.963	0.000
-552.963	0.000
-551.963	0.000
-550.963	0.000
-549.962	0.000
-548.962	0.000
-547.962	0.000
-546.962	0.000
-545.962	0.000
-544.962	0.000
-543.962	0.000
-542.962	0.000
-541.962	0.000
-540.962	0.000
-539.962	0.000
-538.962	0.000
-537.961	0.000
-536.961	0.000
-535.961	0.000
-534.961	0.000
-533.961	0.000
-532.961	0.000
-531.961	0.000
-530.961	0.000
-529.961	0.000
-528.961	0.000
-527.961	0.000
-526.961	0.000
-525.960	0.000
-524.960	0.000
-523.960	0.000
-522.960	0.000
-521.960	0.000
-520.960	0.000
-519.960	0.000
-518.960	0.000
-517.960	0.000
-516.960	0.000
-515.960	0.000
-514.960	0.000
-513.959	0.000
-512.959	0.000
-511.959	0.000
-510.959	0.000
-509.959	0.000
-508.959	0.000
-507.959	0.000
-506.959	0.000
-505.959	0.000
-504.959	0.000
-503.959	0.000
-502.959	0.000
-501.958	0.000
-500.958	0.000
-499.958	0.000
-498.958	0.000
-497.958	0.000
-496.958	0.000
-495.958	0.000
-494.958	0.000
-493.958	0.000
-492.958	0.000
-491.958	0.000
-490.958	0.000
-489.957	0.000
-488.957	0.000
-487.957	0.000
-486.957	0.000
-485.957	0.000
-484.957	0.000
-483.957	0.000
-482.957	0.000
-481.957	0.000
-480.957	0.000
-479.957	0.000
-478.957	0.000
-477.956	0.000
-476.956	0.000
-475.956	0.000
-474.956	0.000
-473.956	0.000
-472.956	0.000
-471.956	0.000
-470.956	0.000
-469.956	0.000
-468.956	0.000
-467.956	0.000
-466.956	0.000
-465.955	0.000
-464.955	0.000
-463.955	0.000
-462.955	0.000
-461.955	0.000
-460.955	0.000
-459.955	0.000
-458.955	0.000
-457.955	0.000
-456.955	0.000
-455.955	0.000
-454.955	0.000
-453.954	0.000
-452.954	0.000
-451.954	0.000
-450.954	0.000
-449.954	0.000
-448.954	0.000
-447.954	0.000
-446.954	0.000
-445.954	0.000
-444.954	0.000
-443.954	0.000
-442.954	0.000
-441.953	0.000
-440.953	0.000
-439.953	0.000
-438.953	0.000
-437.953	0.000
-436.953	0.000
-435.953	0.000
-434.953	0.000
-433.953	0.000
-432.953	0.000
-431.953	0.000
-430.953	0.000
-429.952	0.000
-428.952	0.000
-427.952	0.000
-426.952	0.000
-425.952	0.000
-424.952	0.000
-423.952	0.000
-422.952	0.000
-421.952	0.000
-420.952	0.000
-419.952	0.000
-418.952	0.000
-417.951	0.000
-416.951	0.000
-415.951	0.000
-414.951	0.000
-413.951	0.000
-412.951	0.000
-411.951	0.000
-410.951	0.000
-409.951	0.000
-408.951	0.000
-407.951	0.000
-406.951	0.000
-405.950	0.000
-404.950	0.000
-403.950	0.000
-402.950	0.000
-401.950	0.000
-400.950	0.000
-399.950	0.000
-398.950	0.000
-397.950	0.000
-396.950	0.000
-395.950	0.000
-394.950	0.000
-393.949	0.000
-392.949	0.000
-391.949	0.000
-390.949	0.000
-389.949	0.000
-388.949	0.000
-387.949	0.000
-386.949	0.000
-385.949	0.000
-384.949	0.000
-383.949	0.000
-382.949	0.000
-381.948	0.000
-380.948	0.000
-379.948	0.000
-378.948	0.000
-377.948	0.000
-376.948	0.000
-375.948	0.000
-374.948	0.000
-373.948	0.000
-372.948	0.000
-371.948	0.000
-370.948	0.000
-369.947	0.000
-368.947	0.000
-367.947	0.000
-366.947	0.000
-365.947	0.000
-364.947	0.000
-363.947	0.000
-362.947	0.000
-361.947	0.000
-360.947	0.000
-359.947	0.000
-358.947	0.000
-357.946	0.000
-356.946	0.000
-355.946	0.000
-354.946	0.000
-353.946	0.000
-352.946	0.000
-351.946	0.000
-350.946	0.000
-349.946	0.000
-348.946	0.000
-347.946	0.000
-346.946	0.000
-345.945	0.000
-344.945	0.000
-343.945	0.000
-342.945	0.000
-341.945	0.000
-340.945	0.000
-339.945	0.000
-338.945	0.000
-337.945	0.000
-336.945	0.000
-335.945	0.000
-334.945	0.000
-333.944	0.000
-332.944	0.000
-331.944	0.000
-330.944	0.000
-329.944	0.000
-328.944	0.000
-327.944	0.000
-326.944	0.000
-325.944	0.000
-324.944	0.000
-323.944	0.000
-322.944	0.000
-321.943	0.000
-320.943	0.000
-319.943	0.000
-318.943	0.000
-317.943	0.000
-316.943	0.000
-315.943	0.000
-314.943	0.000
-313.943	0.000
-312.943	0.000
-311.943	0.000
-310.943	0.000
-309.942	0.000
-308.942	0.000
-307.942	0.000
-306.942	0.000
-305.942	0.000
-304.942	0.000
-303.942	0.000
-302.942	0.000
-301.942	0.000
-300.942	0.000
-299.942	0.000
-298.942	0.000
-297.941	0.000
-296.941	0.000
-295.941	0.000
-294.941	0.000
-293.941	0.000
-292.941	0.000
-291.941	0.000
-290.941	0.000
-289.941	0.000
-288.941	0.000
-287.941	0.000
-286.941	0.000
-285.940	0.000
-284.940	0.000
-283.940	0.000
-282.940	0.000
-281.940	0.000
-280.940	0.000
-279.940	0.000
-278.940	0.000
-277.940	0.000
-276.940	0.000
-275.940	0.000
-274.940	0.000
-273.939	0.000
-272.939	0.000
-271.939	0.000
-270.939	0.000
-269.939	0.000
-268.939	0.000
-267.939	0.000
-266.939	0.000
-265.939	0.000
-264.939	0.000
-263.939	0.000
-262.939	0.000
-261.938	0.000
-260.938	0.000
-259.938	0.000
-258.938	0.000
-257.938	0.000
-256.938	0.000
-255.938	0.000
-254.938	0.000
-253.938	0.000
-252.938	0.000
-251.938	0.000
-250.938	0.000
-249.937	0.000
-248.937	0.000
-247.937	0.000
-246.937	0.000
-245.937	0.000
-244.937	0.000
-243.937	0.000
-242.937	0.000
-241.937	0.000
-240.937	0.000
-239.937	0.000
-238.937	0.000
-237.936	0.000
-236.936	0.000
-235.936	0.000
-234.936	0.000
-233.936	0.000
-232.936	0.000
-231.936	0.000
-230.936	0.000
-229.936	0.000
-228.936	0.000
-227.936	0.000
-226.936	0.000
-225.935	0.000
-224.935	0.000
-223.935	0.000
-222.935	0.000
-221.935	0.000
-220.935	0.000
-219.935	0.000
-218.935	0.000
-217.935	0.000
-216.935	0.000
-215.935	0.000
-214.935	0.000
-213.934	0.000
-212.934	0.000
-211.934	0.000
-210.934	0.000
-209.934	0.000
-208.934	0.000
-207.934	0.000
-206.934	0.000
-205.934	0.000
-204.934	0.000
-203.934	0.000
-202.934	0.000
-201.933	0.000
-200.933	0.000
-199.933	0.000
-198.933	0.000
-197.933	0.000
-196.933	0.000
-195.933	0.000
-194.933	0.000
-193.933	0.000
-192.933	0.000
-191.933	0.000
-190.933	0.000
-189.932	0.000
-188.932	0.000
-187.932	0.000
-186.932	1.000
-185.932	0.000
-184.932	0.000
-183.932	0.000
-182.932	0.000
-181.932	0.000
-180.932	0.000
-179.932	0.000
-178.932	0.000
-177.931	0.000
-176.931	0.000
-175.931	0.000
-174.931	0.000
-173.931	0.000
-172.931	1.000
-171.931	0.000
-170.931	0.000
-169.931	0.000
-168.931	0.000
-167.931	0.000
-166.931	0.000
-165.930	0.000
-164.930	0.000
-163.930	0.000
-162.930	0.000
-161.930	0.000
-160.930	0.000
-159.930	1.000
-158.930	0.000
-157.930	0.000
-156.930	0.000
-155.930	0.000
-154.930	0.000
-153.929	0.000
-152.929	2.000
-151.929	2.000
-150.929	0.000
-149.929	0.000
-148.929	0.000
-147.929	3.000
-146.929	0.000
-145.929	0.000
-144.929	1.000
-143.929	2.000
-142.929	1.000
-141.928	1.000
-140.928	1.000
-139.928	2.000
-138.928	1.000
-137.928	4.000
-136.928	2.000
-135.928	0.000
-134.928	2.000
-133.928	0.000
-132.928	5.000
-131.928	1.000
-130.928	2.000
-129.927	2.000
-128.927	2.000
-127.927	1.000
-126.927	3.000
-125.927	6.000
-124.927	5.000
-123.927	5.000
-122.927	6.000
-121.927	11.000
-120.927	4.000
-119.927	4.000
-118.927	5.000
-117.926	4.000
-116.926	4.000
-115.926	5.000
-114.926	5.000
-113.926	7.000
-112.926	11.000
-111.926	9.000
-110.926	7.000
-109.926	13.000
-108.926	17.000
-107.926	11.000
-106.926	9.000
-105.925	12.000
-104.925	11.000
-103.925	11.000
-102.925	19.000
-101.925	16.000
-100.925	18.000
-99.925	16.000
-98.925	17.000
-97.925	22.000
-96.925	21.000
-95.925	32.000
-94.925	26.000
-93.924	26.000
-92.924	23.000
-91.924	20.000
-90.924	27.000
-89.924	26.000
-88.924	23.000
-87.924	43.000
-86.924	39.000
-85.924	30.000
-84.924	45.000
-83.924	43.000
-82.924	45.000
-81.923	26.000
-80.923	36.000
-79.923	47.000
-78.923	55.000
-77.923	50.000
-76.923	58.000
-75.923	74.000
-74.923	44.000
-73.923	61.000
-72.923	52.000
-71.923	65.000
-70.923	72.000
-69.922	76.000
-68.922	75.000
-67.922	77.000
-66.922	77.000
-65.922	69.000
-64.922	88.000
-63.922	78.000
-62.922	86.000
-61.922	96.000
-60.922	107.000
-59.922	106.000
-58.922	98.000
-57.921	118.000
-56.921	118.000
-55.921	112.000
-54.921	118.000
-53.921	117.000
-52.921	120.000
-51.921	124.000
-50.921	133.000
-49.921	151.000
-48.921	121.000
-47.921	140.000
-46.921	159.000
-45.920	148.000
-44.920	166.000
-43.920	154.000
-42.920	162.000
-41.920	150.000
-40.920	181.000
-39.920	172.000
-38.920	196.000
-37.920	191.000
-36.920	182.000
-35.920	214.000
-34.920	217.000
-33.919	205.000
-32.919	203.000
-31.919	210.000
-30.919	235.000
-29.919	213.000
-28.919	216.000
-27.919	247.000
-26.919	218.000
-25.919	226.000
-24.919	221.000
-23.919	225.000
-22.919	225.000
-21.918	255.000
-20.918	245.000
-19.918	251.000
-18.918	279.000
-17.918	267.000
-16.918	259.000
-15.918	261.000
-14.918	264.000
-13.918	252.000
-12.918	282.000
-11.918	267.000
-10.918	295.000
-9.917	267.000
-8.917	253.000
-7.917	273.000
-6.917	261.000
-5.917	267.000
-4.917	302.000
-3.917	271.000
-2.917	287.000
-1.917	265.000
-0.917	306.000
0.083	293.000
1.083	285.000
2.084	290.000
3.084	279.000
4.084	276.000
5.084	311.000
6.084	286.000
7.084	306.000
8.084	291.000
9.084	289.000
10.084	276.000
11.084	297.000
12.084	312.000
13.084	263.000
14.085	291.000
15.085	283.000
16.085	267.000
17.085	285.000
18.085	272.000
19.085	259.000
20.085	278.000
21.085	253.000
22.085	267.000
23.085	260.000
24.085	248.000
25.085	282.000
26.086	243.000
27.086	227.000
28.086	250.000
29.086	207.000
30.086	236.000
31.086	216.000
32.086	257.000
33.086	206.000
34.086	224.000
35.086	236.000
36.086	226.000
37.086	197.000
38.087	197.000
39.087	233.000
40.087	188.000
41.087	200.000
42.087	184.000
43.087	185.000
44.087	163.000
45.087	199.000
46.087	181.000
47.087	176.000
48.087	160.000
49.087	158.000
50.088	167.000
51.088	159.000
52.088	140.000
53.088	149.000
54.088	152.000
55.088	137.000
56.088	131.000
57.088	125.000
58.088	118.000
59.088	121.000
60.088	109.000
61.088	117.000
62.089	105.000
63.089	102.000
64.089	106.000
65.089	108.000
66.089	116.000
67.089	77.000
68.089	105.000
69.089	92.000
70.089	99.000
71.089	96.000
72.089	72.000
73.089	68.000
74.090	83.000
75.090	79.000
76.090	56.000
77.090	75.000
78.090	76.000
79.090	57.000
80.090	74.000
81.090	57.000
82.090	70.000
83.090	65.000
84.090	45.000
85.090	60.000
86.091	46.000
87.091	46.000
88.091	37.000
89.091	37.000
90.091	37.000
91.091	38.000
92.091	38.000
93.091	40.000
94.091	45.000
95.091	42.000
96.091	25.000
97.091	35.000
98.092	25.000
99.092	29.000
100.092	34.000
101.092	18.000
102.092	16.000
103.092	19.000
104.092	21.000
105.092	14.000
106.092	20.000
107.092	17.000
108.092	22.000
109.092	15.000
110.093	18.000
111.093	21.000
112.093	16.000
113.093	16.000
114.093	13.000
115.093	8.000
116.093	12.000
117.093	10.000
118.093	8.000
119.093	8.000
120.093	13.000
121.093	12.000
122.094	9.000
123.094	11.000
124.094	12.000
125.094	7.000
126.094	6.000
127.094	6.000
128.094	2.000
129.094	3.000
130.094	6.000
131.094	8.000
132.094	6.000
133.094	7.000
134.095	2.000
135.095	2.000
136.095	8.000
137.095	5.000
138.095	2.000
139.095	5.000
140.095	1.000
141.095	5.000
142.095	6.000
143.095	2.000
144.095	3.000
145.095	2.000
146.096	2.000
147.096	2.000
148.096	4.000
149.096	4.000
150.096	2.000
151.096	2.000
152.096	2.000
153.096	1.000
154.096	2.000
155.096	0.000
156.096	1.000
157.096	2.000
158.097	2.000
159.097	2.000
160.097	0.000
161.097	1.000
162.097	4.000
163.097	1.000
164.097	1.000
165.097	1.000
166.097	0.000
167.097	0.000
168.097	2.000
169.097	0.000
170.098	0.000
171.098	0.000
172.098	0.000
173.098	1.000
174.098	0.000
175.098	1.000
176.098	1.000
177.098	1.000
178.098	0.000
179.098	0.000
180.098	1.000
181.098	1.000
182.099	1.000
183.099	1.000
184.099	0.000
185.099	1.000
186.099	0.000
187.099	0.000
188.099	1.000
189.099	0.000
190.099	2.000
191.099	0.000
192.099	0.000
193.099	2.000
194.100	1.000
195.100	0.000
196.100	0.000
197.100	1.000
198.100	1.000
199.100	0.000
200.100	1.000
201.100	1.000
202.100	0.000
203.100	0.000
204.100	0.000
205.100	2.000
206.101	1.000
207.101	0.000
208.101	0.000
209.101	1.000
210.101	0.000
211.101	0.000
212.101	0.000
213.101	0.000
214.101	0.000
215.101	1.000
216.101	1.000
217.101	0.000
218.102	0.000
219.102	1.000
220.102	0.000
221.102	1.000
222.102	0.000
223.102	1.000
224.102	0.000
225.102	1.000
226.102	0.000
227.102	0.000
228.102	1.000
229.102	0.000
230.103	0.000
231.103	0.000
232.103	1.000
233.103	0.000
234.103	0.000
235.103	0.000
236.103	0.000
237.103	1.000
238.103	0.000
239.103	0.000
240.103	1.000
241.103	0.000
242.104	0.000
243.104	1.000
244.104	0.000
245.104	0.000
246.104	1.000
247.104	0.000
248.104	0.000
249.104	1.000
250.104	0.000
251.104	1.000
252.104	0.000
253.104	0.000
254.105	0.000
255.105	2.000
256.105	1.000
257.105	0.000
258.105	0.000
259.105	1.000
260.105	1.000
261.105	0.000
262.105	0.000
263.105	1.000
264.105	0.000
265.105	1.000
266.106	0.000
267.106	0.000
268.106	1.000
269.106	0.000
270.106	0.000
271.106	0.000
272.106	0.000
273.106	0.000
274.106	1.000
275.106	1.000
276.106	0.000
277.106	0.000
278.107	0.000
279.107	0.000
280.107	0.000
281.107	1.000
282.107	0.000
283.107	0.000
284.107	1.000
285.107	0.000
286.107	0.000
287.107	1.000
288.107	0.000
289.107	2.000
290.108	0.000
291.108	0.000
292.108	0.000
293.108	0.000
294.108	0.000
295.108	0.000
296.108	0.000
297.108	0.000
298.108	1.000
299.108	2.000
300.108	0.000
301.108	0.000
302.109	1.000
303.109	0.000
304.109	1.000
305.109	0.000
306.109	1.000
307.109	1.000
308.109	0.000
309.109	0.000
310.109	0.000
311.109	0.000
312.109	1.000
313.109	0.000
314.110	0.000
315.110	1.000
316.110	0.000
317.110	0.000
318.110	2.000
319.110	1.000
320.110	0.000
321.110	1.000
322.110	1.000
323.110	0.000
324.110	1.000
325.110	1.000
326.111	0.000
327.111	0.000
328.111	2.000
329.111	0.000
330.111	1.000
331.111	0.000
332.111	0.000
333.111	1.000
334.111	0.000
335.111	2.000
336.111	1.000
337.111	1.000
338.112	0.000
339.112	2.000
340.112	0.000
341.112	1.000
342.112	0.000
343.112	0.000
344.112	0.000
345.112	0.000
346.112	1.000
347.112	0.000
348.112	0.000
349.112	0.000
350.113	0.000
351.113	0.000
352.113	0.000
353.113	1.000
354.113	1.000
355.113	1.000
356.113	0.000
357.113	0.000
358.113	0.000
359.113	1.000
360.113	0.000
361.113	1.000
362.114	1.000
363.114	2.000
364.114	0.000
365.114	1.000
366.114	0.000
367.114	0.000
368.114	0.000
369.114	0.000
370.114	1.000
371.114	0.000
372.114	1.000
373.114	1.000
374.115	1.000
375.115	2.000
376.115	3.000
377.115	0.000
378.115	1.000
379.115	1.000
380.115	3.000
381.115	0.000
382.115	5.000
383.115	0.000
384.115	2.000
385.115	0.000
386.116	2.000
387.116	0.000
388.116	0.000
389.116	0.000
390.116	2.000
391.116	0.000
392.116	1.000
393.116	1.000
394.116	1.000
395.116	1.000
396.116	2.000
397.116	2.000
398.117	1.000
399.117	0.000
400.117	1.000
401.117	0.000
402.117	1.000
403.117	0.000
404.117	1.000
405.117	0.000
406.117	0.000
407.117	1.000
408.117	1.000
409.117	3.000
410.118	0.000
411.118	1.000
412.118	0.000
413.118	1.000
414.118	1.000
415.118	0.000
416.118	1.000
417.118	0.000
418.118	0.000
419.118	1.000
420.118	0.000
421.118	0.000
422.119	1.000
423.119	0.000
424.119	0.000
425.119	0.000
426.119	2.000
427.119	1.000
428.119	0.000
429.119	0.000
430.119	1.000
431.119	1.000
432.119	0.000
433.119	0.000
434.120	0.000
435.120	3.000
436.120	1.000
437.120	2.000
438.120	0.000
439.120	0.000
440.120	0.000
441.120	1.000
442.120	0.000
443.120	1.000
444.120	0.000
445.120	0.000
446.121	0.000
447.121	1.000
448.121	3.000
449.121	1.000
450.121	0.000
451.121	1.000
452.121	2.000
453.121	2.000
454.121	1.000
455.121	0.000
456.121	0.000
457.121	0.000
458.122	0.000
459.122	0.000
460.122	0.000
461.122	0.000
462.122	0.000
463.122	0.000
464.122	0.000
465.122	0.000
466.122	1.000
467.122	2.000
468.122	1.000
469.122	0.000
470.123	1.000
471.123	1.000
472.123	1.000
473.123	1.000
474.123	1.000
475.123	3.000
476.123	1.000
477.123	0.000
478.123	0.000
479.123	0.000
480.123	1.000
481.123	0.000
482.124	1.000
483.124	0.000
484.124	0.000
485.124	0.000
486.124	1.000
487.124	0.000
488.124	0.000
489.124	0.000
490.124	1.000
491.124	1.000
492.124	1.000
493.124	1.000
494.125	0.000
495.125	1.000
496.125	2.000
497.125	0.000
498.125	1.000
499.125	0.000
500.125	1.000
501.125	0.000
502.125	1.000
503.125	0.000
504.125	1.000
505.125	2.000
506.126	1.000
507.126	0.000
508.126	1.000
509.126	0.000
510.126	1.000
511.126	2.000
512.126	0.000
513.126	2.000
514.126	0.000
515.126	2.000
516.126	0.000
517.126	1.000
518.127	3.000
519.127	0.000
520.127	0.000
521.127	2.000
522.127	1.000
523.127	0.000
524.127	0.000
525.127	1.000
526.127	0.000
527.127	2.000
528.127	2.000
529.127	0.000
530.128	0.000
531.128	0.000
532.128	0.000
533.128	2.000
534.128	0.000
535.128	0.000
536.128	0.000
537.128	0.000
538.128	2.000
539.128	0.000
540.128	0.000
541.128	0.000
542.129	1.000
543.129	0.000
544.129	1.000
545.129	1.000
546.129	1.000
547.129	1.000
548.129	0.000
549.129	1.000
550.129	0.000
551.129	0.000
552.129	1.000
553.129	2.000
554.130	2.000
555.130	1.000
556.130	1.000
557.130	0.000
558.130	1.000
559.130	0.000
560.130	1.000
561.130	0.000
562.130	0.000
563.130	2.000
564.130	0.000
565.130	1.000
566.131	0.000
567.131	0.000
568.131	0.000
569.131	0.000
570.131	0.000
571.131	0.000
572.131	0.000
573.131	0.000
574.131	0.000
575.131	0.000
576.131	1.000
577.131	0.000
578.132	2.000
579.132	1.000
580.132	1.000
581.132	0.000
582.132	1.000
583.132	1.000
584.132	0.000
585.132	0.000
586.132	0.000
587.132	0.000
588.132	1.000
589.132	1.000
590.133	1.000
591.133	0.000
592.133	0.000
593.133	2.000
594.133	1.000
595.133	2.000
596.133	0.000
597.133	1.000
598.133	0.000
599.133	1.000
600.133	1.000
601.133	0.000
602.134	0.000
603.134	0.000
604.134	0.000
605.134	3.000
606.134	0.000
607.134	0.000
608.134	0.000
609.134	0.000
610.134	0.000
611.134	1.000
612.134	0.000
613.134	0.000
614.135	0.000
615.135	1.000
616.135	0.000
617.135	2.000
618.135	0.000
619.135	1.000
620.135	1.000
621.135	0.000
622.135	1.000
623.135	0.000
624.135	1.000
625.135	1.000
626.136	0.000
627.136	0.000
628.136	1.000
629.136	1.000
630.136	0.000
631.136	0.000
632.136	0.000
633.136	0.000
634.136	0.000
635.136	1.000
636.136	0.000
637.136	1.000
638.137	2.000
639.137	0.000
640.137	0.000
641.137	1.000
642.137	0.000
643.137	1.000
644.137	1.000
645.137	1.000
646.137	2.000
647.137	0.000
648.137	1.000
649.137	0.000
650.138	0.000
651.138	0.000
652.138	1.000
653.138	0.000
654.138	2.000
655.138	0.000
656.138	0.000
657.138	1.000
658.138	1.000
659.138	1.000
660.138	0.000
661.138	1.000
662.139	0.000
663.139	1.000
664.139	0.000
665.139	2.000
666.139	0.000
667.139	0.000
668.139	0.000
669.139	0.000
670.139	1.000
671.139	2.000
672.139	0.000
673.139	0.000
674.140	1.000
675.140	0.000
676.140	1.000
677.140	1.000
678.140	0.000
679.140	1.000
680.140	0.000
681.140	0.000
682.140	2.000
683.140	1.000
684.140	0.000
685.140	0.000
686.141	0.000
687.141	2.000
688.141	1.000
689.141	1.000
690.141	1.000
691.141	1.000
692.141	1.000
693.141	2.000
694.141	0.000
695.141	2.000
696.141	3.000
697.141	0.000
698.142	0.000
699.142	1.000
700.142	4.000
701.142	4.000
702.142	1.000
703.142	0.000
704.142	1.000
705.142	3.000
706.142	2.000
707.142	0.000
708.142	1.000
709.142	0.000
710.143	2.000
711.143	1.000
712.143	2.000
713.143	1.000
714.143	1.000
715.143	0.000
716.143	1.000
717.143	2.000
718.143	2.000
719.143	2.000
720.143	0.000
721.143	0.000
722.144	1.000
723.144	0.000
724.144	0.000
725.144	0.000
726.144	1.000
727.144	0.000
728.144	0.000
729.144	0.000
730.144	1.000
731.144	0.000
732.144	0.000
733.144	1.000
734.145	0.000
735.145	0.000
736.145	1.000
737.145	0.000
738.145	0.000
739.145	1.000
740.145	2.000
741.145	2.000
742.145	2.000
743.145	1.000
744.145	1.000
745.145	1.000
746.146	0.000
747.146	1.000
748.146	0.000
749.146	1.000
750.146	0.000
751.146	0.000
752.146	2.000
753.146	1.000
754.146	1.000
755.146	1.000
756.146	2.000
757.146	1.000
758.147	0.000
759.147	1.000
760.147	0.000
761.147	2.000
762.147	0.000
763.147	0.000
764.147	1.000
765.147	2.000
766.147	1.000
767.147	1.000
768.147	1.000
769.147	2.000
770.148	0.000
771.148	0.000
772.148	4.000
773.148	1.000
774.148	1.000
775.148	1.000
776.148	4.000
777.148	1.000
778.148	1.000
779.148	3.000
780.148	2.000
781.148	1.000
782.149	0.000
783.149	1.000
784.149	2.000
785.149	1.000
786.149	0.000
787.149	1.000
788.149	0.000
789.149	0.000
790.149	3.000
791.149	0.000
792.149	2.000
793.149	1.000
794.150	0.000
795.150	2.000
796.150	1.000
797.150	2.000
798.150	1.000
799.150	0.000
800.150	0.000
801.150	2.000
802.150	1.000
803.150	0.000
804.150	1.000
805.150	0.000
806.151	0.000
807.151	1.000
808.151	1.000
809.151	1.000
810.151	3.000
811.151	1.000
812.151	0.000
813.151	0.000
814.151	1.000
815.151	1.000
816.151	1.000
817.151	1.000
818.152	1.000
819.152	1.000
820.152	1.000
821.152	1.000
822.152	2.000
823.152	1.000
824.152	0.000
825.152	2.000
826.152	1.000
827.152	1.000
828.152	0.000
829.152	0.000
830.153	1.000
831.153	0.000
832.153	2.000
833.153	2.000
834.153	0.000
835.153	0.000
836.153	1.000
837.153	1.000
838.153	0.000
839.153	1.000
840.153	1.000
841.153	0.000
842.154	0.000
843.154	1.000
844.154	2.000
845.154	1.000
846.154	1.000
847.154	1.000
848.154	1.000
849.154	0.000
850.154	1.000
851.154	2.000
852.154	1.000
853.154	0.000
854.155	2.000
855.155	2.000
856.155	0.000
857.155	2.000
858.155	1.000
859.155	0.000
860.155	0.000
861.155	2.000
862.155	1.000
863.155	1.000
864.155	1.000
865.155	0.000
866.156	0.000
867.156	2.000
868.156	0.000
869.156	0.000
870.156	2.000
871.156	0.000
872.156	1.000
873.156	2.000
874.156	0.000
875.156	0.000
876.156	1.000
877.156	1.000
878.157	2.000
879.157	1.000
880.157	1.000
881.157	2.000
882.157	0.000
883.157	0.000
884.157	0.000
885.157	1.000
886.157	1.000
887.157	1.000
888.157	1.000
889.157	0.000
890.158	0.000
891.158	0.000
892.158	0.000
893.158	1.000
894.158	1.000
895.158	1.000
896.158	0.000
897.158	0.000
898.158	3.000
899.158	0.000
900.158	1.000
901.158	3.000
902.159	3.000
903.159	1.000
904.159	1.000
905.159	2.000
906.159	0.000
907.159	1.000
908.159	1.000
909.159	1.000
910.159	0.000
911.159	0.000
912.159	2.000
913.159	1.000
914.160	0.000
915.160	0.000
916.160	1.000
917.160	0.000
918.160	1.000
919.160	1.000
920.160	1.000
921.160	0.000
922.160	0.000
923.160	0.000
924.160	1.000
925.160	1.000
926.161	0.000
927.161	1.000
928.161	2.000
929.161	0.000
930.161	2.000
931.161	0.000
932.161	0.000
933.161	2.000
934.161	0.000
935.161	1.000
936.161	1.000
937.161	1.000
938.162	1.000
939.162	4.000
940.162	2.000
941.162	1.000
942.162	2.000
943.162	0.000
944.162	0.000
945.162	0.000
946.162	1.000
947.162	0.000
948.162	1.000
949.162	2.000
950.163	0.000
951.163	1.000
952.163	1.000
953.163	1.000
954.163	1.000
955.163	0.000
956.163	0.000
957.163	1.000
958.163	0.000
959.163	3.000
960.163	1.000
961.163	2.000
962.164	1.000
963.164	1.000
964.164	2.000
965.164	1.000
966.164	1.000
967.164	0.000
968.164	0.000
969.164	2.000
970.164	0.000
971.164	3.000
972.164	0.000
973.164	0.000
974.165	0.000
975.165	0.000
976.165	2.000
977.165	0.000
978.165	2.000
979.165	3.000
980.165	0.000
981.165	1.000
982.165	1.000
983.165	2.000
984.165	2.000
985.165	0.000
986.166	1.000
987.166	2.000
988.166	2.000
989.166	0.000
990.166	1.000
991.166	0.000
992.166	0.000
993.166	1.000
994.166	1.000
995.166	2.000
996.166	2.000
997.166	0.000
998.167	2.000
999.167	2.000
1000.167	3.000
1001.167	2.000
1002.167	0.000
1003.167	1.000
1004.167	0.000
1005.167	2.000
1006.167	0.000
1007.167	1.000
1008.167	0.000
1009.167	0.000
1010.168	1.000
1011.168	3.000
1012.168	1.000
1013.168	0.000
1014.168	0.000
1015.168	3.000
1016.168	0.000
1017.168	1.000
1018.168	1.000
1019.168	2.000
1020.168	1.000
1021.168	4.000
1022.169	2.000
1023.169	0.000
1024.169	0.000
1025.169	2.000
1026.169	3.000
1027.169	1.000
1028.169	4.000
1029.169	2.000
1030.169	2.000
1031.169	1.000
1032.169	3.000
1033.169	0.000
1034.170	1.000
1035.170	0.000
1036.170	0.000
1037.170	3.000
1038.170	1.000
1039.170	0.000
1040.170	1.000
1041.170	0.000
1042.170	3.000
1043.170	0.000
1044.170	3.000
1045.170	1.000
1046.171	0.000
1047.171	0.000
1048.171	1.000
1049.171	1.000
1050.171	1.000
1051.171	3.000
1052.171	3.000
1053.171	0.000
1054.171	5.000
1055.171	3.000
1056.171	1.000
1057.171	0.000
1058.172	0.000
1059.172	2.000
1060.172	2.000
1061.172	2.000
1062.172	0.000
1063.172	2.000
1064.172	1.000
1065.172	0.000
1066.172	2.000
1067.172	1.000
1068.172	2.000
1069.172	2.000
1070.173	2.000
1071.173	0.000
1072.173	1.000
1073.173	1.000
1074.173	1.000
1075.173	1.000
1076.173	2.000
1077.173	0.000
1078.173	1.000
1079.173	1.000
1080.173	2.000
1081.173	1.000
1082.174	0.000
1083.174	0.000
1084.174	1.000
1085.174	1.000
1086.174	2.000
1087.174	0.000
1088.174	4.000
1089.174	2.000
1090.174	1.000
1091.174	2.000
1092.174	0.000
1093.174	0.000
1094.175	2.000
1095.175	1.000
1096.175	0.000
1097.175	1.000
1098.175	0.000
1099.175	1.000
1100.175	3.000
1101.175	3.000
1102.175	0.000
1103.175	2.000
1104.175	1.000
1105.175	0.000
1106.176	2.000
1107.176	1.000
1108.176	3.000
1109.176	3.000
1110.176	1.000
1111.176	1.000
1112.176	1.000
1113.176	3.000
1114.176	1.000
1115.176	1.000
1116.176	2.000
1117.176	3.000
1118.177	1.000
1119.177	0.000
1120.177	1.000
1121.177	0.000
1122.177	0.000
1123.177	1.000
1124.177	3.000
1125.177	1.000
1126.177	1.000
1127.177	0.000
1128.177	0.000
1129.177	1.000
1130.178	2.000
1131.178	3.000
1132.178	2.000
1133.178	1.000
1134.178	0.000
1135.178	0.000
1136.178	1.000
1137.178	3.000
1138.178	3.000
1139.178	0.000
1140.178	1.000
1141.178	2.000
1142.179	1.000
1143.179	3.000
1144.179	1.000
1145.179	2.000
1146.179	0.000
1147.179	2.000
1148.179	2.000
1149.179	3.000
1150.179	3.000
1151.179	1.000
1152.179	1.000
1153.179	0.000
1154.180	1.000
1155.180	3.000
1156.180	0.000
1157.180	2.000
1158.180	1.000
1159.180	2.000
1160.180	5.000
1161.180	4.000
1162.180	3.000
1163.180	2.000
1164.180	0.000
1165.180	1.000
1166.181	2.000
1167.181	3.000
1168.181	3.000
1169.181	2.000
1170.181	2.000
1171.181	2.000
1172.181	3.000
1173.181	3.000
1174.181	4.000
1175.181	5.000
1176.181	4.000
1177.181	3.000
1178.182	4.000
1179.182	2.000
1180.182	4.000
1181.182	9.000
1182.182	5.000
1183.182	4.000
1184.182	3.000
1185.182	5.000
1186.182	5.000
1187.182	3.000
1188.182	3.000
1189.182	6.000
1190.183	4.000
1191.183	5.000
1192.183	2.000
1193.183	3.000
1194.183	8.000
1195.183	16.000
1196.183	5.000
1197.183	5.000
1198.183	3.000
1199.183	13.000
1200.183	5.000
1201.183	5.000
1202.184	10.000
1203.184	4.000
1204.184	13.000
1205.184	7.000
1206.184	5.000
1207.184	7.000
1208.184	17.000
1209.184	12.000
1210.184	17.000
1211.184	9.000
1212.184	10.000
1213.184	11.000
1214.185	9.000
1215.185	6.000
1216.185	7.000
1217.185	13.000
1218.185	8.000
1219.185	20.000
1220.185	14.000
1221.185	18.000
1222.185	20.000
1223.185	15.000
1224.185	28.000
1225.185	26.000
1226.186	13.000
1227.186	13.000
1228.186	21.000
1229.186	23.000
1230.186	26.000
1231.186	28.000
1232.186	21.000
1233.186	30.000
1234.186	28.000
1235.186	27.000
1236.186	30.000
1237.186	32.000
1238.187	25.000
1239.187	20.000
1240.187	32.000
1241.187	39.000
1242.187	42.000
1243.187	35.000
1244.187	33.000
1245.187	42.000
1246.187	30.000
1247.187	31.000
1248.187	39.000
1249.187	35.000
1250.188	54.000
1251.188	50.000
1252.188	49.000
1253.188	50.000
1254.188	61.000
1255.188	62.000
1256.188	54.000
1257.188	71.000
1258.188	71.000
1259.188	62.000
1260.188	70.000
1261.188	72.000
1262.189	71.000
1263.189	63.000
1264.189	78.000
1265.189	81.000
1266.189	87.000
1267.189	80.000
1268.189	79.000
1269.189	85.000
1270.189	90.000
1271.189	96.000
1272.189	95.000
1273.189	101.000
1274.190	96.000
1275.190	98.000
1276.190	109.000
1277.190	106.000
1278.190	132.000
1279.190	134.000
1280.190	137.000
1281.190	149.000
1282.190	127.000
1283.190	166.000
1284.190	164.000
1285.190	147.000
1286.191	148.000
1287.191	139.000
1288.191	149.000
1289.191	172.000
1290.191	181.000
1291.191	181.000
1292.191	176.000
1293.191	197.000
1294.191	192.000
1295.191	190.000
1296.191	210.000
1297.191	201.000
1298.192	212.000
1299.192	194.000
1300.192	239.000
1301.192	220.000
1302.192	229.000
1303.192	221.000
1304.192	266.000
1305.192	260.000
1306.192	281.000
1307.192	271.000
1308.192	302.000
1309.192	321.000
1310.193	264.000
1311.193	284.000
1312.193	300.000
1313.193	364.000
1314.193	322.000
1315.193	328.000
1316.193	335.000
1317.193	348.000
1318.193	368.000
1319.193	375.000
1320.193	359.000
1321.193	424.000
1322.194	400.000
1323.194	370.000
1324.194	377.000
1325.194	403.000
1326.194	428.000
1327.194	449.000
1328.194	457.000
1329.194	492.000
1330.194	491.000
1331.194	485.000
1332.194	552.000
1333.194	525.000
1334.195	541.000
1335.195	511.000
1336.195	527.000
1337.195	528.000
1338.195	551.000
1339.195	591.000
1340.195	566.000
1341.195	626.000
1342.195	660.000
1343.195	661.000
1344.195	645.000
1345.195	615.000
1346.196	674.000
1347.196	687.000
1348.196	702.000
1349.196	697.000
1350.196	719.000
1351.196	746.000
1352.196	703.000
1353.196	768.000
1354.196	722.000
1355.196	752.000
1356.196	772.000
1357.196	751.000
1358.197	831.000
1359.197	860.000
1360.197	867.000
1361.197	856.000
1362.197	889.000
1363.197	932.000
1364.197	876.000
1365.197	895.000
1366.197	940.000
1367.197	938.000
1368.197	1009.000
1369.197	974.000
1370.198	973.000
1371.198	962.000
1372.198	1014.000
1373.198	1023.000
1374.198	1037.000
1375.198	1047.000
1376.198	1036.000
1377.198	1063.000
1378.198	1083.000
1379.198	1109.000
1380.198	1107.000
1381.198	1074.000
1382.199	1189.000
1383.199	1113.000
1384.199	1120.000
1385.199	1152.000
1386.199	1187.000
1387.199	1205.000
1388.199	1194.000
1389.199	1254.000
1390.199	1195.000
1391.199	1213.000
1392.199	1237.000
1393.199	1297.000
1394.200	1322.000
1395.200	1287.000
1396.200	1286.000
1397.200	1266.000
1398.200	1343.000
1399.200	1325.000
1400.200	1350.000
1401.200	1366.000
1402.200	1360.000
1403.200	1427.000
1404.200	1417.000
1405.200	1437.000
1406.201	1408.000
1407.201	1459.000
1408.201	1383.000
1409.201	1483.000
1410.201	1400.000
1411.201	1455.000
1412.201	1462.000
1413.201	1474.000
1414.201	1452.000
1415.201	1506.000
1416.201	1509.000
1417.201	1576.000
1418.202	1609.000
1419.202	1483.000
1420.202	1520.000
1421.202	1512.000
1422.202	1549.000
1423.202	1495.000
1424.202	1528.000
1425.202	1494.000
1426.202	1558.000
1427.202	1609.000
1428.202	1589.000
1429.202	1578.000
1430.203	1540.000
1431.203	1593.000
1432.203	1568.000
1433.203	1556.000
1434.203	1569.000
1435.203	1611.000
1436.203	1658.000
1437.203	1550.000
1438.203	1563.000
1439.203	1511.000
1440.203	1563.000
1441.203	1556.000
1442.204	1530.000
1443.204	1636.000
1444.204	1598.000
1445.204	1572.000
1446.204	1504.000
1447.204	1537.000
1448.204	1601.000
1449.204	1544.000
1450.204	1529.000
1451.204	1558.000
1452.204	1460.000
1453.204	1598.000
1454.205	1505.000
1455.205	1427.000
1456.205	1541.000
1457.205	1484.000
1458.205	1507.000
1459.205	1453.000
1460.205	1426.000
1461.205	1448.000
1462.205	1416.000
1463.205	1432.000
1464.205	1412.000
1465.205	1429.000
1466.206	1495.000
1467.206	1380.000
1468.206	1368.000
1469.206	1418.000
1470.206	1370.000
1471.206	1372.000
1472.206	1377.000
1473.206	1331.000
1474.206	1336.000
1475.206	1289.000
1476.206	1328.000
1477.206	1289.000
1478.207	1223.000
1479.207	1207.000
1480.207	1180.000
1481.207	1239.000
1482.207	1198.000
1483.207	1192.000
1484.207	1162.000
1485.207	1156.000
1486.207	1172.000
1487.207	1189.000
1488.207	1082.000
1489.207	1096.000
1490.208	1105.000
1491.208	1117.000
1492.208	1072.000
1493.208	1013.000
1494.208	1038.000
1495.208	981.000
1496.208	1023.000
1497.208	970.000
1498.208	1001.000
1499.208	952.000
1500.208	980.000
1501.208	982.000
1502.209	909.000
1503.209	864.000
1504.209	800.000
1505.209	922.000
1506.209	858.000
1507.209	830.000
1508.209	826.000
1509.209	837.000
1510.209	786.000
1511.209	758.000
1512.209	772.000
1513.209	750.000
1514.210	676.000
1515.210	687.000
1516.210	656.000
1517.210	667.000
1518.210	682.000
1519.210	701.000
1520.210	673.000
1521.210	697.000
1522.210	620.000
1523.210	627.000
1524.210	618.000
1525.210	593.000
1526.211	549.000
1527.211	542.000
1528.211	542.000
1529.211	554.000
1530.211	489.000
1531.211	520.000
1532.211	469.000
1533.211	518.000
1534.211	460.000
1535.211	453.000
1536.211	435.000
1537.211	447.000
1538.212	453.000
1539.212	407.000
1540.212	422.000
1541.212	413.000
1542.212	364.000
1543.212	393.000
1544.212	332.000
1545.212	338.000
1546.212	341.000
1547.212	371.000
1548.212	316.000
1549.212	356.000
1550.213	308.000
1551.213	298.000
1552.213	265.000
1553.213	305.000
1554.213	272.000
1555.213	286.000
1556.213	246.000
1557.213	261.000
1558.213	251.000
1559.213	228.000
1560.213	212.000
1561.213	227.000
1562.214	250.000
1563.214	237.000
1564.214	204.000
1565.214	218.000
1566.214	220.000
1567.214	183.000
1568.214	205.000
1569.214	212.000
1570.214	196.000
1571.214	184.000
1572.214	171.000
1573.214	140.000
1574.215	191.000
1575.215	186.000
1576.215	150.000
1577.215	135.000
1578.215	150.000
1579.215	150.000
1580.215	150.000
1581.215	135.000
1582.215	142.000
1583.215	132.000
1584.215	118.000
1585.215	129.000
1586.216	126.000
1587.216	110.000
1588.216	112.000
1589.216	107.000
1590.216	114.000
1591.216	100.000
1592.216	91.000
1593.216	99.000
1594.216	105.000
1595.216	89.000
1596.216	89.000
1597.216	96.000
1598.217	75.000
1599.217	97.000
1600.217	82.000
1601.217	74.000
1602.217	86.000
1603.217	80.000
1604.217	79.000
1605.217	100.000
1606.217	76.000
1607.217	82.000
1608.217	79.000
1609.217	66.000
1610.218	72.000
1611.218	80.000
1612.218	51.000
1613.218	75.000
1614.218	62.000
1615.218	55.000
1616.218	74.000
1617.218	50.000
1618.218	50.000
1619.218	59.000
1620.218	59.000
1621.218	54.000
1622.219	56.000
1623.219	54.000
1624.219	53.000
1625.219	64.000
1626.219	59.000
1627.219	47.000
1628.219	45.000
1629.219	40.000
1630.219	50.000
1631.219	69.000
1632.219	61.000
1633.219	56.000
1634.220	59.000
1635.220	48.000
1636.220	43.000
1637.220	43.000
1638.220	44.000
1639.220	58.000
1640.220	43.000
1641.220	58.000
1642.220	40.000
1643.220	45.000
1644.220	55.000
1645.220	46.000
1646.221	40.000
1647.221	44.000
1648.221	52.000
1649.221	36.000
1650.221	49.000
1651.221	41.000
1652.221	45.000
1653.221	43.000
1654.221	38.000
1655.221	45.000
1656.221	47.000
1657.221	39.000
1658.222	40.000
1659.222	50.000
1660.222	46.000
1661.222	49.000
1662.222	45.000
1663.222	50.000
1664.222	46.000
1665.222	55.000
1666.222	38.000
1667.222	41.000
1668.222	41.000
1669.222	33.000
1670.223	47.000
1671.223	34.000
1672.223	36.000
1673.223	34.000
1674.223	40.000
1675.223	54.000
1676.223	55.000
1677.223	44.000
1678.223	40.000
1679.223	45.000
1680.223	45.000
1681.223	37.000
1682.224	43.000
1683.224	40.000
1684.224	39.000
1685.224	50.000
1686.224	38.000
1687.224	37.000
1688.224	41.000
1689.224	51.000
1690.224	29.000
1691.224	53.000
1692.224	47.000
1693.224	42.000
1694.225	36.000
1695.225	41.000
1696.225	48.000
1697.225	37.000
1698.225	44.000
1699.225	42.000
1700.225	47.000
1701.225	45.000
1702.225	49.000
1703.225	44.000
1704.225	50.000
1705.225	43.000
1706.226	55.000
1707.226	47.000
1708.226	47.000
1709.226	49.000
1710.226	30.000
1711.226	50.000
1712.226	44.000
1713.226	40.000
1714.226	42.000
1715.226	45.000
1716.226	28.000
1717.226	49.000
1718.227	52.000
1719.227	37.000
1720.227	43.000
1721.227	51.000
1722.227	49.000
1723.227	61.000
1724.227	45.000
1725.227	45.000
1726.227	43.000
1727.227	58.000
1728.227	46.000
1729.227	46.000
1730.228	50.000
1731.228	45.000
1732.228	56.000
1733.228	48.000
1734.228	54.000
1735.228	41.000
1736.228	40.000
1737.228	45.000
1738.228	49.000
1739.228	41.000
1740.228	35.000
1741.228	51.000
1742.229	40.000
1743.229	41.000
1744.229	41.000
1745.229	47.000
1746.229	47.000
1747.229	51.000
1748.229	44.000
1749.229	43.000
1750.229	41.000
1751.229	41.000
1752.229	35.000
1753.229	49.000
1754.230	46.000
1755.230	43.000
1756.230	44.000
1757.230	58.000
1758.230	41.000
1759.230	44.000
1760.230	36.000
1761.230	59.000
1762.230	49.000
1763.230	41.000
1764.230	50.000
1765.230	49.000
1766.231	48.000
1767.231	44.000
1768.231	50.000
1769.231	51.000
1770.231	60.000
1771.231	64.000
1772.231	52.000
1773.231	42.000
1774.231	48.000
1775.231	55.000
1776.231	48.000
1777.231	47.000
1778.232	55.000
1779.232	59.000
1780.232	63.000
1781.232	47.000
1782.232	50.000
1783.232	47.000
1784.232	49.000
1785.232	47.000
1786.232	49.000
1787.232	51.000
1788.232	49.000
1789.232	44.000
1790.233	50.000
1791.233	60.000
1792.233	39.000
1793.233	55.000
1794.233	48.000
1795.233	46.000
1796.233	54.000
1797.233	40.000
1798.233	41.000
1799.233	55.000
1800.233	47.000
1801.233	52.000
1802.234	62.000
1803.234	43.000
1804.234	38.000
1805.234	51.000
1806.234	47.000
1807.234	55.000
1808.234	58.000
1809.234	46.000
1810.234	51.000
1811.234	61.000
1812.234	43.000
1813.234	49.000
1814.235	46.000
1815.235	49.000
1816.235	41.000
1817.235	55.000
1818.235	56.000
1819.235	54.000
1820.235	42.000
1821.235	49.000
1822.235	48.000
1823.235	50.000
1824.235	48.000
1825.235	47.000
1826.236	53.000
1827.236	50.000
1828.236	70.000
1829.236	42.000
1830.236	47.000
1831.236	47.000
1832.236	48.000
1833.236	38.000
1834.236	52.000
1835.236	52.000
1836.236	61.000
1837.236	48.000
1838.237	46.000
1839.237	67.000
1840.237	53.000
1841.237	50.000
1842.237	59.000
1843.237	57.000
1844.237	45.000
1845.237	51.000
1846.237	55.000
1847.237	64.000
1848.237	55.000
1849.237	57.000
1850.238	65.000
1851.238	59.000
1852.238	46.000
1853.238	55.000
1854.238	42.000
1855.238	49.000
1856.238	55.000
1857.238	55.000
1858.238	58.000
1859.238	62.000
1860.238	54.000
1861.238	58.000
1862.239	57.000
1863.239	67.000
1864.239	54.000
1865.239	53.000
1866.239	47.000
1867.239	52.000
1868.239	34.000
1869.239	62.000
1870.239	64.000
1871.239	61.000
1872.239	54.000
1873.239	52.000
1874.240	44.000
1875.240	59.000
1876.240	44.000
1877.240	46.000
1878.240	68.000
1879.240	59.000
1880.240	49.000
1881.240	55.000
1882.240	55.000
1883.240	65.000
1884.240	61.000
1885.240	60.000
1886.241	52.000
1887.241	58.000
1888.241	60.000
1889.241	50.000
1890.241	68.000
1891.241	49.000
1892.241	54.000
1893.241	45.000
1894.241	54.000
1895.241	52.000
1896.241	61.000
1897.241	64.000
1898.242	50.000
1899.242	45.000
1900.242	50.000
1901.242	66.000
1902.242	55.000
1903.242	51.000
1904.242	48.000
1905.242	42.000
1906.242	50.000
1907.242	41.000
1908.242	72.000
1909.242	59.000
1910.243	54.000
1911.243	55.000
1912.243	64.000
1913.243	59.000
1914.243	60.000
1915.243	59.000
1916.243	55.000
1917.243	59.000
1918.243	55.000
1919.243	56.000
1920.243	53.000
1921.243	67.000
1922.244	61.000
1923.244	61.000
1924.244	63.000
1925.244	56.000
1926.244	55.000
1927.244	50.000
1928.244	58.000
1929.244	50.000
1930.244	57.000
1931.244	48.000
1932.244	54.000
1933.244	60.000
1934.245	57.000
1935.245	49.000
1936.245	67.000
1937.245	59.000
1938.245	40.000
1939.245	65.000
1940.245	56.000
1941.245	43.000
1942.245	48.000
1943.245	76.000
1944.245	58.000
1945.245	43.000
1946.246	57.000
1947.246	65.000
1948.246	74.000
1949.246	57.000
1950.246	55.000
1951.246	59.000
1952.246	71.000
1953.246	56.000
1954.246	51.000
1955.246	55.000
1956.246	62.000
1957.246	61.000
1958.247	47.000
1959.247	68.000
1960.247	53.000
1961.247	57.000
1962.247	67.000
1963.247	50.000
1964.247	45.000
1965.247	50.000
1966.247	69.000
1967.247	59.000
1968.247	38.000
1969.247	59.000
1970.248	62.000
1971.248	61.000
1972.248	56.000
1973.248	59.000
1974.248	61.000
1975.248	54.000
1976.248	59.000
1977.248	57.000
1978.248	50.000
1979.248	51.000
1980.248	49.000
1981.248	64.000
1982.249	74.000
1983.249	57.000
1984.249	61.000
1985.249	48.000
1986.249	61.000
1987.249	51.000
1988.249	44.000
1989.249	59.000
1990.249	64.000
1991.249	45.000
1992.249	42.000
1993.249	60.000
1994.250	60.000
1995.250	59.000
1996.250	48.000
1997.250	63.000
1998.250	53.000
1999.250	61.000
2000.250	56.000
2001.250	70.000
2002.250	49.000
2003.250	71.000
2004.250	58.000
2005.250	59.000
2006.251	46.000
2007.251	56.000
2008.251	68.000
2009.251	59.000
2010.251	66.000
2011.251	65.000
2012.251	50.000
2013.251	55.000
2014.251	68.000
2015.251	63.000
2016.251	54.000
2017.251	56.000
2018.252	63.000
2019.252	56.000
2020.252	74.000
2021.252	68.000
2022.252	67.000
2023.252	57.000
2024.252	53.000
2025.252	58.000
2026.252	41.000
2027.252	74.000
2028.252	59.000
2029.252	48.000
2030.253	56.000
2031.253	59.000
2032.253	53.000
2033.253	62.000
2034.253	70.000
2035.253	55.000
2036.253	73.000
2037.253	53.000
2038.253	56.000
2039.253	53.000
2040.253	68.000
2041.253	60.000
2042.254	55.000
2043.254	60.000
2044.254	54.000
2045.254	68.000
2046.254	53.000
2047.254	65.000
2048.254	61.000
2049.254	48.000
2050.254	54.000
2051.254	64.000
2052.254	54.000
2053.254	56.000
2054.255	46.000
2055.255	53.000
2056.255	74.000
2057.255	44.000
2058.255	77.000
2059.255	67.000
2060.255	53.000
2061.255	55.000
2062.255	43.000
2063.255	74.000
2064.255	60.000
2065.255	50.000
2066.256	59.000
2067.256	78.000
2068.256	55.000
2069.256	47.000
2070.256	56.000
2071.256	60.000
2072.256	64.000
2073.256	58.000
2074.256	61.000
2075.256	61.000
2076.256	64.000
2077.256	50.000
2078.257	58.000
2079.257	55.000
2080.257	61.000
2081.257	56.000
2082.257	51.000
2083.257	64.000
2084.257	71.000
2085.257	58.000
2086.257	56.000
2087.257	53.000
2088.257	57.000
2089.257	67.000
2090.258	61.000
2091.258	73.000
2092.258	64.000
2093.258	52.000
2094.258	61.000
2095.258	63.000
2096.258	54.000
2097.258	51.000
2098.258	59.000
2099.258	62.000
2100.258	64.000
2101.258	56.000
2102.259	52.000
2103.259	64.000
2104.259	54.000
2105.259	86.000
2106.259	77.000
2107.259	49.000
2108.259	60.000
2109.259	76.000
2110.259	61.000
2111.259	64.000
2112.259	55.000
2113.259	58.000
2114.260	50.000
2115.260	73.000
2116.260	43.000
2117.260	54.000
2118.260	74.000
2119.260	60.000
2120.260	60.000
2121.260	62.000
2122.260	60.000
2123.260	54.000
2124.260	57.000
2125.260	56.000
2126.261	60.000
2127.261	77.000
2128.261	53.000
2129.261	61.000
2130.261	67.000
2131.261	75.000
2132.261	55.000
2133.261	65.000
2134.261	61.000
2135.261	57.000
2136.261	64.000
2137.261	63.000
2138.262	52.000
2139.262	54.000
2140.262	63.000
2141.262	64.000
2142.262	52.000
2143.262	57.000
2144.262	56.000
2145.262	68.000
2146.262	66.000
2147.262	65.000
2148.262	68.000
2149.262	54.000
2150.263	72.000
2151.263	51.000
2152.263	52.000
2153.263	53.000
2154.263	64.000
2155.263	70.000
2156.263	52.000
2157.263	39.000
2158.263	65.000
2159.263	63.000
2160.263	61.000
2161.263	61.000
2162.264	76.000
2163.264	71.000
2164.264	62.000
2165.264	65.000
2166.264	60.000
2167.264	68.000
2168.264	63.000
2169.264	68.000
2170.264	77.000
2171.264	64.000
2172.264	69.000
2173.264	59.000
2174.265	66.000
2175.265	63.000
2176.265	64.000
2177.265	85.000
2178.265	66.000
2179.265	51.000
2180.265	67.000
2181.265	55.000
2182.265	56.000
2183.265	65.000
2184.265	80.000
2185.265	61.000
2186.266	56.000
2187.266	72.000
2188.266	71.000
2189.266	66.000
2190.266	58.000
2191.266	64.000
2192.266	52.000
2193.266	61.000
2194.266	58.000
2195.266	60.000
2196.266	59.000
2197.266	60.000
2198.267	68.000
2199.267	72.000
2200.267	62.000
2201.267	67.000
2202.267	65.000
2203.267	70.000
2204.267	58.000
2205.267	66.000
2206.267	79.000
2207.267	58.000
2208.267	59.000
2209.267	62.000
2210.268	63.000
2211.268	69.000
2212.268	69.000
2213.268	70.000
2214.268	56.000
2215.268	65.000
2216.268	67.000
2217.268	71.000
2218.268	55.000
2219.268	68.000
2220.268	69.000
2221.268	65.000
2222.269	90.000
2223.269	70.000
2224.269	53.000
2225.269	78.000
2226.269	60.000
2227.269	67.000
2228.269	65.000
2229.269	73.000
2230.269	67.000
2231.269	62.000
2232.269	77.000
2233.269	58.000
2234.270	52.000
2235.270	64.000
2236.270	75.000
2237.270	69.000
2238.270	56.000
2239.270	64.000
2240.270	69.000
2241.270	60.000
2242.270	77.000
2243.270	59.000
2244.270	71.000
2245.270	68.000
2246.271	70.000
2247.271	58.000
2248.271	51.000
2249.271	70.000
2250.271	69.000
2251.271	51.000
2252.271	79.000
2253.271	50.000
2254.271	74.000
2255.271	73.000
2256.271	78.000
2257.271	78.000
2258.272	82.000
2259.272	79.000
2260.272	71.000
2261.272	67.000
2262.272	63.000
2263.272	71.000
2264.272	55.000
2265.272	59.000
2266.272	76.000
2267.272	69.000
2268.272	62.000
2269.272	70.000
2270.273	72.000
2271.273	89.000
2272.273	65.000
2273.273	59.000
2274.273	77.000
2275.273	78.000
2276.273	64.000
2277.273	72.000
2278.273	66.000
2279.273	66.000
2280.273	73.000
2281.273	84.000
2282.274	75.000
2283.274	48.000
2284.274	76.000
2285.274	79.000
2286.274	65.000
2287.274	77.000
2288.274	70.000
2289.274	63.000
2290.274	75.000
2291.274	67.000
2292.274	79.000
2293.274	72.000
2294.275	81.000
2295.275	71.000
2296.275	63.000
2297.275	75.000
2298.275	67.000
2299.275	63.000
2300.275	78.000
2301.275	68.000
2302.275	74.000
2303.275	73.000
2304.275	81.000
2305.275	72.000
2306.276	70.000
2307.276	80.000
2308.276	71.000
2309.276	65.000
2310.276	79.000
2311.276	80.000
2312.276	69.000
2313.276	62.000
2314.276	56.000
2315.276	75.000
2316.276	73.000
2317.276	70.000
2318.277	73.000
2319.277	66.000
2320.277	83.000
2321.277	67.000
2322.277	86.000
2323.277	68.000
2324.277	92.000
2325.277	62.000
2326.277	94.000
2327.277	76.000
2328.277	73.000
2329.277	77.000
2330.278	66.000
2331.278	76.000
2332.278	70.000
2333.278	75.000
2334.278	66.000
2335.278	78.000
2336.278	79.000
2337.278	72.000
2338.278	70.000
2339.278	78.000
2340.278	87.000
2341.278	83.000
2342.279	75.000
2343.279	57.000
2344.279	74.000
2345.279	90.000
2346.279	81.000
2347.279	68.000
2348.279	70.000
2349.279	80.000
2350.279	66.000
2351.279	72.000
2352.279	71.000
2353.279	73.000
2354.280	93.000
2355.280	85.000
2356.280	80.000
2357.280	84.000
2358.280	71.000
2359.280	80.000
2360.280	91.000
2361.280	82.000
2362.280	82.000
2363.280	77.000
2364.280	78.000
2365.280	85.000
2366.281	66.000
2367.281	83.000
2368.281	62.000
2369.281	86.000
2370.281	84.000
2371.281	76.000
2372.281	93.000
2373.281	75.000
2374.281	94.000
2375.281	99.000
2376.281	74.000
2377.281	90.000
2378.282	59.000
2379.282	86.000
2380.282	75.000
2381.282	75.000
2382.282	90.000
2383.282	95.000
2384.282	86.000
2385.282	80.000
2386.282	85.000
2387.282	88.000
2388.282	80.000
2389.282	65.000
2390.283	78.000
2391.283	82.000
2392.283	77.000
2393.283	90.000
2394.283	97.000
2395.283	83.000
2396.283	96.000
2397.283	94.000
2398.283	86.000
2399.283	79.000
2400.283	81.000
2401.283	70.000
2402.284	77.000
2403.284	96.000
2404.284	88.000
2405.284	91.000
2406.284	86.000
2407.284	76.000
2408.284	84.000
2409.284	100.000
2410.284	103.000
2411.284	90.000
2412.284	80.000
2413.284	85.000
2414.285	77.000
2415.285	86.000
2416.285	92.000
2417.285	75.000
2418.285	93.000
2419.285	91.000
2420.285	84.000
2421.285	83.000
2422.285	108.000
2423.285	81.000
2424.285	101.000
2425.285	88.000
2426.286	93.000
2427.286	93.000
2428.286	96.000
2429.286	102.000
2430.286	76.000
2431.286	73.000
2432.286	75.000
2433.286	92.000
2434.286	105.000
2435.286	93.000
2436.286	123.000
2437.286	101.000
2438.287	104.000
2439.287	96.000
2440.287	105.000
2441.287	116.000
2442.287	98.000
2443.287	86.000
2444.287	95.000
2445.287	92.000
2446.287	98.000
2447.287	92.000
2448.287	88.000
2449.287	89.000
2450.288	109.000
2451.288	85.000
2452.288	97.000
2453.288	87.000
2454.288	102.000
2455.288	111.000
2456.288	108.000
2457.288	97.000
2458.288	96.000
2459.288	108.000
2460.288	100.000
2461.288	112.000
2462.289	109.000
2463.289	96.000
2464.289	101.000
2465.289	100.000
2466.289	104.000
2467.289	92.000
2468.289	88.000
2469.289	98.000
2470.289	100.000
2471.289	84.000
2472.289	110.000
2473.289	107.000
2474.290	104.000
2475.290	119.000
2476.290	123.000
2477.290	97.000
2478.290	93.000
2479.290	116.000
2480.290	109.000
2481.290	124.000
2482.290	109.000
2483.290	101.000
2484.290	101.000
2485.290	98.000
2486.291	109.000
2487.291	124.000
2488.291	87.000
2489.291	123.000
2490.291	93.000
2491.291	111.000
2492.291	100.000
2493.291	88.000
2494.291	96.000
2495.291	107.000
2496.291	105.000
2497.291	104.000
2498.292	88.000
2499.292	98.000
2500.292	109.000
2501.292	91.000
2502.292	121.000
2503.292	110.000
2504.292	122.000
2505.292	114.000
2506.292	135.000
2507.292	108.000
2508.292	116.000
2509.292	121.000
2510.293	123.000
2511.293	115.000
2512.293	118.000
2513.293	134.000
2514.293	106.000
2515.293	123.000
2516.293	126.000
2517.293	115.000
2518.293	105.000
2519.293	125.000
2520.293	106.000
2521.293	127.000
2522.294	108.000
2523.294	111.000
2524.294	114.000
2525.294	117.000
2526.294	108.000
2527.294	109.000
2528.294	138.000
2529.294	123.000
2530.294	120.000
2531.294	118.000
2532.294	114.000
2533.294	110.000
2534.295	122.000
2535.295	103.000
2536.295	133.000
2537.295	111.000
2538.295	114.000
2539.295	106.000
2540.295	126.000
2541.295	112.000
2542.295	104.000
2543.295	139.000
2544.295	131.000
2545.295	105.000
2546.296	120.000
2547.296	140.000
2548.296	124.000
2549.296	126.000
2550.296	120.000
2551.296	122.000
2552.296	130.000
2553.296	131.000
2554.296	124.000
2555.296	134.000
2556.296	128.000
2557.296	133.000
2558.297	119.000
2559.297	125.000
2560.297	143.000
2561.297	118.000
2562.297	115.000
2563.297	140.000
2564.297	108.000
2565.297	128.000
2566.297	123.000
2567.297	123.000
2568.297	140.000
2569.297	126.000
2570.298	129.000
2571.298	143.000
2572.298	113.000
2573.298	126.000
2574.298	117.000
2575.298	122.000
2576.298	137.000
2577.298	133.000
2578.298	120.000
2579.298	124.000
2580.298	136.000
2581.298	131.000
2582.299	127.000
2583.299	126.000
2584.299	127.000
2585.299	135.000
2586.299	111.000
2587.299	116.000
2588.299	131.000
2589.299	124.000
2590.299	121.000
2591.299	127.000
2592.299	160.000
2593.299	124.000
2594.300	140.000
2595.300	135.000
2596.300	123.000
2597.300	151.000
2598.300	134.000
2599.300	157.000
2600.300	148.000
2601.300	131.000
2602.300	122.000
2603.300	134.000
2604.300	123.000
2605.300	139.000
2606.301	153.000
2607.301	112.000
2608.301	162.000
2609.301	148.000
2610.301	144.000
2611.301	149.000
2612.301	129.000
2613.301	158.000
2614.301	125.000
2615.301	153.000
2616.301	140.000
2617.301	131.000
2618.302	121.000
2619.302	126.000
2620.302	122.000
2621.302	140.000
2622.302	129.000
2623.302	123.000
2624.302	143.000
2625.302	153.000
2626.302	149.000
2627.302	144.000
2628.302	132.000
2629.302	146.000
2630.303	130.000
2631.303	139.000
2632.303	136.000
2633.303	134.000
2634.303	136.000
2635.303	129.000
2636.303	168.000
2637.303	141.000
2638.303	139.000
2639.303	123.000
2640.303	150.000
2641.303	144.000
2642.304	158.000
2643.304	157.000
2644.304	128.000
2645.304	146.000
2646.304	165.000
2647.304	143.000
2648.304	143.000
2649.304	154.000
2650.304	124.000
2651.304	150.000
2652.304	130.000
2653.304	131.000
2654.305	135.000
2655.305	124.000
2656.305	141.000
2657.305	145.000
2658.305	132.000
2659.305	130.000
2660.305	132.000
2661.305	129.000
2662.305	155.000
2663.305	138.000
2664.305	156.000
2665.305	138.000
2666.306	147.000
2667.306	130.000
2668.306	141.000
2669.306	141.000
2670.306	167.000
2671.306	142.000
2672.306	143.000
2673.306	156.000
2674.306	153.000
2675.306	136.000
2676.306	147.000
2677.306	151.000
2678.307	160.000
2679.307	133.000
2680.307	165.000
2681.307	169.000
2682.307	136.000
2683.307	177.000
2684.307	160.000
2685.307	167.000
2686.307	138.000
2687.307	155.000
2688.307	161.000
2689.307	143.000
2690.308	160.000
2691.308	153.000
2692.308	145.000
2693.308	161.000
2694.308	157.000
2695.308	183.000
2696.308	139.000
2697.308	146.000
2698.308	204.000
2699.308	147.000
2700.308	147.000
2701.308	163.000
2702.309	181.000
2703.309	175.000
2704.309	179.000
2705.309	153.000
2706.309	171.000
2707.309	176.000
2708.309	160.000
2709.309	211.000
2710.309	193.000
2711.309	170.000
2712.309	146.000
2713.309	155.000
2714.310	160.000
2715.310	165.000
2716.310	219.000
2717.310	190.000
2718.310	167.000
2719.310	153.000
2720.310	191.000
2721.310	173.000
2722.310	200.000
2723.310	175.000
2724.310	184.000
2725.310	178.000
2726.311	196.000
2727.311	193.000
2728.311	200.000
2729.311	216.000
2730.311	218.000
2731.311	193.000
2732.311	182.000
2733.311	194.000
2734.311	193.000
2735.311	205.000
2736.311	177.000
2737.311	222.000
2738.312	201.000
2739.312	185.000
2740.312	191.000
2741.312	203.000
2742.312	189.000
2743.312	234.000
2744.312	203.000
2745.312	203.000
2746.312	213.000
2747.312	217.000
2748.312	188.000
2749.312	234.000
2750.313	205.000
2751.313	203.000
2752.313	214.000
2753.313	207.000
2754.313	210.000
2755.313	262.000
2756.313	192.000
2757.313	221.000
2758.313	224.000
2759.313	213.000
2760.313	212.000
2761.313	226.000
2762.314	220.000
2763.314	217.000
2764.314	229.000
2765.314	242.000
2766.314	233.000
2767.314	250.000
2768.314	200.000
2769.314	249.000
2770.314	252.000
2771.314	241.000
2772.314	261.000
2773.314	228.000
2774.315	240.000
2775.315	239.000
2776.315	265.000
2777.315	252.000
2778.315	257.000
2779.315	236.000
2780.315	239.000
2781.315	232.000
2782.315	249.000
2783.315	241.000
2784.315	254.000
2785.315	231.000
2786.316	245.000
2787.316	256.000
2788.316	276.000
2789.316	253.000
2790.316	277.000
2791.316	245.000
2792.316	267.000
2793.316	272.000
2794.316	231.000
2795.316	232.000
2796.316	263.000
2797.316	255.000
2798.317	273.000
2799.317	253.000
2800.317	283.000
2801.317	285.000
2802.317	281.000
2803.317	277.000
2804.317	283.000
2805.317	271.000
2806.317	291.000
2807.317	261.000
2808.317	295.000
2809.317	281.000
2810.318	274.000
2811.318	296.000
2812.318	269.000
2813.318	301.000
2814.318	264.000
2815.318	262.000
2816.318	256.000
2817.318	261.000
2818.318	291.000
2819.318	254.000
2820.318	288.000
2821.318	268.000
2822.319	277.000
2823.319	267.000
2824.319	263.000
2825.319	275.000
2826.319	270.000
2827.319	297.000
2828.319	281.000
2829.319	299.000
2830.319	271.000
2831.319	259.000
2832.319	296.000
2833.319	292.000
2834.320	285.000
2835.320	302.000
2836.320	312.000
2837.320	274.000
2838.320	272.000
2839.320	296.000
2840.320	273.000
2841.320	297.000
2842.320	268.000
2843.320	295.000
2844.320	293.000
2845.320	272.000
2846.321	306.000
2847.321	255.000
2848.321	302.000
2849.321	276.000
2850.321	287.000
2851.321	289.000
2852.321	318.000
2853.321	301.000
2854.321	287.000
2855.321	292.000
2856.321	286.000
2857.321	252.000
2858.322	292.000
2859.322	268.000
2860.322	251.000
2861.322	272.000
2862.322	277.000
2863.322	302.000
2864.322	256.000
2865.322	258.000
2866.322	281.000
2867.322	278.000
2868.322	265.000
2869.322	292.000
2870.323	248.000
2871.323	258.000
2872.323	274.000
2873.323	291.000
2874.323	283.000
2875.323	268.000
2876.323	263.000
2877.323	305.000
2878.323	267.000
2879.323	260.000
2880.323	252.000
2881.323	276.000
2882.324	300.000
2883.324	246.000
2884.324	243.000
2885.324	261.000
2886.324	249.000
2887.324	256.000
2888.324	242.000
2889.324	251.000
2890.324	255.000
2891.324	243.000
2892.324	285.000
2893.324	235.000
2894.325	228.000
2895.325	245.000
2896.325	243.000
2897.325	259.000
2898.325	236.000
2899.325	237.000
2900.325	236.000
2901.325	224.000
2902.325	222.000
2903.325	228.000
2904.325	224.000
2905.325	193.000
2906.326	247.000
2907.326	249.000
2908.326	247.000
2909.326	223.000
2910.326	233.000
2911.326	234.000
2912.326	229.000
2913.326	226.000
2914.326	186.000
2915.326	222.000
2916.326	218.000
2917.326	221.000
2918.327	198.000
2919.327	194.000
2920.327	192.000
2921.327	237.000
2922.327	198.000
2923.327	209.000
2924.327	195.000
2925.327	188.000
2926.327	171.000
2927.327	188.000
2928.327	183.000
2929.327	183.000
2930.328	188.000
2931.328	217.000
2932.328	177.000
2933.328	174.000
2934.328	186.000
2935.328	205.000
2936.328	175.000
2937.328	190.000
2938.328	180.000
2939.328	192.000
2940.328	192.000
2941.328	175.000
2942.329	179.000
2943.329	166.000
2944.329	164.000
2945.329	163.000
2946.329	154.000
2947.329	178.000
2948.329	151.000
2949.329	157.000
2950.329	143.000
2951.329	162.000
2952.329	163.000
2953.329	159.000
2954.330	141.000
2955.330	155.000
2956.330	123.000
2957.330	133.000
2958.330	155.000
2959.330	144.000
2960.330	134.000
2961.330	123.000
2962.330	135.000
2963.330	137.000
2964.330	139.000
2965.330	125.000
2966.331	152.000
2967.331	124.000
2968.331	108.000
2969.331	97.000
2970.331	124.000
2971.331	141.000
2972.331	133.000
2973.331	125.000
2974.331	121.000
2975.331	99.000
2976.331	134.000
2977.331	110.000
2978.332	126.000
2979.332	119.000
2980.332	106.000
2981.332	96.000
2982.332	109.000
2983.332	102.000
2984.332	109.000
2985.332	103.000
2986.332	100.000
2987.332	99.000
2988.332	97.000
2989.332	88.000
2990.333	108.000
2991.333	104.000
2992.333	85.000
2993.333	76.000
2994.333	94.000
2995.333	93.000
2996.333	99.000
2997.333	67.000
2998.333	97.000
2999.333	89.000
3000.333	86.000
3001.333	72.000
3002.334	76.000
3003.334	77.000
3004.334	72.000
3005.334	63.000
3006.334	88.000
3007.334	80.000
3008.334	85.000
3009.334	79.000
3010.334	71.000
3011.334	74.000
3012.334	83.000
3013.334	62.000
3014.335	68.000
3015.335	76.000
3016.335	79.000
3017.335	70.000
3018.335	77.000
3019.335	70.000
3020.335	72.000
3021.335	68.000
3022.335	69.000
3023.335	81.000
3024.335	51.000
3025.335	64.000
3026.336	54.000
3027.336	62.000
3028.336	72.000
3029.336	60.000
3030.336	64.000
3031.336	66.000
3032.336	50.000
3033.336	50.000
3034.336	51.000
3035.336	70.000
3036.336	65.000
3037.336	50.000
3038.337	49.000
3039.337	56.000
3040.337	62.000
3041.337	57.000
3042.337	73.000
3043.337	67.000
3044.337	47.000
3045.337	57.000
3046.337	48.000
3047.337	52.000
3048.337	47.000
3049.337	46.000
3050.338	46.000
3051.338	52.000
3052.338	51.000
3053.338	46.000
3054.338	39.000
3055.338	45.000
3056.338	42.000
3057.338	55.000
3058.338	45.000
3059.338	34.000
3060.338	59.000
3061.338	60.000
3062.339	49.000
3063.339	49.000
3064.339	29.000
3065.339	47.000
3066.339	50.000
3067.339	59.000
3068.339	47.000
3069.339	45.000
3070.339	52.000
3071.339	54.000
3072.339	41.000
3073.339	49.000
3074.340	47.000
3075.340	50.000
3076.340	49.000
3077.340	39.000
3078.340	47.000
3079.340	42.000
3080.340	50.000
3081.340	32.000
3082.340	53.000
3083.340	56.000
3084.340	47.000
3085.340	50.000
3086.341	39.000
3087.341	43.000
3088.341	51.000
3089.341	40.000
3090.341	37.000
3091.341	46.000
3092.341	45.000
3093.341	39.000
3094.341	35.000
3095.341	50.000
3096.341	55.000
3097.341	55.000
3098.342	28.000
3099.342	42.000
3100.342	38.000
3101.342	48.000
3102.342	38.000
3103.342	39.000
3104.342	47.000
3105.342	42.000
3106.342	48.000
3107.342	54.000
3108.342	32.000
3109.342	44.000
3110.343	42.000
3111.343	52.000
3112.343	40.000
3113.343	36.000
3114.343	47.000
3115.343	52.000
3116.343	43.000
3117.343	55.000
3118.343	47.000
3119.343	34.000
3120.343	39.000
3121.343	52.000
3122.344	50.000
3123.344	32.000
3124.344	41.000
3125.344	46.000
3126.344	50.000
3127.344	39.000
3128.344	44.000
3129.344	47.000
3130.344	60.000
3131.344	48.000
3132.344	36.000
3133.344	54.000
3134.345	45.000
3135.345	57.000
3136.345	36.000
3137.345	52.000
3138.345	41.000
3139.345	62.000
3140.345	52.000
3141.345	46.000
3142.345	46.000
3143.345	54.000
3144.345	40.000
3145.345	53.000
3146.346	47.000
3147.346	51.000
3148.346	53.000
3149.346	44.000
3150.346	42.000
3151.346	44.000
3152.346	45.000
3153.346	48.000
3154.346	49.000
3155.346	45.000
3156.346	55.000
3157.346	44.000
3158.347	55.000
3159.347	50.000
3160.347	49.000
3161.347	52.000
3162.347	44.000
3163.347	31.000
3164.347	50.000
3165.347	46.000
3166.347	42.000
3167.347	53.000
3168.347	44.000
3169.347	56.000
3170.348	43.000
3171.348	49.000
3172.348	57.000
3173.348	49.000
3174.348	39.000
3175.348	35.000
3176.348	40.000
3177.348	45.000
3178.348	55.000
3179.348	47.000
3180.348	63.000
3181.348	42.000
3182.349	49.000
3183.349	36.000
3184.349	33.000
3185.349	54.000
3186.349	50.000
3187.349	44.000
3188.349	44.000
3189.349	44.000
3190.349	34.000
3191.349	38.000
3192.349	58.000
3193.349	53.000
3194.350	55.000
3195.350	41.000
3196.350	51.000
3197.350	53.000
3198.350	36.000
3199.350	39.000
3200.350	57.000
3201.350	57.000
3202.350	44.000
3203.350	40.000
3204.350	57.000
3205.350	47.000
3206.351	46.000
3207.351	39.000
3208.351	54.000
3209.351	39.000
3210.351	38.000
3211.351	45.000
3212.351	43.000
3213.351	48.000
3214.351	41.000
3215.351	39.000
3216.351	41.000
3217.351	50.000
3218.352	52.000
3219.352	56.000
3220.352	45.000
3221.352	43.000
3222.352	42.000
3223.352	44.000
3224.352	51.000
3225.352	43.000
3226.352	45.000
3227.352	51.000
3228.352	45.000
3229.352	39.000
3230.353	54.000
3231.353	55.000
3232.353	38.000
3233.353	48.000
3234.353	62.000
3235.353	37.000
3236.353	54.000
3237.353	56.000
3238.353	39.000
3239.353	53.000
3240.353	51.000
3241.353	53.000
3242.354	51.000
3243.354	41.000
3244.354	43.000
3245.354	46.000
3246.354	40.000
3247.354	49.000
3248.354	56.000
3249.354	43.000
3250.354	41.000
3251.354	53.000
3252.354	53.000
3253.354	48.000
3254.355	51.000
3255.355	45.000
3256.355	43.000
3257.355	45.000
3258.355	48.000
3259.355	44.000
3260.355	44.000
3261.355	46.000
3262.355	56.000
3263.355	49.000
3264.355	48.000
3265.355	72.000
3266.356	45.000
3267.356	47.000
3268.356	50.000
3269.356	46.000
3270.356	73.000
3271.356	57.000
3272.356	50.000
3273.356	59.000
3274.356	42.000
3275.356	70.000
3276.356	45.000
3277.356	53.000
3278.357	55.000
3279.357	43.000
3280.357	48.000
3281.357	33.000
3282.357	44.000
3283.357	60.000
3284.357	57.000
3285.357	42.000
3286.357	37.000
3287.357	53.000
3288.357	45.000
3289.357	64.000
3290.358	44.000
3291.358	45.000
3292.358	49.000
3293.358	47.000
3294.358	46.000
3295.358	51.000
3296.358	56.000
3297.358	42.000
3298.358	52.000
3299.358	60.000
3300.358	50.000
3301.358	52.000
3302.359	59.000
3303.359	37.000
3304.359	44.000
3305.359	44.000
3306.359	60.000
3307.359	49.000
3308.359	54.000
3309.359	57.000
3310.359	49.000
3311.359	47.000
3312.359	47.000
3313.359	64.000
3314.360	50.000
3315.360	57.000
3316.360	51.000
3317.360	47.000
3318.360	43.000
3319.360	60.000
3320.360	63.000
3321.360	64.000
3322.360	49.000
3323.360	59.000
3324.360	52.000
3325.360	45.000
3326.361	47.000
3327.361	66.000
3328.361	45.000
3329.361	54.000
3330.361	60.000
3331.361	57.000
3332.361	49.000
3333.361	54.000
3334.361	47.000
3335.361	47.000
3336.361	51.000
3337.361	54.000
3338.362	54.000
3339.362	53.000
3340.362	43.000
3341.362	51.000
3342.362	52.000
3343.362	38.000
3344.362	40.000
3345.362	39.000
3346.362	46.000
3347.362	61.000
3348.362	42.000
3349.362	52.000
3350.363	46.000
3351.363	48.000
3352.363	47.000
3353.363	47.000
3354.363	52.000
3355.363	56.000
3356.363	49.000
3357.363	56.000
3358.363	59.000
3359.363	40.000
3360.363	45.000
3361.363	42.000
3362.364	53.000
3363.364	44.000
3364.364	64.000
3365.364	59.000
3366.364	54.000
3367.364	51.000
3368.364	50.000
3369.364	61.000
3370.364	37.000
3371.364	61.000
3372.364	56.000
3373.364	48.000
3374.365	55.000
3375.365	60.000
3376.365	42.000
3377.365	55.000
3378.365	53.000
3379.365	49.000
3380.365	50.000
3381.365	58.000
3382.365	45.000
3383.365	47.000
3384.365	51.000
3385.365	57.000
3386.366	46.000
3387.366	42.000
3388.366	47.000
3389.366	47.000
3390.366	69.000
3391.366	46.000
3392.366	42.000
3393.366	54.000
3394.366	55.000
3395.366	38.000
3396.366	47.000
3397.366	39.000
3398.367	51.000
3399.367	53.000
3400.367	51.000
3401.367	48.000
3402.367	49.000
3403.367	58.000
3404.367	38.000
3405.367	49.000
3406.367	48.000
3407.367	53.000
3408.367	48.000
3409.367	48.000
3410.368	53.000
3411.368	51.000
3412.368	52.000
3413.368	46.000
3414.368	47.000
3415.368	49.000
3416.368	37.000
3417.368	51.000
3418.368	48.000
3419.368	59.000
3420.368	54.000
3421.368	53.000
3422.369	50.000
3423.369	37.000
3424.369	47.000
3425.369	48.000
3426.369	47.000
3427.369	57.000
3428.369	51.000
3429.369	53.000
3430.369	46.000
3431.369	41.000
3432.369	55.000
3433.369	36.000
3434.370	54.000
3435.370	46.000
3436.370	50.000
3437.370	51.000
3438.370	60.000
3439.370	54.000
3440.370	53.000
3441.370	47.000
3442.370	36.000
3443.370	58.000
3444.370	45.000
3445.370	59.000
3446.371	52.000
3447.371	46.000
3448.371	58.000
3449.371	64.000
3450.371	62.000
3451.371	43.000
3452.371	55.000
3453.371	53.000
3454.371	50.000
3455.371	52.000
3456.371	42.000
3457.371	60.000
3458.372	46.000
3459.372	49.000
3460.372	55.000
3461.372	43.000
3462.372	37.000
3463.372	51.000
3464.372	52.000
3465.372	52.000
3466.372	46.000
3467.372	40.000
3468.372	53.000
3469.372	48.000
3470.373	49.000
3471.373	49.000
3472.373	41.000
3473.373	54.000
3474.373	55.000
3475.373	50.000
3476.373	55.000
3477.373	59.000
3478.373	49.000
3479.373	54.000
3480.373	47.000
3481.373	46.000
3482.374	42.000
3483.374	48.000
3484.374	48.000
3485.374	48.000
3486.374	50.000
3487.374	53.000
3488.374	45.000
3489.374	52.000
3490.374	49.000
3491.374	53.000
3492.374	59.000
3493.374	47.000
3494.375	44.000
3495.375	54.000
3496.375	54.000
3497.375	56.000
3498.375	58.000
3499.375	52.000
3500.375	34.000
3501.375	42.000
3502.375	51.000
3503.375	45.000
3504.375	48.000
3505.375	41.000
3506.376	46.000
3507.376	41.000
3508.376	44.000
3509.376	45.000
3510.376	41.000
3511.376	50.000
3512.376	50.000
3513.376	37.000
3514.376	54.000
3515.376	41.000
3516.376	54.000
3517.376	44.000
3518.377	33.000
3519.377	42.000
3520.377	49.000
3521.377	42.000
3522.377	45.000
3523.377	54.000
3524.377	55.000
3525.377	37.000
3526.377	53.000
3527.377	49.000
3528.377	45.000
3529.377	49.000
3530.378	51.000
3531.378	47.000
3532.378	55.000
3533.378	53.000
3534.378	50.000
3535.378	49.000
3536.378	52.000
3537.378	49.000
3538.378	52.000
3539.378	38.000
3540.378	48.000
3541.378	51.000
3542.379	36.000
3543.379	38.000
3544.379	61.000
3545.379	51.000
3546.379	47.000
3547.379	56.000
3548.379	53.000
3549.379	46.000
3550.379	52.000
3551.379	31.000
3552.379	50.000
3553.379	44.000
3554.380	42.000
3555.380	56.000
3556.380	50.000
3557.380	50.000
3558.380	55.000
3559.380	42.000
3560.380	58.000
3561.380	59.000
3562.380	45.000
3563.380	45.000
3564.380	48.000
3565.380	60.000
3566.381	51.000
3567.381	47.000
3568.381	51.000
3569.381	53.000
3570.381	55.000
3571.381	38.000
3572.381	47.000
3573.381	52.000
3574.381	43.000
3575.381	64.000
3576.381	46.000
3577.381	48.000
3578.382	46.000
3579.382	48.000
3580.382	49.000
3581.382	53.000
3582.382	48.000
3583.382	45.000
3584.382	42.000
3585.382	48.000
3586.382	45.000
3587.382	52.000
3588.382	58.000
3589.382	51.000
3590.383	38.000
3591.383	54.000
3592.383	52.000
3593.383	45.000
3594.383	41.000
3595.383	42.000
3596.383	60.000
3597.383	51.000
3598.383	43.000
3599.383	34.000
3600.383	47.000
3601.383	44.000
3602.384	59.000
3603.384	42.000
3604.384	53.000
3605.384	46.000
3606.384	40.000
3607.384	50.000
3608.384	60.000
3609.384	58.000
3610.384	50.000
3611.384	53.000
3612.384	66.000
3613.384	54.000
3614.385	43.000
3615.385	51.000
3616.385	42.000
3617.385	49.000
3618.385	42.000
3619.385	62.000
3620.385	51.000
3621.385	44.000
3622.385	52.000
3623.385	39.000
3624.385	48.000
3625.385	47.000
3626.386	59.000
3627.386	56.000
3628.386	44.000
3629.386	53.000
3630.386	52.000
3631.386	54.000
3632.386	41.000
3633.386	47.000
3634.386	44.000
3635.386	51.000
3636.386	67.000
3637.386	54.000
3638.387	53.000
3639.387	46.000
3640.387	60.000
3641.387	46.000
3642.387	46.000
3643.387	53.000
3644.387	38.000
3645.387	65.000
3646.387	55.000
3647.387	52.000
3648.387	41.000
3649.387	56.000
3650.388	55.000
3651.388	42.000
3652.388	49.000
3653.388	42.000
3654.388	56.000
3655.388	52.000
3656.388	48.000
3657.388	51.000
3658.388	60.000
3659.388	59.000
3660.388	55.000
3661.388	52.000
3662.389	43.000
3663.389	63.000
3664.389	52.000
3665.389	43.000
3666.389	41.000
3667.389	41.000
3668.389	31.000
3669.389	56.000
3670.389	51.000
3671.389	53.000
3672.389	50.000
3673.389	54.000
3674.390	44.000
3675.390	53.000
3676.390	57.000
3677.390	50.000
3678.390	50.000
3679.390	46.000
3680.390	41.000
3681.390	54.000
3682.390	62.000
3683.390	47.000
3684.390	58.000
3685.390	51.000
3686.391	54.000
3687.391	63.000
3688.391	52.000
3689.391	53.000
3690.391	56.000
3691.391	50.000
3692.391	53.000
3693.391	45.000
3694.391	62.000
3695.391	49.000
3696.391	51.000
3697.391	50.000
3698.392	52.000
3699.392	39.000
3700.392	46.000
3701.392	64.000
3702.392	52.000
3703.392	55.000
3704.392	66.000
3705.392	50.000
3706.392	60.000
3707.392	50.000
3708.392	51.000
3709.392	53.000
3710.393	47.000
3711.393	52.000
3712.393	49.000
3713.393	63.000
3714.393	48.000
3715.393	59.000
3716.393	53.000
3717.393	51.000
3718.393	52.000
3719.393	56.000
3720.393	54.000
3721.393	61.000
3722.394	58.000
3723.394	48.000
3724.394	49.000
3725.394	54.000
3726.394	46.000
3727.394	60.000
3728.394	54.000
3729.394	55.000
3730.394	53.000
3731.394	46.000
3732.394	56.000
3733.394	48.000
3734.395	59.000
3735.395	56.000
3736.395	62.000
3737.395	55.000
3738.395	59.000
3739.395	52.000
3740.395	52.000
3741.395	57.000
3742.395	55.000
3743.395	65.000
3744.395	61.000
3745.395	53.000
3746.396	57.000
3747.396	59.000
3748.396	66.000
3749.396	54.000
3750.396	61.000
3751.396	59.000
3752.396	62.000
3753.396	69.000
3754.396	52.000
3755.396	66.000
3756.396	58.000
3757.396	54.000
3758.397	63.000
3759.397	60.000
3760.397	61.000
3761.397	55.000
3762.397	53.000
3763.397	54.000
3764.397	67.000
3765.397	60.000
3766.397	58.000
3767.397	63.000
3768.397	54.000
3769.397	51.000
3770.398	65.000
3771.398	67.000
3772.398	60.000
3773.398	57.000
3774.398	47.000
3775.398	46.000
3776.398	56.000
3777.398	51.000
3778.398	44.000
3779.398	56.000
3780.398	48.000
3781.398	67.000
3782.399	52.000
3783.399	46.000
3784.399	46.000
3785.399	63.000
3786.399	67.000
3787.399	74.000
3788.399	61.000
3789.399	64.000
3790.399	50.000
3791.399	63.000
3792.399	68.000
3793.399	55.000
3794.400	69.000
3795.400	63.000
3796.400	53.000
3797.400	47.000
3798.400	54.000
3799.400	61.000
3800.400	46.000
3801.400	67.000
3802.400	55.000
3803.400	70.000
3804.400	60.000
3805.400	60.000
3806.401	51.000
3807.401	48.000
3808.401	75.000
3809.401	56.000
3810.401	69.000
3811.401	56.000
3812.401	48.000
3813.401	78.000
3814.401	65.000
3815.401	73.000
3816.401	59.000
3817.401	55.000
3818.402	62.000
3819.402	60.000
3820.402	64.000
3821.402	61.000
3822.402	55.000
3823.402	53.000
3824.402	56.000
3825.402	61.000
3826.402	60.000
3827.402	66.000
3828.402	79.000
3829.402	64.000
3830.403	76.000
3831.403	55.000
3832.403	64.000
3833.403	69.000
3834.403	61.000
3835.403	58.000
3836.403	59.000
3837.403	71.000
3838.403	60.000
3839.403	69.000
3840.403	59.000
3841.403	70.000
3842.404	61.000
3843.404	61.000
3844.404	54.000
3845.404	67.000
3846.404	73.000
3847.404	72.000
3848.404	63.000
3849.404	74.000
3850.404	72.000
3851.404	66.000
3852.404	56.000
3853.404	82.000
3854.405	69.000
3855.405	65.000
3856.405	64.000
3857.405	52.000
3858.405	62.000
3859.405	65.000
3860.405	61.000
3861.405	69.000
3862.405	58.000
3863.405	64.000
3864.405	68.000
3865.405	63.000
3866.406	84.000
3867.406	66.000
3868.406	71.000
3869.406	46.000
3870.406	59.000
3871.406	78.000
3872.406	75.000
3873.406	59.000
3874.406	77.000
3875.406	75.000
3876.406	64.000
3877.406	64.000
3878.407	64.000
3879.407	77.000
3880.407	60.000
3881.407	70.000
3882.407	68.000
3883.407	63.000
3884.407	70.000
3885.407	58.000
3886.407	79.000
3887.407	80.000
3888.407	64.000
3889.407	72.000
3890.408	55.000
3891.408	72.000
3892.408	64.000
3893.408	68.000
3894.408	65.000
3895.408	67.000
3896.408	73.000
3897.408	64.000
3898.408	79.000
3899.408	80.000
3900.408	84.000
3901.408	82.000
3902.409	77.000
3903.409	59.000
3904.409	62.000
3905.409	71.000
3906.409	67.000
3907.409	77.000
3908.409	63.000
3909.409	80.000
3910.409	69.000
3911.409	61.000
3912.409	63.000
3913.409	71.000
3914.410	69.000
3915.410	58.000
3916.410	70.000
3917.410	70.000
3918.410	80.000
3919.410	87.000
3920.410	69.000
3921.410	74.000
3922.410	77.000
3923.410	64.000
3924.410	76.000
3925.410	70.000
3926.411	82.000
3927.411	73.000
3928.411	58.000
3929.411	79.000
3930.411	73.000
3931.411	73.000
3932.411	58.000
3933.411	67.000
3934.411	65.000
3935.411	58.000
3936.411	70.000
3937.411	83.000
3938.412	72.000
3939.412	78.000
3940.412	67.000
3941.412	77.000
3942.412	69.000
3943.412	80.000
3944.412	70.000
3945.412	56.000
3946.412	68.000
3947.412	66.000
3948.412	79.000
3949.412	58.000
3950.413	68.000
3951.413	76.000
3952.413	70.000
3953.413	66.000
3954.413	64.000
3955.413	59.000
3956.413	54.000
3957.413	72.000
3958.413	76.000
3959.413	48.000
3960.413	77.000
3961.413	67.000
3962.414	87.000
3963.414	70.000
3964.414	74.000
3965.414	59.000
3966.414	62.000
3967.414	76.000
3968.414	61.000
3969.414	78.000
3970.414	67.000
3971.414	63.000
3972.414	77.000
3973.414	92.000
3974.415	67.000
3975.415	78.000
3976.415	63.000
3977.415	61.000
3978.415	68.000
3979.415	75.000
3980.415	75.000
3981.415	68.000
3982.415	77.000
3983.415	69.000
3984.415	64.000
3985.415	79.000
3986.416	66.000
3987.416	69.000
3988.416	54.000
3989.416	75.000
3990.416	69.000
3991.416	66.000
3992.416	83.000
3993.416	59.000
3994.416	57.000
3995.416	58.000
3996.416	57.000
3997.416	70.000
3998.417	70.000
3999.417	64.000
4000.417	60.000
4001.417	62.000
4002.417	72.000
4003.417	83.000
4004.417	62.000
4005.417	57.000
4006.417	68.000
4007.417	65.000
4008.417	75.000
4009.417	73.000
4010.418	89.000
4011.418	70.000
4012.418	84.000
4013.418	56.000
4014.418	80.000
4015.418	78.000
4016.418	64.000
4017.418	53.000
4018.418	70.000
4019.418	80.000
4020.418	60.000
4021.418	69.000
4022.419	77.000
4023.419	87.000
4024.419	78.000
4025.419	79.000
4026.419	54.000
4027.419	61.000
4028.419	65.000
4029.419	74.000
4030.419	70.000
4031.419	78.000
4032.419	81.000
4033.419	81.000
4034.420	88.000
4035.420	74.000
4036.420	50.000
4037.420	73.000
4038.420	56.000
4039.420	60.000
4040.420	68.000
4041.420	61.000
4042.420	62.000
4043.420	79.000
4044.420	53.000
4045.420	56.000
4046.421	75.000
4047.421	63.000
4048.421	68.000
4049.421	62.000
4050.421	70.000
4051.421	59.000
4052.421	70.000
4053.421	61.000
4054.421	67.000
4055.421	59.000
4056.421	68.000
4057.421	65.000
4058.422	79.000
4059.422	77.000
4060.422	77.000
4061.422	66.000
4062.422	67.000
4063.422	69.000
4064.422	67.000
4065.422	83.000
4066.422	77.000
4067.422	84.000
4068.422	74.000
4069.422	70.000
4070.423	78.000
4071.423	84.000
4072.423	64.000
4073.423	60.000
4074.423	76.000
4075.423	70.000
4076.423	71.000
4077.423	81.000
4078.423	58.000
4079.423	71.000
4080.423	77.000
4081.423	65.000
4082.424	72.000
4083.424	85.000
4084.424	66.000
4085.424	68.000
4086.424	79.000
4087.424	74.000
4088.424	71.000
4089.424	65.000
4090.424	83.000
4091.424	64.000
4092.424	69.000
4093.424	69.000
4094.425	80.000
4095.425	58.000
4096.425	60.000
4097.425	63.000
4098.425	75.000
4099.425	67.000
4100.425	75.000
4101.425	85.000
4102.425	70.000
4103.425	95.000
4104.425	60.000
4105.425	76.000
4106.426	74.000
4107.426	77.000
4108.426	71.000
4109.426	87.000
4110.426	63.000
4111.426	89.000
4112.426	66.000
4113.426	68.000
4114.426	72.000
4115.426	87.000
4116.426	69.000
4117.426	65.000
4118.427	70.000
4119.427	56.000
4120.427	76.000
4121.427	94.000
4122.427	66.000
4123.427	80.000
4124.427	76.000
4125.427	73.000
4126.427	63.000
4127.427	81.000
4128.427	81.000
4129.427	78.000
4130.428	75.000
4131.428	78.000
4132.428	76.000
4133.428	63.000
4134.428	67.000
4135.428	81.000
4136.428	64.000
4137.428	77.000
4138.428	76.000
4139.428	59.000
4140.428	66.000
4141.428	71.000
4142.429	77.000
4143.429	64.000
4144.429	88.000
4145.429	82.000
4146.429	70.000
4147.429	63.000
4148.429	72.000
4149.429	83.000
4150.429	75.000
4151.429	85.000
4152.429	70.000
4153.429	80.000
4154.430	78.000
4155.430	73.000
4156.430	62.000
4157.430	84.000
4158.430	74.000
4159.430	93.000
4160.430	76.000
4161.430	77.000
4162.430	72.000
4163.430	80.000
4164.430	57.000
4165.430	83.000
4166.431	78.000
4167.431	76.000
4168.431	72.000
4169.431	83.000
4170.431	86.000
4171.431	84.000
4172.431	73.000
4173.431	74.000
4174.431	77.000
4175.431	71.000
4176.431	77.000
4177.431	67.000
4178.432	86.000
4179.432	74.000
4180.432	77.000
4181.432	75.000
4182.432	81.000
4183.432	85.000
4184.432	92.000
4185.432	81.000
4186.432	84.000
4187.432	72.000
4188.432	83.000
4189.432	86.000
4190.433	84.000
4191.433	100.000
4192.433	92.000
4193.433	70.000
4194.433	81.000
4195.433	76.000
4196.433	88.000
4197.433	82.000
4198.433	75.000
4199.433	93.000
4200.433	69.000
4201.433	80.000
4202.434	86.000
4203.434	88.000
4204.434	83.000
4205.434	77.000
4206.434	84.000
4207.434	89.000
4208.434	102.000
4209.434	69.000
4210.434	83.000
4211.434	88.000
4212.434	75.000
4213.434	90.000
4214.435	85.000
4215.435	83.000
4216.435	71.000
4217.435	79.000
4218.435	80.000
4219.435	93.000
4220.435	85.000
4221.435	95.000
4222.435	77.000
4223.435	78.000
4224.435	76.000
4225.435	81.000
4226.436	72.000
4227.436	84.000
4228.436	71.000
4229.436	96.000
4230.436	79.000
4231.436	88.000
4232.436	96.000
4233.436	76.000
4234.436	99.000
4235.436	78.000
4236.436	74.000
4237.436	80.000
4238.437	79.000
4239.437	95.000
4240.437	63.000
4241.437	70.000
4242.437	85.000
4243.437	73.000
4244.437	82.000
4245.437	85.000
4246.437	71.000
4247.437	73.000
4248.437	84.000
4249.437	85.000
4250.438	75.000
4251.438	82.000
4252.438	85.000
4253.438	96.000
4254.438	78.000
4255.438	86.000
4256.438	75.000
4257.438	86.000
4258.438	88.000
4259.438	75.000
4260.438	79.000
4261.438	71.000
4262.439	91.000
4263.439	83.000
4264.439	64.000
4265.439	95.000
4266.439	82.000
4267.439	75.000
4268.439	75.000
4269.439	91.000
4270.439	87.000
4271.439	68.000
4272.439	56.000
4273.439	81.000
4274.440	81.000
4275.440	94.000
4276.440	64.000
4277.440	79.000
4278.440	67.000
4279.440	73.000
4280.440	90.000
4281.440	92.000
4282.440	92.000
4283.440	93.000
4284.440	90.000
4285.440	91.000
4286.441	86.000
4287.441	92.000
4288.441	65.000
4289.441	74.000
4290.441	71.000
4291.441	80.000
4292.441	97.000
4293.441	73.000
4294.441	77.000
4295.441	80.000
4296.441	81.000
4297.441	73.000
4298.442	74.000
4299.442	81.000
4300.442	58.000
4301.442	96.000
4302.442	71.000
4303.442	75.000
4304.442	75.000
4305.442	59.000
4306.442	68.000
4307.442	64.000
4308.442	73.000
4309.442	73.000
4310.443	75.000
4311.443	70.000
4312.443	69.000
4313.443	90.000
4314.443	70.000
4315.443	70.000
4316.443	77.000
4317.443	83.000
4318.443	65.000
4319.443	70.000
4320.443	68.000
4321.443	87.000
4322.444	68.000
4323.444	69.000
4324.444	76.000
4325.444	73.000
4326.444	74.000
4327.444	63.000
4328.444	71.000
4329.444	82.000
4330.444	74.000
4331.444	67.000
4332.444	78.000
4333.444	69.000
4334.445	70.000
4335.445	69.000
4336.445	64.000
4337.445	56.000
4338.445	59.000
4339.445	56.000
4340.445	62.000
4341.445	65.000
4342.445	84.000
4343.445	68.000
4344.445	74.000
4345.445	58.000
4346.446	61.000
4347.446	62.000
4348.446	57.000
4349.446	54.000
4350.446	60.000
4351.446	47.000
4352.446	63.000
4353.446	68.000
4354.446	55.000
4355.446	68.000
4356.446	69.000
4357.446	71.000
4358.447	69.000
4359.447	67.000
4360.447	65.000
4361.447	61.000
4362.447	66.000
4363.447	55.000
4364.447	50.000
4365.447	58.000
4366.447	48.000
4367.447	45.000
4368.447	62.000
4369.447	74.000
4370.448	60.000
4371.448	56.000
4372.448	57.000
4373.448	55.000
4374.448	70.000
4375.448	57.000
4376.448	59.000
4377.448	57.000
4378.448	57.000
4379.448	54.000
4380.448	53.000
4381.448	58.000
4382.449	63.000
4383.449	68.000
4384.449	65.000
4385.449	52.000
4386.449	64.000
4387.449	50.000
4388.449	56.000
4389.449	57.000
4390.449	47.000
4391.449	59.000
4392.449	44.000
4393.449	54.000
4394.450	51.000
4395.450	48.000
4396.450	62.000
4397.450	40.000
4398.450	54.000
4399.450	37.000
4400.450	56.000
4401.450	43.000
4402.450	47.000
4403.450	51.000
4404.450	63.000
4405.450	42.000
4406.451	58.000
4407.451	46.000
4408.451	43.000
4409.451	48.000
4410.451	44.000
4411.451	47.000
4412.451	35.000
4413.451	43.000
4414.451	39.000
4415.451	46.000
4416.451	42.000
4417.451	38.000
4418.452	42.000
4419.452	55.000
4420.452	48.000
4421.452	43.000
4422.452	42.000
4423.452	38.000
4424.452	50.000
4425.452	45.000
4426.452	32.000
4427.452	54.000
4428.452	43.000
4429.452	45.000
4430.453	45.000
4431.453	41.000
4432.453	42.000
4433.453	39.000
4434.453	38.000
4435.453	52.000
4436.453	33.000
4437.453	51.000
4438.453	50.000
4439.453	41.000
4440.453	47.000
4441.453	32.000
4442.454	38.000
4443.454	34.000
4444.454	37.000
4445.454	48.000
4446.454	44.000
4447.454	53.000
4448.454	32.000
4449.454	32.000
4450.454	51.000
4451.454	50.000
4452.454	28.000
4453.454	37.000
4454.455	41.000
4455.455	51.000
4456.455	38.000
4457.455	29.000
4458.455	53.000
4459.455	29.000
4460.455	48.000
4461.455	36.000
4462.455	35.000
4463.455	35.000
4464.455	33.000
4465.455	39.000
4466.456	37.000
4467.456	38.000
4468.456	36.000
4469.456	33.000
4470.456	36.000
4471.456	41.000
4472.456	33.000
4473.456	34.000
4474.456	29.000
4475.456	43.000
4476.456	34.000
4477.456	37.000
4478.457	40.000
4479.457	35.000
4480.457	34.000
4481.457	33.000
4482.457	38.000
4483.457	32.000
4484.457	31.000
4485.457	37.000
4486.457	18.000
4487.457	43.000
4488.457	44.000
4489.457	25.000
4490.458	32.000
4491.458	38.000
4492.458	26.000
4493.458	27.000
4494.458	30.000
4495.458	32.000
4496.458	40.000
4497.458	37.000
4498.458	37.000
4499.458	26.000
4500.458	43.000
4501.458	36.000
4502.459	39.000
4503.459	35.000
4504.459	24.000
4505.459	38.000
4506.459	30.000
4507.459	31.000
4508.459	30.000
4509.459	32.000
4510.459	33.000
4511.459	38.000
4512.459	39.000
4513.459	35.000
4514.460	33.000
4515.460	30.000
4516.460	36.000
4517.460	28.000
4518.460	34.000
4519.460	29.000
4520.460	25.000
4521.460	24.000
4522.460	40.000
4523.460	40.000
4524.460	26.000
4525.460	22.000
4526.461	35.000
4527.461	36.000
4528.461	40.000
4529.461	41.000
4530.461	28.000
4531.461	25.000
4532.461	29.000
4533.461	28.000
4534.461	37.000
4535.461	32.000
4536.461	29.000
4537.461	36.000
4538.462	35.000
4539.462	28.000
4540.462	32.000
4541.462	30.000
4542.462	28.000
4543.462	37.000
4544.462	26.000
4545.462	29.000
4546.462	38.000
4547.462	32.000
4548.462	28.000
4549.462	34.000
4550.463	25.000
4551.463	22.000
4552.463	29.000
4553.463	39.000
4554.463	25.000
4555.463	36.000
4556.463	25.000
4557.463	34.000
4558.463	35.000
4559.463	24.000
4560.463	24.000
4561.463	26.000
4562.464	34.000
4563.464	39.000
4564.464	31.000
4565.464	34.000
4566.464	37.000
4567.464	31.000
4568.464	33.000
4569.464	28.000
4570.464	23.000
4571.464	24.000
4572.464	35.000
4573.464	27.000
4574.465	31.000
4575.465	27.000
4576.465	29.000
4577.465	35.000
4578.465	32.000
4579.465	30.000
4580.465	38.000
4581.465	31.000
4582.465	29.000
4583.465	27.000
4584.465	35.000
4585.465	33.000
4586.466	29.000
4587.466	34.000
4588.466	42.000
4589.466	32.000
4590.466	37.000
4591.466	31.000
4592.466	33.000
4593.466	39.000
4594.466	27.000
4595.466	33.000
4596.466	21.000
4597.466	21.000
4598.467	32.000
4599.467	34.000
4600.467	31.000
4601.467	40.000
4602.467	27.000
4603.467	32.000
4604.467	42.000
4605.467	26.000
4606.467	33.000
4607.467	32.000
4608.467	41.000
4609.467	31.000
4610.468	43.000
4611.468	27.000
4612.468	42.000
4613.468	36.000
4614.468	32.000
4615.468	32.000
4616.468	36.000
4617.468	30.000
4618.468	30.000
4619.468	27.000
4620.468	31.000
4621.468	27.000
4622.469	22.000
4623.469	29.000
4624.469	31.000
4625.469	32.000
4626.469	25.000
4627.469	27.000
4628.469	29.000
4629.469	36.000
4630.469	32.000
4631.469	44.000
4632.469	34.000
4633.469	20.000
4634.470	44.000
4635.470	27.000
4636.470	23.000
4637.470	44.000
4638.470	35.000
4639.470	27.000
4640.470	37.000
4641.470	45.000
4642.470	36.000
4643.470	23.000
4644.470	31.000
4645.470	26.000
4646.471	39.000
4647.471	37.000
4648.471	36.000
4649.471	32.000
4650.471	36.000
4651.471	32.000
4652.471	35.000
4653.471	37.000
4654.471	33.000
4655.471	45.000
4656.471	24.000
4657.471	30.000
4658.472	37.000
4659.472	29.000
4660.472	29.000
4661.472	26.000
4662.472	38.000
4663.472	37.000
4664.472	36.000
4665.472	27.000
4666.472	32.000
4667.472	43.000
4668.472	32.000
4669.472	34.000
4670.473	29.000
4671.473	29.000
4672.473	32.000
4673.473	31.000
4674.473	37.000
4675.473	26.000
4676.473	31.000
4677.473	26.000
4678.473	43.000
4679.473	32.000
4680.473	45.000
4681.473	39.000
4682.474	31.000
4683.474	28.000
4684.474	25.000
4685.474	30.000
4686.474	35.000
4687.474	43.000
4688.474	35.000
4689.474	25.000
4690.474	39.000
4691.474	30.000
4692.474	32.000
4693.474	36.000
4694.475	30.000
4695.475	28.000
4696.475	26.000
4697.475	32.000
4698.475	23.000
4699.475	40.000
4700.475	38.000
4701.475	30.000
4702.475	41.000
4703.475	32.000
4704.475	31.000
4705.475	32.000
4706.476	26.000
4707.476	36.000
4708.476	40.000
4709.476	24.000
4710.476	27.000
4711.476	43.000
4712.476	31.000
4713.476	44.000
4714.476	22.000
4715.476	34.000
4716.476	30.000
4717.476	37.000
4718.477	33.000
4719.477	33.000
4720.477	35.000
4721.477	26.000
4722.477	38.000
4723.477	31.000
4724.477	34.000
4725.477	36.000
4726.477	37.000
4727.477	33.000
4728.477	41.000
4729.477	32.000
4730.478	40.000
4731.478	35.000
4732.478	26.000
4733.478	34.000
4734.478	30.000
4735.478	31.000
4736.478	38.000
4737.478	29.000
4738.478	31.000
4739.478	33.000
4740.478	33.000
4741.478	46.000
4742.479	30.000
4743.479	27.000
4744.479	35.000
4745.479	28.000
4746.479	35.000
4747.479	27.000
4748.479	33.000
4749.479	37.000
4750.479	39.000
4751.479	29.000
4752.479	32.000
4753.479	22.000
4754.480	36.000
4755.480	37.000
4756.480	31.000
4757.480	38.000
4758.480	28.000
4759.480	37.000
4760.480	28.000
4761.480	36.000
4762.480	46.000
4763.480	34.000
4764.480	36.000
4765.480	34.000
4766.481	31.000
4767.481	34.000
4768.481	35.000
4769.481	33.000
4770.481	30.000
4771.481	30.000
4772.481	25.000
4773.481	27.000
4774.481	31.000
4775.481	33.000
4776.481	34.000
4777.481	36.000
4778.482	34.000
4779.482	43.000
4780.482	28.000
4781.482	27.000
4782.482	26.000
4783.482	33.000
4784.482	35.000
4785.482	22.000
4786.482	37.000
4787.482	22.000
4788.482	33.000
4789.482	37.000
4790.483	18.000
4791.483	37.000
4792.483	37.000
4793.483	32.000
4794.483	36.000
4795.483	42.000
4796.483	27.000
4797.483	29.000
4798.483	21.000
4799.483	21.000
4800.483	32.000
4801.483	30.000
4802.484	25.000
4803.484	36.000
4804.484	32.000
4805.484	35.000
4806.484	39.000
4807.484	40.000
4808.484	34.000
4809.484	27.000
4810.484	44.000
4811.484	24.000
4812.484	27.000
4813.484	35.000
4814.485	40.000
4815.485	32.000
4816.485	38.000
4817.485	27.000
4818.485	30.000
4819.485	27.000
4820.485	37.000
4821.485	28.000
4822.485	36.000
4823.485	31.000
4824.485	26.000
4825.485	29.000
4826.486	23.000
4827.486	32.000
4828.486	42.000
4829.486	29.000
4830.486	34.000
4831.486	34.000
4832.486	33.000
4833.486	33.000
4834.486	36.000
4835.486	30.000
4836.486	34.000
4837.486	40.000
4838.487	29.000
4839.487	37.000
4840.487	29.000
4841.487	30.000
4842.487	30.000
4843.487	36.000
4844.487	25.000
4845.487	34.000
4846.487	34.000
4847.487	28.000
4848.487	30.000
4849.487	35.000
4850.488	31.000
4851.488	34.000
4852.488	27.000
4853.488	27.000
4854.488	31.000
4855.488	34.000
4856.488	27.000
4857.488	32.000
4858.488	35.000
4859.488	23.000
4860.488	29.000
4861.488	32.000
4862.489	40.000
4863.489	28.000
4864.489	36.000
4865.489	27.000
4866.489	36.000
4867.489	33.000
4868.489	32.000
4869.489	31.000
4870.489	24.000
4871.489	35.000
4872.489	32.000
4873.489	34.000
4874.490	26.000
4875.490	29.000
4876.490	34.000
4877.490	29.000
4878.490	24.000
4879.490	37.000
4880.490	37.000
4881.490	37.000
4882.490	33.000
4883.490	42.000
4884.490	33.000
4885.490	25.000
4886.491	40.000
4887.491	34.000
4888.491	39.000
4889.491	28.000
4890.491	31.000
4891.491	22.000
4892.491	29.000
4893.491	24.000
4894.491	17.000
4895.491	30.000
4896.491	25.000
4897.491	26.000
4898.492	20.000
4899.492	31.000
4900.492	29.000
4901.492	40.000
4902.492	24.000
4903.492	34.000
4904.492	28.000
4905.492	31.000
4906.492	30.000
4907.492	27.000
4908.492	31.000
4909.492	36.000
4910.493	34.000
4911.493	45.000
4912.493	28.000
4913.493	33.000
4914.493	40.000
4915.493	23.000
4916.493	21.000
4917.493	31.000
4918.493	31.000
4919.493	32.000
4920.493	29.000
4921.493	27.000
4922.494	28.000
4923.494	24.000
4924.494	32.000
4925.494	33.000
4926.494	33.000
4927.494	22.000
4928.494	26.000
4929.494	36.000
4930.494	36.000
4931.494	26.000
4932.494	28.000
4933.494	35.000
4934.495	34.000
4935.495	30.000
4936.495	27.000
4937.495	27.000
4938.495	29.000
4939.495	27.000
4940.495	26.000
4941.495	33.000
4942.495	25.000
4943.495	35.000
4944.495	23.000
4945.495	29.000
4946.496	25.000
4947.496	32.000
4948.496	35.000
4949.496	34.000
4950.496	38.000
4951.496	34.000
4952.496	33.000
4953.496	28.000
4954.496	27.000
4955.496	31.000
4956.496	29.000
4957.496	31.000
4958.497	27.000
4959.497	36.000
4960.497	27.000
4961.497	25.000
4962.497	19.000
4963.497	30.000
4964.497	37.000
4965.497	41.000
4966.497	40.000
4967.497	28.000
4968.497	36.000
4969.497	25.000
4970.498	33.000
4971.498	27.000
4972.498	31.000
4973.498	27.000
4974.498	31.000
4975.498	36.000
4976.498	32.000
4977.498	30.000
4978.498	36.000
4979.498	33.000
4980.498	36.000
4981.498	34.000
4982.499	29.000
4983.499	31.000
4984.499	29.000
4985.499	29.000
4986.499	29.000
4987.499	31.000
4988.499	46.000
4989.499	32.000
4990.499	29.000
4991.499	29.000
4992.499	31.000
4993.499	34.000
4994.500	31.000
4995.500	40.000
4996.500	34.000
4997.500	40.000
4998.500	31.000
4999.500	39.000
