-1000.000	0.000
-999.000	0.000
-998.000	0.000
-997.000	0.000
-995.999	0.000
-994.999	0.000
-993.999	0.000
-992.999	0.000
-991.999	0.000
-990.999	0.000
-989.999	0.000
-988.999	0.000
-987.998	0.000
-986.998	0.000
-985.998	0.000
-984.998	0.000
-983.998	0.000
-982.998	0.000
-981.998	0.000
-980.998	0.000
-979.997	0.000
-978.997	0.000
-977.997	0.000
-976.997	0.000
-975.997	0.000
-974.997	0.000
-973.997	0.000
-972.997	0.000
-971.996	0.000
-970.996	0.000
-969.996	0.000
-968.996	0.000
-967.996	0.000
-966.996	0.000
-965.996	0.000
-964.996	0.000
-963.995	0.000
-962.995	0.000
-961.995	0.000
-960.995	0.000
-959.995	0.000
-958.995	0.000
-957.995	0.000
-956.995	0.000
-955.994	0.000
-954.994	0.000
-953.994	0.000
-952.994	0.000
-951.994	0.000
-950.994	0.000
-949.994	0.000
-948.994	0.000
-947.993	0.000
-946.993	0.000
-945.993	0.000
-944.993	0.000
-943.993	0.000
-942.993	0.000
-941.993	0.000
-940.993	0.000
-939.992	0.000
-938.992	0.000
-937.992	0.000
-936.992	0.000
-935.992	0.000
-934.992	0.000
-933.992	0.000
-932.992	0.000
-931.991	0.000
-930.991	0.000
-929.991	0.000
-928.991	0.000
-927.991	0.000
-926.991	0.000
-925.991	0.000
-924.991	0.000
-923.990	0.000
-922.990	0.000
-921.990	0.000
-920.990	0.000
-919.990	0.000
-918.990	0.000
-917.990	0.000
-916.990	0.000
-915.989	0.000
-914.989	0.000
-913.989	0.000
-912.989	0.000
-911.989	0.000
-910.989	0.000
-909.989	0.000
-908.989	0.000
-907.988	0.000
-906.988	0.000
-905.988	0.000
-904.988	0.000
-903.988	0.000
-902.988	0.000
-901.988	0.000
-900.988	0.000
-899.987	0.000
-898.987	0.000
-897.987	0.000
-896.987	0.000
-895.987	0.000
-894.987	0.000
-893.987	0.000
-892.987	0.000
-891.986	0.000
-890.986	0.000
-889.986	0.000
-888.986	0.000
-887.986	0.000
-886.986	0.000
-885.986	0.000
-884.986	0.000
-883.985	0.000
-882.985	0.000
-881.985	0.000
-880.985	0.000
-879.985	0.000
-878.985	0.000
-877.985	0.000
-876.985	0.000
-875.984	0.000
-874.984	0.000
-873.984	0.000
-872.984	0.000
-871.984	0.000
-870.984	0.000
-869.984	0.000
-868.984	0.000
-867.983	0.000
-866.983	0.000
-865.983	0.000
-864.983	0.000
-863.983	0.000
-862.983	0.000
-861.983	0.000
-860.983	0.000
-859.982	0.000
-858.982	0.000
-857.982	0.000
-856.982	0.000
-855.982	0.000
-854.982	0.000
-853.982	0.000
-852.982	0.000
-851.981	0.000
-850.981	0.000
-849.981	0.000
-848.981	0.000
-847.981	0.000
-846.981	0.000
-845.981	0.000
-844.981	0.000
-843.980	0.000
-842.980	0.000
-841.980	0.000
-840.980	0.000
-839.980	0.000
-838.980	0.000
-837.980	0.000
-836.980	0.000
-835.979	0.000
-834.979	0.000
-833.979	0.000
-832.979	0.000
-831.979	0.000
-830.979	0.000
-829.979	0.000
-828.979	0.000
-827.978	0.000
-826.978	0.000
-825.978	0.000
-824.978	0.000
-823.978	0.000
-822.978	0.000
-821.978	0.000
-820.978	0.000
-819.977	0.000
-818.977	0.000
-817.977	0.000
-816.977	0.000
-815.977	0.000
-814.977	0.000
-813.977	0.000
-812.977	0.000
-811.976	0.000
-810.976	0.000
-809.976	0.000
-808.976	0.000
-807.976	0.000
-806.976	0.000
-805.976	0.000
-804.976	0.000
-803.975	0.000
-802.975	0.000
-801.975	0.000
-800.975	0.000
-799.975	0.000
-798.975	0.000
-797.975	0.000
-796.975	0.000
-795.974	0.000
-794.974	0.000
-793.974	0.000
-792.974	0.000
-791.974	0.000
-790.974	0.000
-789.974	0.000
-788.974	0.000
-787.973	0.000
-786.973	0.000
-785.973	0.000
-784.973	0.000
-783.973	0.000
-782.973	0.000
-781.973	0.000
-780.973	0.000
-779.972	0.000
-778.972	0.000
-777.972	0.000
-776.972	0.000
-775.972	0.000
-774.972	0.000
-773.972	0.000
-772.972	0.000
-771.971	0.000
-770.971	0.000
-769.971	0.000
-768.971	0.000
-767.971	0.000
-766.971	0.000
-765.971	0.000
-764.971	0.000
-763.970	0.000
-762.970	0.000
-761.970	0.000
-760.970	0.000
-759.970	0.000
-758.970	0.000
-757.970	0.000
-756.970	0.000
-755.969	0.000
-754.969	0.000
-753.969	0.000
-752.969	0.000
-751.969	0.000
-750.969	0.000
-749.969	0.000
-748.969	0.000
-747.968	0.000
-746.968	0.000
-745.968	0.000
-744.968	0.000
-743.968	0.000
-742.968	0.000
-741.968	0.000
-740.968	0.000
-739.967	0.000
-738.967	0.000
-737.967	0.000
-736.967	0.000
-735.967	0.000
-734.967	0.000
-733.967	0.000
-732.967	0.000
-731.966	0.000
-730.966	0.000
-729.966	0.000
-728.966	0.000
-727.966	0.000
-726.966	0.000
-725.966	0.000
-724.966	0.000
-723.965	0.000
-722.965	0.000
-721.965	0.000
-720.965	0.000
-719.965	0.000
-718.965	0.000
-717.965	0.000
-716.965	0.000
-715.964	0.000
-714.964	0.000
-713.964	0.000
-712.964	0.000
-711.964	0.000
-710.964	0.000
-709.964	0.000
-708.964	0.000
-707.963	0.000
-706.963	0.000
-705.963	0.000
-704.963	0.000
-703.963	0.000
-702.963	0.000
-701.963	0.000
-700.963	0.000
-699.962	0.000
-698.962	0.000
-697.962	0.000
-696.962	0.000
-695.962	0.000
-694.962	0.000
-693.962	0.000
-692.962	0.000
-691.961	0.000
-690.961	0.000
-689.961	0.000
-688.961	0.000
-687.961	0.000
-686.961	0.000
-685.961	0.000
-684.961	0.000
-683.960	0.000
-682.960	0.000
-681.960	0.000
-680.960	0.000
-679.960	0.000
-678.960	0.000
-677.960	0.000
-676.960	0.000
-675.959	0.000
-674.959	0.000
-673.959	0.000
-672.959	0.000
-671.959	0.000
-670.959	0.000
-669.959	0.000
-668.959	0.000
-667.958	0.000
-666.958	0.000
-665.958	0.000
-664.958	0.000
-663.958	0.000
-662.958	0.000
-661.958	0.000
-660.958	0.000
-659.957	0.000
-658.957	0.000
-657.957	0.000
-656.957	0.000
-655.957	0.000
-654.957	0.000
-653.957	0.000
-652.957	0.000
-651.956	0.000
-650.956	0.000
-649.956	0.000
-648.956	0.000
-647.956	0.000
-646.956	0.000
-645.956	0.000
-644.956	0.000
-643.955	0.000
-642.955	0.000
-641.955	0.000
-640.955	0.000
-639.955	0.000
-638.955	0.000
-637.955	0.000
-636.955	0.000
-635.954	0.000
-634.954	0.000
-633.954	0.000
-632.954	0.000
-631.954	0.000
-630.954	0.000
-629.954	0.000
-628.954	0.000
-627.953	0.000
-626.953	0.000
-625.953	0.000
-624.953	0.000
-623.953	0.000
-622.953	0.000
-621.953	0.000
-620.953	0.000
-619.952	0.000
-618.952	0.000
-617.952	0.000
-616.952	0.000
-615.952	0.000
-614.952	0.000
-613.952	0.000
-612.952	0.000
-611.951	0.000
-610.951	0.000
-609.951	0.000
-608.951	0.000
-607.951	0.000
-606.951	0.000
-605.951	0.000
-604.951	0.000
-603.950	0.000
-602.950	0.000
-601.950	0.000
-600.950	0.000
-599.950	0.000
-598.950	0.000
-597.950	0.000
-596.950	0.000
-595.949	0.000
-594.949	0.000
-593.949	0.000
-592.949	0.000
-591.949	0.000
-590.949	0.000
-589.949	0.000
-588.949	0.000
-587.948	0.000
-586.948	0.000
-585.948	0.000
-584.948	0.000
-583.948	0.000
-582.948	0.000
-581.948	0.000
-580.948	0.000
-579.947	0.000
-578.947	0.000
-577.947	0.000
-576.947	0.000
-575.947	0.000
-574.947	0.000
-573.947	0.000
-572.947	0.000
-571.946	0.000
-570.946	0.000
-569.946	0.000
-568.946	0.000
-567.946	0.000
-566.946	0.000
-565.946	0.000
-564.946	0.000
-563.945	0.000
-562.945	0.000
-561.945	0.000
-560.945	0.000
-559.945	0.000
-558.945	0.000
-557.945	0.000
-556.945	0.000
-555.944	0.000
-554.944	0.000
-553.944	0.000
-552.944	0.000
-551.944	0.000
-550.944	0.000
-549.944	0.000
-548.944	0.000
-547.943	0.000
-546.943	0.000
-545.943	0.000
-544.943	0.000
-543.943	0.000
-542.943	0.000
-541.943	0.000
-540.943	0.000
-539.942	0.000
-538.942	0.000
-537.942	0.000
-536.942	0.000
-535.942	0.000
-534.942	0.000
-533.942	0.000
-532.942	0.000
-531.941	0.000
-530.941	0.000
-529.941	0.000
-528.941	0.000
-527.941	0.000
-526.941	0.000
-525.941	0.000
-524.941	0.000
-523.940	0.000
-522.940	0.000
-521.940	0.000
-520.940	0.000
-519.940	0.000
-518.940	0.000
-517.940	0.000
-516.940	0.000
-515.939	0.000
-514.939	0.000
-513.939	0.000
-512.939	0.000
-511.939	0.000
-510.939	0.000
-509.939	0.000
-508.939	0.000
-507.938	0.000
-506.938	0.000
-505.938	0.000
-504.938	0.000
-503.938	0.000
-502.938	0.000
-501.938	0.000
-500.938	0.000
-499.937	0.000
-498.937	0.000
-497.937	0.000
-496.937	0.000
-495.937	0.000
-494.937	0.000
-493.937	0.000
-492.937	0.000
-491.936	0.000
-490.936	0.000
-489.936	0.000
-488.936	0.000
-487.936	0.000
-486.936	0.000
-485.936	0.000
-484.936	0.000
-483.935	0.000
-482.935	0.000
-481.935	0.000
-480.935	0.000
-479.935	0.000
-478.935	0.000
-477.935	0.000
-476.935	0.000
-475.934	0.000
-474.934	0.000
-473.934	0.000
-472.934	0.000
-471.934	0.000
-470.934	0.000
-469.934	0.000
-468.934	0.000
-467.933	0.000
-466.933	0.000
-465.933	0.000
-464.933	0.000
-463.933	0.000
-462.933	0.000
-461.933	0.000
-460.933	0.000
-459.932	0.000
-458.932	0.000
-457.932	0.000
-456.932	0.000
-455.932	0.000
-454.932	0.000
-453.932	0.000
-452.932	0.000
-451.931	0.000
-450.931	0.000
-449.931	0.000
-448.931	0.000
-447.931	0.000
-446.931	0.000
-445.931	0.000
-444.931	0.000
-443.930	0.000
-442.930	0.000
-441.930	0.000
-440.930	0.000
-439.930	0.000
-438.930	0.000
-437.930	0.000
-436.930	0.000
-435.929	0.000
-434.929	0.000
-433.929	0.000
-432.929	0.000
-431.929	0.000
-430.929	0.000
-429.929	0.000
-428.929	0.000
-427.928	0.000
-426.928	0.000
-425.928	0.000
-424.928	0.000
-423.928	0.000
-422.928	0.000
-421.928	0.000
-420.928	0.000
-419.927	0.000
-418.927	0.000
-417.927	0.000
-416.927	0.000
-415.927	0.000
-414.927	0.000
-413.927	0.000
-412.927	0.000
-411.926	0.000
-410.926	0.000
-409.926	0.000
-408.926	0.000
-407.926	0.000
-406.926	0.000
-405.926	0.000
-404.926	0.000
-403.925	0.000
-402.925	0.000
-401.925	0.000
-400.925	0.000
-399.925	0.000
-398.925	0.000
-397.925	0.000
-396.925	0.000
-395.924	0.000
-394.924	0.000
-393.924	0.000
-392.924	0.000
-391.924	0.000
-390.924	0.000
-389.924	0.000
-388.924	0.000
-387.923	0.000
-386.923	0.000
-385.923	0.000
-384.923	0.000
-383.923	0.000
-382.923	0.000
-381.923	0.000
-380.923	0.000
-379.922	0.000
-378.922	0.000
-377.922	0.000
-376.922	0.000
-375.922	0.000
-374.922	0.000
-373.922	0.000
-372.922	0.000
-371.921	0.000
-370.921	0.000
-369.921	0.000
-368.921	0.000
-367.921	0.000
-366.921	0.000
-365.921	0.000
-364.921	0.000
-363.920	0.000
-362.920	0.000
-361.920	0.000
-360.920	0.000
-359.920	0.000
-358.920	0.000
-357.920	0.000
-356.920	0.000
-355.919	0.000
-354.919	0.000
-353.919	0.000
-352.919	0.000
-351.919	0.000
-350.919	0.000
-349.919	0.000
-348.919	0.000
-347.918	0.000
-346.918	0.000
-345.918	0.000
-344.918	0.000
-343.918	0.000
-342.918	0.000
-341.918	0.000
-340.918	0.000
-339.917	0.000
-338.917	0.000
-337.917	0.000
-336.917	0.000
-335.917	0.000
-334.917	0.000
-333.917	0.000
-332.917	0.000
-331.916	0.000
-330.916	0.000
-329.916	0.000
-328.916	0.000
-327.916	0.000
-326.916	0.000
-325.916	0.000
-324.916	0.000
-323.915	0.000
-322.915	0.000
-321.915	0.000
-320.915	0.000
-319.915	0.000
-318.915	0.000
-317.915	0.000
-316.915	0.000
-315.914	0.000
-314.914	0.000
-313.914	0.000
-312.914	0.000
-311.914	0.000
-310.914	0.000
-309.914	0.000
-308.914	0.000
-307.913	0.000
-306.913	0.000
-305.913	0.000
-304.913	0.000
-303.913	0.000
-302.913	0.000
-301.913	0.000
-300.913	0.000
-299.912	0.000
-298.912	0.000
-297.912	0.000
-296.912	0.000
-295.912	0.000
-294.912	0.000
-293.912	0.000
-292.912	0.000
-291.911	0.000
-290.911	0.000
-289.911	0.000
-288.911	0.000
-287.911	0.000
-286.911	0.000
-285.911	0.000
-284.911	0.000
-283.910	0.000
-282.910	0.000
-281.910	0.000
-280.910	0.000
-279.910	0.000
-278.910	0.000
-277.910	0.000
-276.910	0.000
-275.909	0.000
-274.909	0.000
-273.909	0.000
-272.909	0.000
-271.909	0.000
-270.909	0.000
-269.909	0.000
-268.909	0.000
-267.908	0.000
-266.908	0.000
-265.908	0.000
-264.908	0.000
-263.908	0.000
-262.908	0.000
-261.908	0.000
-260.908	0.000
-259.907	0.000
-258.907	0.000
-257.907	0.000
-256.907	0.000
-255.907	0.000
-254.907	0.000
-253.907	0.000
-252.907	0.000
-251.906	0.000
-250.906	0.000
-249.906	0.000
-248.906	0.000
-247.906	0.000
-246.906	0.000
-245.906	0.000
-244.906	0.000
-243.905	0.000
-242.905	0.000
-241.905	0.000
-240.905	0.000
-239.905	0.000
-238.905	0.000
-237.905	0.000
-236.905	0.000
-235.904	0.000
-234.904	0.000
-233.904	0.000
-232.904	0.000
-231.904	0.000
-230.904	0.000
-229.904	0.000
-228.904	0.000
-227.903	0.000
-226.903	0.000
-225.903	0.000
-224.903	0.000
-223.903	0.000
-222.903	0.000
-221.903	0.000
-220.903	0.000
-219.902	0.000
-218.902	0.000
-217.902	0.000
-216.902	0.000
-215.902	0.000
-214.902	0.000
-213.902	0.000
-212.902	0.000
-211.901	0.000
-210.901	0.000
-209.901	0.000
-208.901	0.000
-207.901	0.000
-206.901	0.000
-205.901	0.000
-204.901	0.000
-203.900	0.000
-202.900	0.000
-201.900	0.000
-200.900	0.000
-199.900	0.000
-198.900	0.000
-197.900	0.000
-196.900	0.000
-195.899	0.000
-194.899	0.000
-193.899	0.000
-192.899	0.000
-191.899	0.000
-190.899	0.000
-189.899	0.000
-188.899	0.000
-187.898	0.000
-186.898	0.000
-185.898	0.000
-184.898	0.000
-183.898	0.000
-182.898	0.000
-181.898	0.000
-180.898	0.000
-179.897	0.000
-178.897	0.000
-177.897	0.000
-176.897	0.000
-175.897	0.000
-174.897	0.000
-173.897	0.000
-172.897	0.000
-171.896	0.000
-170.896	0.000
-169.896	0.000
-168.896	0.000
-167.896	0.000
-166.896	0.000
-165.896	0.000
-164.896	0.000
-163.895	0.000
-162.895	0.000
-161.895	0.000
-160.895	0.000
-159.895	1.000
-158.895	1.000
-157.895	0.000
-156.895	0.000
-155.894	1.000
-154.894	0.000
-153.894	0.000
-152.894	0.000
-151.894	0.000
-150.894	0.000
-149.894	0.000
-148.894	0.000
-147.893	0.000
-146.893	0.000
-145.893	0.000
-144.893	0.000
-143.893	0.000
-142.893	1.000
-141.893	2.000
-140.893	1.000
-139.892	1.000
-138.892	2.000
-137.892	1.000
-136.892	0.000
-135.892	0.000
-134.892	1.000
-133.892	2.000
-132.892	0.000
-131.891	1.000
-130.891	2.000
-129.891	4.000
-128.891	1.000
-127.891	1.000
-126.891	4.000
-125.891	3.000
-124.891	2.000
-123.890	1.000
-122.890	2.000
-121.890	2.000
-120.890	2.000
-119.890	6.000
-118.890	3.000
-117.890	2.000
-116.890	0.000
-115.889	3.000
-114.889	3.000
-113.889	10.000
-112.889	6.000
-111.889	2.000
-110.889	8.000
-109.889	2.000
-108.889	8.000
-107.888	7.000
-106.888	12.000
-105.888	11.000
-104.888	7.000
-103.888	12.000
-102.888	10.000
-101.888	9.000
-100.888	12.000
-99.887	9.000
-98.887	9.000
-97.887	9.000
-96.887	17.000
-95.887	16.000
-94.887	9.000
-93.887	11.000
-92.887	14.000
-91.886	16.000
-90.886	10.000
-89.886	14.000
-88.886	11.000
-87.886	23.000
-86.886	19.000
-85.886	18.000
-84.886	24.000
-83.885	18.000
-82.885	24.000
-81.885	19.000
-80.885	13.000
-79.885	28.000
-78.885	25.000
-77.885	30.000
-76.885	35.000
-75.884	29.000
-74.884	43.000
-73.884	30.000
-72.884	31.000
-71.884	31.000
-70.884	34.000
-69.884	41.000
-68.884	41.000
-67.883	50.000
-66.883	51.000
-65.883	48.000
-64.883	45.000
-63.883	62.000
-62.883	57.000
-61.883	50.000
-60.883	65.000
-59.882	68.000
-58.882	82.000
-57.882	59.000
-56.882	86.000
-55.882	70.000
-54.882	80.000
-53.882	64.000
-52.882	81.000
-51.881	93.000
-50.881	100.000
-49.881	87.000
-48.881	75.000
-47.881	92.000
-46.881	94.000
-45.881	94.000
-44.881	106.000
-43.880	101.000
-42.880	98.000
-41.880	95.000
-40.880	109.000
-39.880	102.000
-38.880	107.000
-37.880	119.000
-36.880	111.000
-35.879	113.000
-34.879	116.000
-33.879	120.000
-32.879	124.000
-31.879	152.000
-30.879	120.000
-29.879	133.000
-28.879	116.000
-27.878	139.000
-26.878	131.000
-25.878	155.000
-24.878	155.000
-23.878	175.000
-22.878	150.000
-21.878	165.000
-20.878	190.000
-19.877	181.000
-18.877	169.000
-17.877	179.000
-16.877	173.000
-15.877	170.000
-14.877	168.000
-13.877	183.000
-12.877	160.000
-11.876	149.000
-10.876	167.000
-9.876	167.000
-8.876	213.000
-7.876	193.000
-6.876	204.000
-5.876	198.000
-4.876	186.000
-3.875	222.000
-2.875	176.000
-1.875	192.000
-0.875	209.000
0.125	212.000
1.125	190.000
2.125	189.000
3.125	176.000
4.126	192.000
5.126	210.000
6.126	179.000
7.126	173.000
8.126	221.000
9.126	217.000
10.126	191.000
11.126	208.000
12.127	196.000
13.127	189.000
14.127	181.000
15.127	170.000
16.127	170.000
17.127	173.000
18.127	193.000
19.127	193.000
20.128	175.000
21.128	172.000
22.128	186.000
23.128	177.000
24.128	160.000
25.128	180.000
26.128	174.000
27.128	182.000
28.129	155.000
29.129	160.000
30.129	150.000
31.129	166.000
32.129	185.000
33.129	184.000
34.129	169.000
35.129	136.000
36.130	159.000
37.130	164.000
38.130	142.000
39.130	184.000
40.130	152.000
41.130	130.000
42.130	140.000
43.130	143.000
44.131	117.000
45.131	143.000
46.131	152.000
47.131	117.000
48.131	135.000
49.131	121.000
50.131	108.000
51.131	126.000
52.132	109.000
53.132	107.000
54.132	115.000
55.132	112.000
56.132	96.000
57.132	99.000
58.132	112.000
59.132	93.000
60.133	81.000
61.133	78.000
62.133	92.000
63.133	77.000
64.133	82.000
65.133	88.000
66.133	81.000
67.133	75.000
68.134	80.000
69.134	76.000
70.134	64.000
71.134	79.000
72.134	76.000
73.134	63.000
74.134	60.000
75.134	64.000
76.135	54.000
77.135	57.000
78.135	51.000
79.135	51.000
80.135	55.000
81.135	50.000
82.135	57.000
83.135	52.000
84.136	40.000
85.136	53.000
86.136	35.000
87.136	48.000
88.136	39.000
89.136	31.000
90.136	19.000
91.136	45.000
92.137	36.000
93.137	33.000
94.137	28.000
95.137	32.000
96.137	30.000
97.137	22.000
98.137	17.000
99.137	24.000
100.138	21.000
101.138	15.000
102.138	22.000
103.138	29.000
104.138	18.000
105.138	24.000
106.138	15.000
107.138	23.000
108.139	15.000
109.139	13.000
110.139	15.000
111.139	9.000
112.139	13.000
113.139	11.000
114.139	9.000
115.139	11.000
116.140	13.000
117.140	8.000
118.140	11.000
119.140	12.000
120.140	10.000
121.140	9.000
122.140	6.000
123.140	1.000
124.141	7.000
125.141	6.000
126.141	4.000
127.141	9.000
128.141	5.000
129.141	7.000
130.141	4.000
131.141	2.000
132.142	6.000
133.142	1.000
134.142	2.000
135.142	2.000
136.142	2.000
137.142	3.000
138.142	3.000
139.142	2.000
140.143	0.000
141.143	5.000
142.143	3.000
143.143	5.000
144.143	1.000
145.143	0.000
146.143	3.000
147.143	2.000
148.144	3.000
149.144	5.000
150.144	1.000
151.144	1.000
152.144	2.000
153.144	0.000
154.144	2.000
155.144	0.000
156.145	1.000
157.145	1.000
158.145	1.000
159.145	1.000
160.145	2.000
161.145	2.000
162.145	1.000
163.145	0.000
164.146	2.000
165.146	1.000
166.146	0.000
167.146	2.000
168.146	0.000
169.146	0.000
170.146	0.000
171.146	0.000
172.147	1.000
173.147	0.000
174.147	2.000
175.147	0.000
176.147	0.000
177.147	1.000
178.147	0.000
179.147	1.000
180.148	0.000
181.148	2.000
182.148	1.000
183.148	0.000
184.148	0.000
185.148	0.000
186.148	0.000
187.148	0.000
188.149	0.000
189.149	2.000
190.149	1.000
191.149	1.000
192.149	0.000
193.149	0.000
194.149	0.000
195.149	0.000
196.150	1.000
197.150	0.000
198.150	0.000
199.150	0.000
200.150	2.000
201.150	0.000
202.150	1.000
203.150	1.000
204.151	0.000
205.151	0.000
206.151	0.000
207.151	1.000
208.151	0.000
209.151	1.000
210.151	1.000
211.151	0.000
212.152	0.000
213.152	0.000
214.152	0.000
215.152	0.000
216.152	0.000
217.152	0.000
218.152	0.000
219.152	0.000
220.153	0.000
221.153	2.000
222.153	2.000
223.153	0.000
224.153	1.000
225.153	2.000
226.153	1.000
227.153	1.000
228.154	1.000
229.154	0.000
230.154	1.000
231.154	0.000
232.154	0.000
233.154	0.000
234.154	0.000
235.154	0.000
236.155	0.000
237.155	1.000
238.155	0.000
239.155	0.000
240.155	0.000
241.155	2.000
242.155	2.000
243.155	0.000
244.156	0.000
245.156	0.000
246.156	1.000
247.156	0.000
248.156	0.000
249.156	0.000
250.156	1.000
251.156	1.000
252.157	0.000
253.157	0.000
254.157	1.000
255.157	0.000
256.157	0.000
257.157	0.000
258.157	0.000
259.157	0.000
260.158	0.000
261.158	0.000
262.158	1.000
263.158	1.000
264.158	0.000
265.158	0.000
266.158	0.000
267.158	0.000
268.159	0.000
269.159	2.000
270.159	0.000
271.159	0.000
272.159	0.000
273.159	0.000
274.159	0.000
275.159	0.000
276.160	0.000
277.160	0.000
278.160	1.000
279.160	1.000
280.160	3.000
281.160	0.000
282.160	1.000
283.160	0.000
284.161	2.000
285.161	0.000
286.161	0.000
287.161	0.000
288.161	0.000
289.161	1.000
290.161	3.000
291.161	0.000
292.162	1.000
293.162	0.000
294.162	0.000
295.162	0.000
296.162	0.000
297.162	0.000
298.162	1.000
299.162	1.000
300.163	1.000
301.163	0.000
302.163	0.000
303.163	0.000
304.163	1.000
305.163	0.000
306.163	1.000
307.163	2.000
308.164	0.000
309.164	0.000
310.164	1.000
311.164	0.000
312.164	0.000
313.164	0.000
314.164	0.000
315.164	1.000
316.165	1.000
317.165	0.000
318.165	0.000
319.165	0.000
320.165	2.000
321.165	0.000
322.165	0.000
323.165	0.000
324.166	1.000
325.166	0.000
326.166	0.000
327.166	1.000
328.166	0.000
329.166	0.000
330.166	0.000
331.166	0.000
332.167	0.000
333.167	0.000
334.167	0.000
335.167	0.000
336.167	1.000
337.167	0.000
338.167	0.000
339.167	1.000
340.168	0.000
341.168	1.000
342.168	1.000
343.168	1.000
344.168	1.000
345.168	2.000
346.168	0.000
347.168	0.000
348.169	0.000
349.169	1.000
350.169	0.000
351.169	1.000
352.169	1.000
353.169	2.000
354.169	0.000
355.169	0.000
356.170	0.000
357.170	0.000
358.170	0.000
359.170	1.000
360.170	1.000
361.170	1.000
362.170	1.000
363.170	0.000
364.171	0.000
365.171	0.000
366.171	1.000
367.171	1.000
368.171	1.000
369.171	0.000
370.171	1.000
371.171	0.000
372.172	0.000
373.172	0.000
374.172	1.000
375.172	1.000
376.172	0.000
377.172	0.000
378.172	0.000
379.172	1.000
380.173	0.000
381.173	1.000
382.173	2.000
383.173	1.000
384.173	0.000
385.173	0.000
386.173	1.000
387.173	1.000
388.174	0.000
389.174	2.000
390.174	0.000
391.174	0.000
392.174	0.000
393.174	1.000
394.174	0.000
395.174	0.000
396.175	0.000
397.175	0.000
398.175	0.000
399.175	1.000
400.175	1.000
401.175	1.000
402.175	0.000
403.175	1.000
404.176	1.000
405.176	0.000
406.176	1.000
407.176	0.000
408.176	0.000
409.176	1.000
410.176	0.000
411.176	0.000
412.177	0.000
413.177	1.000
414.177	0.000
415.177	1.000
416.177	0.000
417.177	0.000
418.177	0.000
419.177	1.000
420.178	1.000
421.178	0.000
422.178	0.000
423.178	1.000
424.178	1.000
425.178	0.000
426.178	0.000
427.178	0.000
428.179	0.000
429.179	0.000
430.179	0.000
431.179	1.000
432.179	0.000
433.179	2.000
434.179	0.000
435.179	2.000
436.180	0.000
437.180	0.000
438.180	0.000
439.180	0.000
440.180	1.000
441.180	0.000
442.180	0.000
443.180	0.000
444.181	0.000
445.181	0.000
446.181	0.000
447.181	0.000
448.181	0.000
449.181	0.000
450.181	0.000
451.181	0.000
452.182	0.000
453.182	0.000
454.182	2.000
455.182	0.000
456.182	1.000
457.182	0.000
458.182	0.000
459.182	2.000
460.183	1.000
461.183	0.000
462.183	0.000
463.183	1.000
464.183	0.000
465.183	1.000
466.183	0.000
467.183	0.000
468.184	0.000
469.184	0.000
470.184	0.000
471.184	0.000
472.184	0.000
473.184	0.000
474.184	0.000
475.184	1.000
476.185	0.000
477.185	0.000
478.185	1.000
479.185	1.000
480.185	0.000
481.185	0.000
482.185	0.000
483.185	0.000
484.186	0.000
485.186	0.000
486.186	0.000
487.186	2.000
488.186	0.000
489.186	0.000
490.186	0.000
491.186	0.000
492.187	0.000
493.187	0.000
494.187	0.000
495.187	1.000
496.187	2.000
497.187	0.000
498.187	0.000
499.187	1.000
500.188	2.000
501.188	0.000
502.188	0.000
503.188	0.000
504.188	0.000
505.188	0.000
506.188	0.000
507.188	0.000
508.189	0.000
509.189	0.000
510.189	0.000
511.189	0.000
512.189	0.000
513.189	0.000
514.189	0.000
515.189	1.000
516.190	0.000
517.190	1.000
518.190	0.000
519.190	1.000
520.190	0.000
521.190	2.000
522.190	0.000
523.190	0.000
524.191	0.000
525.191	2.000
526.191	0.000
527.191	2.000
528.191	0.000
529.191	0.000
530.191	1.000
531.191	0.000
532.192	0.000
533.192	0.000
534.192	1.000
535.192	2.000
536.192	0.000
537.192	0.000
538.192	2.000
539.192	1.000
540.193	0.000
541.193	0.000
542.193	0.000
543.193	1.000
544.193	0.000
545.193	0.000
546.193	0.000
547.193	0.000
548.194	1.000
549.194	0.000
550.194	0.000
551.194	0.000
552.194	0.000
553.194	1.000
554.194	1.000
555.194	0.000
556.195	1.000
557.195	1.000
558.195	1.000
559.195	1.000
560.195	1.000
561.195	0.000
562.195	0.000
563.195	1.000
564.196	0.000
565.196	0.000
566.196	0.000
567.196	1.000
568.196	0.000
569.196	2.000
570.196	1.000
571.196	0.000
572.197	0.000
573.197	1.000
574.197	0.000
575.197	0.000
576.197	1.000
577.197	0.000
578.197	1.000
579.197	0.000
580.198	0.000
581.198	1.000
582.198	0.000
583.198	1.000
584.198	1.000
585.198	0.000
586.198	1.000
587.198	0.000
588.199	0.000
589.199	0.000
590.199	1.000
591.199	1.000
592.199	0.000
593.199	0.000
594.199	0.000
595.199	1.000
596.200	1.000
597.200	1.000
598.200	1.000
599.200	1.000
600.200	1.000
601.200	0.000
602.200	0.000
603.200	0.000
604.201	0.000
605.201	0.000
606.201	0.000
607.201	0.000
608.201	0.000
609.201	0.000
610.201	1.000
611.201	1.000
612.202	0.000
613.202	0.000
614.202	2.000
615.202	0.000
616.202	0.000
617.202	0.000
618.202	0.000
619.202	1.000
620.203	1.000
621.203	0.000
622.203	1.000
623.203	0.000
624.203	0.000
625.203	1.000
626.203	2.000
627.203	1.000
628.204	0.000
629.204	0.000
630.204	0.000
631.204	1.000
632.204	1.000
633.204	0.000
634.204	0.000
635.204	0.000
636.205	1.000
637.205	1.000
638.205	1.000
639.205	0.000
640.205	1.000
641.205	0.000
642.205	0.000
643.205	1.000
644.206	2.000
645.206	1.000
646.206	0.000
647.206	0.000
648.206	1.000
649.206	1.000
650.206	0.000
651.206	1.000
652.207	0.000
653.207	1.000
654.207	1.000
655.207	0.000
656.207	0.000
657.207	1.000
658.207	0.000
659.207	1.000
660.208	1.000
661.208	0.000
662.208	0.000
663.208	0.000
664.208	0.000
665.208	1.000
666.208	1.000
667.208	0.000
668.209	2.000
669.209	1.000
670.209	0.000
671.209	0.000
672.209	0.000
673.209	0.000
674.209	0.000
675.209	0.000
676.210	1.000
677.210	0.000
678.210	0.000
679.210	0.000
680.210	0.000
681.210	0.000
682.210	1.000
683.210	0.000
684.211	0.000
685.211	0.000
686.211	0.000
687.211	0.000
688.211	0.000
689.211	4.000
690.211	0.000
691.211	2.000
692.212	2.000
693.212	1.000
694.212	1.000
695.212	0.000
696.212	0.000
697.212	0.000
698.212	0.000
699.212	3.000
700.213	1.000
701.213	0.000
702.213	2.000
703.213	0.000
704.213	0.000
705.213	1.000
706.213	0.000
707.213	0.000
708.214	0.000
709.214	0.000
710.214	0.000
711.214	1.000
712.214	1.000
713.214	3.000
714.214	1.000
715.214	0.000
716.215	1.000
717.215	3.000
718.215	0.000
719.215	2.000
720.215	2.000
721.215	0.000
722.215	1.000
723.215	0.000
724.216	1.000
725.216	1.000
726.216	1.000
727.216	0.000
728.216	1.000
729.216	2.000
730.216	0.000
731.216	0.000
732.217	1.000
733.217	0.000
734.217	3.000
735.217	1.000
736.217	3.000
737.217	1.000
738.217	0.000
739.217	1.000
740.218	0.000
741.218	1.000
742.218	0.000
743.218	0.000
744.218	1.000
745.218	0.000
746.218	1.000
747.218	0.000
748.219	0.000
749.219	0.000
750.219	1.000
751.219	1.000
752.219	1.000
753.219	1.000
754.219	1.000
755.219	2.000
756.220	1.000
757.220	0.000
758.220	1.000
759.220	0.000
760.220	0.000
761.220	1.000
762.220	2.000
763.220	1.000
764.221	1.000
765.221	1.000
766.221	3.000
767.221	1.000
768.221	1.000
769.221	0.000
770.221	1.000
771.221	0.000
772.222	1.000
773.222	0.000
774.222	0.000
775.222	0.000
776.222	0.000
777.222	1.000
778.222	0.000
779.222	2.000
780.223	1.000
781.223	0.000
782.223	1.000
783.223	0.000
784.223	0.000
785.223	0.000
786.223	0.000
787.223	1.000
788.224	0.000
789.224	0.000
790.224	1.000
791.224	2.000
792.224	0.000
793.224	1.000
794.224	0.000
795.224	1.000
796.225	1.000
797.225	0.000
798.225	0.000
799.225	0.000
800.225	1.000
801.225	1.000
802.225	0.000
803.225	0.000
804.226	1.000
805.226	0.000
806.226	1.000
807.226	1.000
808.226	2.000
809.226	0.000
810.226	1.000
811.226	0.000
812.227	0.000
813.227	0.000
814.227	2.000
815.227	1.000
816.227	0.000
817.227	0.000
818.227	1.000
819.227	1.000
820.228	2.000
821.228	1.000
822.228	1.000
823.228	1.000
824.228	1.000
825.228	1.000
826.228	0.000
827.228	1.000
828.229	0.000
829.229	0.000
830.229	2.000
831.229	0.000
832.229	1.000
833.229	0.000
834.229	0.000
835.229	0.000
836.230	0.000
837.230	1.000
838.230	1.000
839.230	1.000
840.230	0.000
841.230	1.000
842.230	0.000
843.230	0.000
844.231	1.000
845.231	0.000
846.231	1.000
847.231	1.000
848.231	0.000
849.231	0.000
850.231	0.000
851.231	0.000
852.232	0.000
853.232	0.000
854.232	0.000
855.232	0.000
856.232	0.000
857.232	3.000
858.232	0.000
859.232	2.000
860.233	0.000
861.233	0.000
862.233	0.000
863.233	1.000
864.233	0.000
865.233	1.000
866.233	0.000
867.233	0.000
868.234	1.000
869.234	0.000
870.234	1.000
871.234	0.000
872.234	1.000
873.234	2.000
874.234	0.000
875.234	0.000
876.235	2.000
877.235	0.000
878.235	0.000
879.235	1.000
880.235	0.000
881.235	0.000
882.235	1.000
883.235	0.000
884.236	0.000
885.236	0.000
886.236	1.000
887.236	0.000
888.236	0.000
889.236	1.000
890.236	0.000
891.236	0.000
892.237	0.000
893.237	1.000
894.237	0.000
895.237	0.000
896.237	0.000
897.237	1.000
898.237	0.000
899.237	1.000
900.238	2.000
901.238	2.000
902.238	0.000
903.238	1.000
904.238	0.000
905.238	0.000
906.238	1.000
907.238	1.000
908.239	0.000
909.239	0.000
910.239	1.000
911.239	0.000
912.239	1.000
913.239	1.000
914.239	0.000
915.239	0.000
916.240	2.000
917.240	1.000
918.240	0.000
919.240	1.000
920.240	0.000
921.240	2.000
922.240	1.000
923.240	1.000
924.241	0.000
925.241	0.000
926.241	0.000
927.241	0.000
928.241	1.000
929.241	1.000
930.241	1.000
931.241	0.000
932.242	0.000
933.242	0.000
934.242	0.000
935.242	0.000
936.242	2.000
937.242	1.000
938.242	1.000
939.242	0.000
940.243	1.000
941.243	1.000
942.243	3.000
943.243	2.000
944.243	0.000
945.243	0.000
946.243	0.000
947.243	0.000
948.244	0.000
949.244	0.000
950.244	1.000
951.244	0.000
952.244	1.000
953.244	1.000
954.244	0.000
955.244	1.000
956.245	0.000
957.245	1.000
958.245	0.000
959.245	0.000
960.245	0.000
961.245	0.000
962.245	1.000
963.245	1.000
964.246	0.000
965.246	0.000
966.246	0.000
967.246	2.000
968.246	0.000
969.246	2.000
970.246	1.000
971.246	0.000
972.247	0.000
973.247	1.000
974.247	0.000
975.247	1.000
976.247	0.000
977.247	1.000
978.247	0.000
979.247	1.000
980.248	0.000
981.248	0.000
982.248	0.000
983.248	2.000
984.248	0.000
985.248	0.000
986.248	0.000
987.248	0.000
988.249	1.000
989.249	0.000
990.249	2.000
991.249	1.000
992.249	1.000
993.249	0.000
994.249	1.000
995.249	0.000
996.250	0.000
997.250	1.000
998.250	1.000
999.250	0.000
1000.250	2.000
1001.250	0.000
1002.250	0.000
1003.250	0.000
1004.251	0.000
1005.251	3.000
1006.251	1.000
1007.251	2.000
1008.251	1.000
1009.251	0.000
1010.251	0.000
1011.251	3.000
1012.252	1.000
1013.252	1.000
1014.252	1.000
1015.252	0.000
1016.252	0.000
1017.252	1.000
1018.252	0.000
1019.252	2.000
1020.253	0.000
1021.253	1.000
1022.253	0.000
1023.253	1.000
1024.253	1.000
1025.253	2.000
1026.253	0.000
1027.253	1.000
1028.254	0.000
1029.254	2.000
1030.254	1.000
1031.254	0.000
1032.254	1.000
1033.254	0.000
1034.254	0.000
1035.254	0.000
1036.255	0.000
1037.255	0.000
1038.255	0.000
1039.255	1.000
1040.255	0.000
1041.255	0.000
1042.255	0.000
1043.255	0.000
1044.256	1.000
1045.256	0.000
1046.256	0.000
1047.256	0.000
1048.256	0.000
1049.256	0.000
1050.256	4.000
1051.256	1.000
1052.257	1.000
1053.257	0.000
1054.257	2.000
1055.257	0.000
1056.257	0.000
1057.257	0.000
1058.257	1.000
1059.257	0.000
1060.258	2.000
1061.258	0.000
1062.258	1.000
1063.258	0.000
1064.258	2.000
1065.258	2.000
1066.258	0.000
1067.258	1.000
1068.259	2.000
1069.259	1.000
1070.259	1.000
1071.259	0.000
1072.259	1.000
1073.259	0.000
1074.259	1.000
1075.259	0.000
1076.260	2.000
1077.260	0.000
1078.260	1.000
1079.260	0.000
1080.260	1.000
1081.260	0.000
1082.260	0.000
1083.260	0.000
1084.261	1.000
1085.261	0.000
1086.261	1.000
1087.261	0.000
1088.261	1.000
1089.261	0.000
1090.261	0.000
1091.261	1.000
1092.262	0.000
1093.262	3.000
1094.262	1.000
1095.262	1.000
1096.262	1.000
1097.262	0.000
1098.262	1.000
1099.262	0.000
1100.263	1.000
1101.263	0.000
1102.263	3.000
1103.263	1.000
1104.263	0.000
1105.263	1.000
1106.263	1.000
1107.263	1.000
1108.264	1.000
1109.264	1.000
1110.264	0.000
1111.264	2.000
1112.264	4.000
1113.264	2.000
1114.264	2.000
1115.264	1.000
1116.265	0.000
1117.265	2.000
1118.265	2.000
1119.265	2.000
1120.265	0.000
1121.265	0.000
1122.265	0.000
1123.265	1.000
1124.266	2.000
1125.266	0.000
1126.266	0.000
1127.266	1.000
1128.266	0.000
1129.266	1.000
1130.266	0.000
1131.266	2.000
1132.267	0.000
1133.267	1.000
1134.267	0.000
1135.267	0.000
1136.267	1.000
1137.267	1.000
1138.267	0.000
1139.267	1.000
1140.268	1.000
1141.268	0.000
1142.268	1.000
1143.268	3.000
1144.268	0.000
1145.268	2.000
1146.268	0.000
1147.268	1.000
1148.269	2.000
1149.269	2.000
1150.269	0.000
1151.269	1.000
1152.269	0.000
1153.269	0.000
1154.269	4.000
1155.269	1.000
1156.270	1.000
1157.270	3.000
1158.270	1.000
1159.270	0.000
1160.270	1.000
1161.270	1.000
1162.270	1.000
1163.270	0.000
1164.271	0.000
1165.271	0.000
1166.271	0.000
1167.271	2.000
1168.271	1.000
1169.271	1.000
1170.271	1.000
1171.271	0.000
1172.272	0.000
1173.272	0.000
1174.272	1.000
1175.272	1.000
1176.272	3.000
1177.272	0.000
1178.272	0.000
1179.272	3.000
1180.273	1.000
1181.273	0.000
1182.273	3.000
1183.273	3.000
1184.273	1.000
1185.273	3.000
1186.273	0.000
1187.273	1.000
1188.274	0.000
1189.274	3.000
1190.274	2.000
1191.274	1.000
1192.274	2.000
1193.274	1.000
1194.274	1.000
1195.274	0.000
1196.275	0.000
1197.275	1.000
1198.275	0.000
1199.275	0.000
1200.275	0.000
1201.275	3.000
1202.275	1.000
1203.275	0.000
1204.276	2.000
1205.276	4.000
1206.276	0.000
1207.276	0.000
1208.276	1.000
1209.276	1.000
1210.276	1.000
1211.276	1.000
1212.277	1.000
1213.277	1.000
1214.277	0.000
1215.277	1.000
1216.277	1.000
1217.277	0.000
1218.277	2.000
1219.277	0.000
1220.278	1.000
1221.278	1.000
1222.278	0.000
1223.278	0.000
1224.278	4.000
1225.278	0.000
1226.278	0.000
1227.278	1.000
1228.279	0.000
1229.279	0.000
1230.279	0.000
1231.279	0.000
1232.279	0.000
1233.279	0.000
1234.279	0.000
1235.279	1.000
1236.280	0.000
1237.280	1.000
1238.280	5.000
1239.280	1.000
1240.280	0.000
1241.280	3.000
1242.280	1.000
1243.280	1.000
1244.281	0.000
1245.281	0.000
1246.281	2.000
1247.281	1.000
1248.281	1.000
1249.281	4.000
1250.281	2.000
1251.281	2.000
1252.282	0.000
1253.282	1.000
1254.282	0.000
1255.282	1.000
1256.282	1.000
1257.282	1.000
1258.282	1.000
1259.282	0.000
1260.283	2.000
1261.283	2.000
1262.283	0.000
1263.283	1.000
1264.283	2.000
1265.283	2.000
1266.283	5.000
1267.283	3.000
1268.284	0.000
1269.284	3.000
1270.284	2.000
1271.284	1.000
1272.284	1.000
1273.284	2.000
1274.284	0.000
1275.284	0.000
1276.285	0.000
1277.285	3.000
1278.285	0.000
1279.285	3.000
1280.285	0.000
1281.285	3.000
1282.285	1.000
1283.285	2.000
1284.286	1.000
1285.286	4.000
1286.286	2.000
1287.286	1.000
1288.286	1.000
1289.286	2.000
1290.286	0.000
1291.286	2.000
1292.287	1.000
1293.287	5.000
1294.287	0.000
1295.287	3.000
1296.287	2.000
1297.287	0.000
1298.287	4.000
1299.287	6.000
1300.288	0.000
1301.288	2.000
1302.288	2.000
1303.288	2.000
1304.288	2.000
1305.288	2.000
1306.288	0.000
1307.288	7.000
1308.289	5.000
1309.289	2.000
1310.289	6.000
1311.289	0.000
1312.289	3.000
1313.289	2.000
1314.289	5.000
1315.289	4.000
1316.290	6.000
1317.290	5.000
1318.290	0.000
1319.290	2.000
1320.290	1.000
1321.290	7.000
1322.290	4.000
1323.290	4.000
1324.291	3.000
1325.291	4.000
1326.291	4.000
1327.291	3.000
1328.291	4.000
1329.291	5.000
1330.291	6.000
1331.291	7.000
1332.292	5.000
1333.292	7.000
1334.292	1.000
1335.292	11.000
1336.292	8.000
1337.292	6.000
1338.292	5.000
1339.292	12.000
1340.293	11.000
1341.293	4.000
1342.293	8.000
1343.293	6.000
1344.293	10.000
1345.293	7.000
1346.293	7.000
1347.293	8.000
1348.294	13.000
1349.294	11.000
1350.294	13.000
1351.294	15.000
1352.294	12.000
1353.294	12.000
1354.294	17.000
1355.294	22.000
1356.295	11.000
1357.295	17.000
1358.295	12.000
1359.295	27.000
1360.295	19.000
1361.295	20.000
1362.295	20.000
1363.295	21.000
1364.296	25.000
1365.296	33.000
1366.296	22.000
1367.296	16.000
1368.296	28.000
1369.296	25.000
1370.296	21.000
1371.296	26.000
1372.297	22.000
1373.297	37.000
1374.297	27.000
1375.297	24.000
1376.297	32.000
1377.297	40.000
1378.297	38.000
1379.297	38.000
1380.298	41.000
1381.298	39.000
1382.298	37.000
1383.298	45.000
1384.298	46.000
1385.298	36.000
1386.298	55.000
1387.298	45.000
1388.299	48.000
1389.299	51.000
1390.299	50.000
1391.299	49.000
1392.299	58.000
1393.299	59.000
1394.299	62.000
1395.299	58.000
1396.300	66.000
1397.300	60.000
1398.300	59.000
1399.300	69.000
1400.300	74.000
1401.300	86.000
1402.300	85.000
1403.300	90.000
1404.301	78.000
1405.301	81.000
1406.301	124.000
1407.301	127.000
1408.301	90.000
1409.301	102.000
1410.301	99.000
1411.301	117.000
1412.302	103.000
1413.302	127.000
1414.302	136.000
1415.302	120.000
1416.302	130.000
1417.302	133.000
1418.302	155.000
1419.302	127.000
1420.303	126.000
1421.303	147.000
1422.303	155.000
1423.303	158.000
1424.303	191.000
1425.303	144.000
1426.303	153.000
1427.303	175.000
1428.304	202.000
1429.304	162.000
1430.304	211.000
1431.304	194.000
1432.304	184.000
1433.304	212.000
1434.304	209.000
1435.304	233.000
1436.305	215.000
1437.305	248.000
1438.305	247.000
1439.305	235.000
1440.305	259.000
1441.305	239.000
1442.305	285.000
1443.305	243.000
1444.306	293.000
1445.306	295.000
1446.306	289.000
1447.306	305.000
1448.306	318.000
1449.306	307.000
1450.306	330.000
1451.306	311.000
1452.307	348.000
1453.307	369.000
1454.307	358.000
1455.307	366.000
1456.307	379.000
1457.307	400.000
1458.307	376.000
1459.307	407.000
1460.308	420.000
1461.308	425.000
1462.308	413.000
1463.308	442.000
1464.308	441.000
1465.308	447.000
1466.308	446.000
1467.308	495.000
1468.309	498.000
1469.309	503.000
1470.309	482.000
1471.309	540.000
1472.309	542.000
1473.309	561.000
1474.309	507.000
1475.309	564.000
1476.310	595.000
1477.310	603.000
1478.310	612.000
1479.310	607.000
1480.310	652.000
1481.310	667.000
1482.310	665.000
1483.310	663.000
1484.311	649.000
1485.311	682.000
1486.311	718.000
1487.311	721.000
1488.311	735.000
1489.311	721.000
1490.311	761.000
1491.311	801.000
1492.312	823.000
1493.312	784.000
1494.312	817.000
1495.312	840.000
1496.312	865.000
1497.312	856.000
1498.312	905.000
1499.312	887.000
1500.313	895.000
1501.313	887.000
1502.313	935.000
1503.313	965.000
1504.313	947.000
1505.313	1050.000
1506.313	1029.000
1507.313	970.000
1508.314	1058.000
1509.314	1028.000
1510.314	1054.000
1511.314	1056.000
1512.314	1079.000
1513.314	1105.000
1514.314	1108.000
1515.314	1154.000
1516.315	1068.000
1517.315	1179.000
1518.315	1118.000
1519.315	1228.000
1520.315	1206.000
1521.315	1210.000
1522.315	1217.000
1523.315	1253.000
1524.316	1307.000
1525.316	1254.000
1526.316	1219.000
1527.316	1265.000
1528.316	1293.000
1529.316	1332.000
1530.316	1320.000
1531.316	1374.000
1532.317	1299.000
1533.317	1377.000
1534.317	1436.000
1535.317	1325.000
1536.317	1445.000
1537.317	1393.000
1538.317	1414.000
1539.317	1395.000
1540.318	1453.000
1541.318	1453.000
1542.318	1452.000
1543.318	1522.000
1544.318	1450.000
1545.318	1508.000
1546.318	1536.000
1547.318	1488.000
1548.319	1520.000
1549.319	1542.000
1550.319	1560.000
1551.319	1602.000
1552.319	1517.000
1553.319	1631.000
1554.319	1621.000
1555.319	1549.000
1556.320	1576.000
1557.320	1540.000
1558.320	1539.000
1559.320	1622.000
1560.320	1635.000
1561.320	1579.000
1562.320	1598.000
1563.320	1524.000
1564.321	1599.000
1565.321	1584.000
1566.321	1673.000
1567.321	1633.000
1568.321	1636.000
1569.321	1655.000
1570.321	1659.000
1571.321	1640.000
1572.322	1621.000
1573.322	1707.000
1574.322	1591.000
1575.322	1540.000
1576.322	1680.000
1577.322	1664.000
1578.322	1590.000
1579.322	1616.000
1580.323	1662.000
1581.323	1603.000
1582.323	1593.000
1583.323	1674.000
1584.323	1711.000
1585.323	1617.000
1586.323	1649.000
1587.323	1606.000
1588.324	1606.000
1589.324	1605.000
1590.324	1580.000
1591.324	1570.000
1592.324	1545.000
1593.324	1579.000
1594.324	1561.000
1595.324	1538.000
1596.325	1514.000
1597.325	1519.000
1598.325	1483.000
1599.325	1510.000
1600.325	1543.000
1601.325	1519.000
1602.325	1512.000
1603.325	1421.000
1604.326	1409.000
1605.326	1523.000
1606.326	1405.000
1607.326	1437.000
1608.326	1440.000
1609.326	1300.000
1610.326	1320.000
1611.326	1391.000
1612.327	1380.000
1613.327	1342.000
1614.327	1368.000
1615.327	1386.000
1616.327	1364.000
1617.327	1332.000
1618.327	1326.000
1619.327	1275.000
1620.328	1251.000
1621.328	1310.000
1622.328	1223.000
1623.328	1181.000
1624.328	1229.000
1625.328	1165.000
1626.328	1091.000
1627.328	1171.000
1628.329	1102.000
1629.329	1140.000
1630.329	1130.000
1631.329	1036.000
1632.329	1079.000
1633.329	1110.000
1634.329	1061.000
1635.329	1039.000
1636.330	1010.000
1637.330	990.000
1638.330	1016.000
1639.330	977.000
1640.330	959.000
1641.330	955.000
1642.330	855.000
1643.330	890.000
1644.331	909.000
1645.331	864.000
1646.331	872.000
1647.331	902.000
1648.331	855.000
1649.331	789.000
1650.331	781.000
1651.331	805.000
1652.332	754.000
1653.332	770.000
1654.332	705.000
1655.332	737.000
1656.332	758.000
1657.332	694.000
1658.332	719.000
1659.332	684.000
1660.333	631.000
1661.333	631.000
1662.333	590.000
1663.333	595.000
1664.333	605.000
1665.333	629.000
1666.333	575.000
1667.333	525.000
1668.334	542.000
1669.334	555.000
1670.334	532.000
1671.334	494.000
1672.334	462.000
1673.334	465.000
1674.334	486.000
1675.334	437.000
1676.335	446.000
1677.335	438.000
1678.335	461.000
1679.335	431.000
1680.335	420.000
1681.335	435.000
1682.335	402.000
1683.335	362.000
1684.336	391.000
1685.336	343.000
1686.336	361.000
1687.336	368.000
1688.336	332.000
1689.336	318.000
1690.336	309.000
1691.336	290.000
1692.337	314.000
1693.337	311.000
1694.337	312.000
1695.337	310.000
1696.337	270.000
1697.337	275.000
1698.337	249.000
1699.337	263.000
1700.338	269.000
1701.338	289.000
1702.338	246.000
1703.338	228.000
1704.338	220.000
1705.338	220.000
1706.338	207.000
1707.338	200.000
1708.339	212.000
1709.339	198.000
1710.339	199.000
1711.339	165.000
1712.339	179.000
1713.339	212.000
1714.339	188.000
1715.339	174.000
1716.340	177.000
1717.340	156.000
1718.340	171.000
1719.340	154.000
1720.340	158.000
1721.340	153.000
1722.340	145.000
1723.340	140.000
1724.341	141.000
1725.341	111.000
1726.341	144.000
1727.341	118.000
1728.341	138.000
1729.341	123.000
1730.341	100.000
1731.341	138.000
1732.342	109.000
1733.342	96.000
1734.342	117.000
1735.342	98.000
1736.342	99.000
1737.342	120.000
1738.342	86.000
1739.342	91.000
1740.343	110.000
1741.343	88.000
1742.343	111.000
1743.343	110.000
1744.343	91.000
1745.343	85.000
1746.343	95.000
1747.343	97.000
1748.344	97.000
1749.344	80.000
1750.344	75.000
1751.344	68.000
1752.344	86.000
1753.344	80.000
1754.344	91.000
1755.344	75.000
1756.345	77.000
1757.345	70.000
1758.345	95.000
1759.345	70.000
1760.345	77.000
1761.345	84.000
1762.345	80.000
1763.345	64.000
1764.346	74.000
1765.346	71.000
1766.346	70.000
1767.346	63.000
1768.346	84.000
1769.346	74.000
1770.346	68.000
1771.346	57.000
1772.347	38.000
1773.347	77.000
1774.347	65.000
1775.347	71.000
1776.347	70.000
1777.347	68.000
1778.347	55.000
1779.347	68.000
1780.348	56.000
1781.348	63.000
1782.348	62.000
1783.348	60.000
1784.348	72.000
1785.348	72.000
1786.348	77.000
1787.348	71.000
1788.349	58.000
1789.349	74.000
1790.349	55.000
1791.349	57.000
1792.349	54.000
1793.349	56.000
1794.349	66.000
1795.349	59.000
1796.350	58.000
1797.350	67.000
1798.350	52.000
1799.350	52.000
1800.350	51.000
1801.350	64.000
1802.350	55.000
1803.350	57.000
1804.351	64.000
1805.351	57.000
1806.351	49.000
1807.351	46.000
1808.351	57.000
1809.351	49.000
1810.351	54.000
1811.351	71.000
1812.352	52.000
1813.352	59.000
1814.352	73.000
1815.352	55.000
1816.352	60.000
1817.352	52.000
1818.352	66.000
1819.352	52.000
1820.353	54.000
1821.353	47.000
1822.353	68.000
1823.353	48.000
1824.353	58.000
1825.353	51.000
1826.353	79.000
1827.353	52.000
1828.354	59.000
1829.354	53.000
1830.354	65.000
1831.354	52.000
1832.354	64.000
1833.354	56.000
1834.354	64.000
1835.354	61.000
1836.355	59.000
1837.355	65.000
1838.355	60.000
1839.355	59.000
1840.355	54.000
1841.355	52.000
1842.355	65.000
1843.355	62.000
1844.356	46.000
1845.356	54.000
1846.356	49.000
1847.356	55.000
1848.356	55.000
1849.356	65.000
1850.356	57.000
1851.356	48.000
1852.357	59.000
1853.357	68.000
1854.357	57.000
1855.357	49.000
1856.357	56.000
1857.357	52.000
1858.357	66.000
1859.357	69.000
1860.358	55.000
1861.358	58.000
1862.358	56.000
1863.358	56.000
1864.358	50.000
1865.358	61.000
1866.358	58.000
1867.358	52.000
1868.359	60.000
1869.359	59.000
1870.359	52.000
1871.359	61.000
1872.359	58.000
1873.359	71.000
1874.359	76.000
1875.359	53.000
1876.360	54.000
1877.360	66.000
1878.360	61.000
1879.360	51.000
1880.360	60.000
1881.360	69.000
1882.360	75.000
1883.360	66.000
1884.361	67.000
1885.361	65.000
1886.361	55.000
1887.361	67.000
1888.361	64.000
1889.361	65.000
1890.361	59.000
1891.361	74.000
1892.362	56.000
1893.362	58.000
1894.362	73.000
1895.362	71.000
1896.362	78.000
1897.362	68.000
1898.362	81.000
1899.362	63.000
1900.363	59.000
1901.363	75.000
1902.363	75.000
1903.363	62.000
1904.363	55.000
1905.363	58.000
1906.363	54.000
1907.363	57.000
1908.364	64.000
1909.364	65.000
1910.364	73.000
1911.364	64.000
1912.364	63.000
1913.364	56.000
1914.364	68.000
1915.364	56.000
1916.365	75.000
1917.365	67.000
1918.365	65.000
1919.365	70.000
1920.365	70.000
1921.365	71.000
1922.365	62.000
1923.365	55.000
1924.366	66.000
1925.366	61.000
1926.366	70.000
1927.366	78.000
1928.366	69.000
1929.366	80.000
1930.366	66.000
1931.366	62.000
1932.367	69.000
1933.367	63.000
1934.367	70.000
1935.367	57.000
1936.367	72.000
1937.367	62.000
1938.367	74.000
1939.367	71.000
1940.368	65.000
1941.368	73.000
1942.368	64.000
1943.368	61.000
1944.368	67.000
1945.368	61.000
1946.368	73.000
1947.368	73.000
1948.369	60.000
1949.369	53.000
1950.369	70.000
1951.369	75.000
1952.369	77.000
1953.369	77.000
1954.369	71.000
1955.369	62.000
1956.370	72.000
1957.370	63.000
1958.370	62.000
1959.370	61.000
1960.370	64.000
1961.370	80.000
1962.370	81.000
1963.370	77.000
1964.371	57.000
1965.371	65.000
1966.371	78.000
1967.371	65.000
1968.371	75.000
1969.371	63.000
1970.371	82.000
1971.371	82.000
1972.372	75.000
1973.372	59.000
1974.372	66.000
1975.372	60.000
1976.372	74.000
1977.372	66.000
1978.372	77.000
1979.372	65.000
1980.373	72.000
1981.373	66.000
1982.373	58.000
1983.373	73.000
1984.373	70.000
1985.373	61.000
1986.373	57.000
1987.373	68.000
1988.374	94.000
1989.374	71.000
1990.374	72.000
1991.374	58.000
1992.374	64.000
1993.374	80.000
1994.374	64.000
1995.374	61.000
1996.375	66.000
1997.375	78.000
1998.375	64.000
1999.375	75.000
2000.375	75.000
2001.375	63.000
2002.375	63.000
2003.375	74.000
2004.376	80.000
2005.376	67.000
2006.376	54.000
2007.376	52.000
2008.376	72.000
2009.376	79.000
2010.376	69.000
2011.376	69.000
2012.377	79.000
2013.377	69.000
2014.377	66.000
2015.377	54.000
2016.377	81.000
2017.377	70.000
2018.377	80.000
2019.377	71.000
2020.378	67.000
2021.378	85.000
2022.378	77.000
2023.378	67.000
2024.378	79.000
2025.378	63.000
2026.378	69.000
2027.378	80.000
2028.379	66.000
2029.379	73.000
2030.379	48.000
2031.379	81.000
2032.379	62.000
2033.379	59.000
2034.379	67.000
2035.379	78.000
2036.380	75.000
2037.380	64.000
2038.380	74.000
2039.380	54.000
2040.380	76.000
2041.380	63.000
2042.380	52.000
2043.380	76.000
2044.381	90.000
2045.381	64.000
2046.381	54.000
2047.381	56.000
2048.381	74.000
2049.381	69.000
2050.381	64.000
2051.381	62.000
2052.382	71.000
2053.382	74.000
2054.382	63.000
2055.382	64.000
2056.382	69.000
2057.382	76.000
2058.382	46.000
2059.382	79.000
2060.383	66.000
2061.383	83.000
2062.383	65.000
2063.383	69.000
2064.383	62.000
2065.383	67.000
2066.383	73.000
2067.383	69.000
2068.384	70.000
2069.384	74.000
2070.384	65.000
2071.384	65.000
2072.384	64.000
2073.384	73.000
2074.384	66.000
2075.384	56.000
2076.385	70.000
2077.385	85.000
2078.385	66.000
2079.385	79.000
2080.385	60.000
2081.385	69.000
2082.385	70.000
2083.385	78.000
2084.386	70.000
2085.386	82.000
2086.386	56.000
2087.386	60.000
2088.386	73.000
2089.386	67.000
2090.386	54.000
2091.386	55.000
2092.387	90.000
2093.387	66.000
2094.387	78.000
2095.387	76.000
2096.387	73.000
2097.387	65.000
2098.387	85.000
2099.387	55.000
2100.388	67.000
2101.388	63.000
2102.388	62.000
2103.388	65.000
2104.388	64.000
2105.388	78.000
2106.388	77.000
2107.388	66.000
2108.389	69.000
2109.389	82.000
2110.389	54.000
2111.389	74.000
2112.389	63.000
2113.389	63.000
2114.389	78.000
2115.389	67.000
2116.390	70.000
2117.390	65.000
2118.390	83.000
2119.390	71.000
2120.390	77.000
2121.390	75.000
2122.390	55.000
2123.390	70.000
2124.391	63.000
2125.391	71.000
2126.391	72.000
2127.391	90.000
2128.391	70.000
2129.391	75.000
2130.391	73.000
2131.391	83.000
2132.392	77.000
2133.392	81.000
2134.392	76.000
2135.392	63.000
2136.392	69.000
2137.392	73.000
2138.392	65.000
2139.392	69.000
2140.393	59.000
2141.393	69.000
2142.393	71.000
2143.393	59.000
2144.393	73.000
2145.393	60.000
2146.393	82.000
2147.393	56.000
2148.394	63.000
2149.394	76.000
2150.394	56.000
2151.394	61.000
2152.394	62.000
2153.394	75.000
2154.394	70.000
2155.394	71.000
2156.395	72.000
2157.395	79.000
2158.395	57.000
2159.395	76.000
2160.395	73.000
2161.395	67.000
2162.395	68.000
2163.395	72.000
2164.396	65.000
2165.396	84.000
2166.396	78.000
2167.396	74.000
2168.396	66.000
2169.396	72.000
2170.396	95.000
2171.396	75.000
2172.397	80.000
2173.397	86.000
2174.397	60.000
2175.397	46.000
2176.397	81.000
2177.397	71.000
2178.397	58.000
2179.397	76.000
2180.398	86.000
2181.398	82.000
2182.398	62.000
2183.398	62.000
2184.398	71.000
2185.398	68.000
2186.398	68.000
2187.398	73.000
2188.399	87.000
2189.399	68.000
2190.399	69.000
2191.399	77.000
2192.399	76.000
2193.399	78.000
2194.399	86.000
2195.399	61.000
2196.400	73.000
2197.400	64.000
2198.400	79.000
2199.400	83.000
2200.400	83.000
2201.400	68.000
2202.400	68.000
2203.400	81.000
2204.401	80.000
2205.401	86.000
2206.401	64.000
2207.401	65.000
2208.401	67.000
2209.401	72.000
2210.401	70.000
2211.401	62.000
2212.402	77.000
2213.402	66.000
2214.402	72.000
2215.402	67.000
2216.402	88.000
2217.402	67.000
2218.402	76.000
2219.402	70.000
2220.403	74.000
2221.403	72.000
2222.403	54.000
2223.403	74.000
2224.403	60.000
2225.403	77.000
2226.403	78.000
2227.403	59.000
2228.404	64.000
2229.404	84.000
2230.404	66.000
2231.404	76.000
2232.404	88.000
2233.404	84.000
2234.404	77.000
2235.404	63.000
2236.405	74.000
2237.405	81.000
2238.405	51.000
2239.405	61.000
2240.405	76.000
2241.405	71.000
2242.405	75.000
2243.405	82.000
2244.406	70.000
2245.406	86.000
2246.406	67.000
2247.406	72.000
2248.406	71.000
2249.406	65.000
2250.406	80.000
2251.406	74.000
2252.407	68.000
2253.407	73.000
2254.407	61.000
2255.407	65.000
2256.407	81.000
2257.407	66.000
2258.407	77.000
2259.407	76.000
2260.408	79.000
2261.408	55.000
2262.408	64.000
2263.408	69.000
2264.408	70.000
2265.408	75.000
2266.408	64.000
2267.408	64.000
2268.409	74.000
2269.409	51.000
2270.409	84.000
2271.409	64.000
2272.409	80.000
2273.409	74.000
2274.409	67.000
2275.409	82.000
2276.410	99.000
2277.410	80.000
2278.410	80.000
2279.410	72.000
2280.410	72.000
2281.410	70.000
2282.410	66.000
2283.410	79.000
2284.411	74.000
2285.411	63.000
2286.411	72.000
2287.411	62.000
2288.411	72.000
2289.411	71.000
2290.411	66.000
2291.411	67.000
2292.412	75.000
2293.412	89.000
2294.412	87.000
2295.412	68.000
2296.412	87.000
2297.412	74.000
2298.412	83.000
2299.412	77.000
2300.413	66.000
2301.413	71.000
2302.413	59.000
2303.413	73.000
2304.413	79.000
2305.413	76.000
2306.413	63.000
2307.413	74.000
2308.414	69.000
2309.414	70.000
2310.414	78.000
2311.414	76.000
2312.414	59.000
2313.414	64.000
2314.414	70.000
2315.414	92.000
2316.415	80.000
2317.415	70.000
2318.415	59.000
2319.415	61.000
2320.415	69.000
2321.415	79.000
2322.415	76.000
2323.415	69.000
2324.416	73.000
2325.416	84.000
2326.416	72.000
2327.416	56.000
2328.416	73.000
2329.416	76.000
2330.416	63.000
2331.416	85.000
2332.417	88.000
2333.417	73.000
2334.417	74.000
2335.417	80.000
2336.417	89.000
2337.417	87.000
2338.417	71.000
2339.417	81.000
2340.418	64.000
2341.418	75.000
2342.418	76.000
2343.418	68.000
2344.418	52.000
2345.418	79.000
2346.418	62.000
2347.418	90.000
2348.419	63.000
2349.419	77.000
2350.419	75.000
2351.419	80.000
2352.419	77.000
2353.419	81.000
2354.419	79.000
2355.419	87.000
2356.420	77.000
2357.420	82.000
2358.420	79.000
2359.420	83.000
2360.420	95.000
2361.420	84.000
2362.420	75.000
2363.420	78.000
2364.421	81.000
2365.421	82.000
2366.421	81.000
2367.421	82.000
2368.421	75.000
2369.421	75.000
2370.421	60.000
2371.421	67.000
2372.422	86.000
2373.422	63.000
2374.422	83.000
2375.422	67.000
2376.422	90.000
2377.422	75.000
2378.422	78.000
2379.422	83.000
2380.423	76.000
2381.423	74.000
2382.423	84.000
2383.423	74.000
2384.423	93.000
2385.423	92.000
2386.423	90.000
2387.423	67.000
2388.424	76.000
2389.424	70.000
2390.424	75.000
2391.424	78.000
2392.424	75.000
2393.424	66.000
2394.424	54.000
2395.424	66.000
2396.425	79.000
2397.425	65.000
2398.425	65.000
2399.425	87.000
2400.425	75.000
2401.425	71.000
2402.425	67.000
2403.425	91.000
2404.426	83.000
2405.426	68.000
2406.426	71.000
2407.426	67.000
2408.426	74.000
2409.426	83.000
2410.426	75.000
2411.426	88.000
2412.427	89.000
2413.427	83.000
2414.427	67.000
2415.427	89.000
2416.427	72.000
2417.427	62.000
2418.427	78.000
2419.427	93.000
2420.428	74.000
2421.428	74.000
2422.428	78.000
2423.428	90.000
2424.428	78.000
2425.428	70.000
2426.428	80.000
2427.428	87.000
2428.429	81.000
2429.429	77.000
2430.429	82.000
2431.429	75.000
2432.429	87.000
2433.429	78.000
2434.429	74.000
2435.429	86.000
2436.430	68.000
2437.430	84.000
2438.430	71.000
2439.430	87.000
2440.430	83.000
2441.430	93.000
2442.430	84.000
2443.430	69.000
2444.431	96.000
2445.431	77.000
2446.431	86.000
2447.431	63.000
2448.431	89.000
2449.431	80.000
2450.431	81.000
2451.431	76.000
2452.432	95.000
2453.432	99.000
2454.432	82.000
2455.432	75.000
2456.432	97.000
2457.432	81.000
2458.432	79.000
2459.432	88.000
2460.433	92.000
2461.433	76.000
2462.433	80.000
2463.433	75.000
2464.433	75.000
2465.433	85.000
2466.433	84.000
2467.433	95.000
2468.434	81.000
2469.434	83.000
2470.434	66.000
2471.434	92.000
2472.434	83.000
2473.434	88.000
2474.434	82.000
2475.434	87.000
2476.435	94.000
2477.435	60.000
2478.435	72.000
2479.435	77.000
2480.435	72.000
2481.435	83.000
2482.435	74.000
2483.435	75.000
2484.436	82.000
2485.436	94.000
2486.436	87.000
2487.436	94.000
2488.436	82.000
2489.436	74.000
2490.436	88.000
2491.436	89.000
2492.437	83.000
2493.437	85.000
2494.437	97.000
2495.437	72.000
2496.437	89.000
2497.437	92.000
2498.437	81.000
2499.437	97.000
2500.438	90.000
2501.438	81.000
2502.438	78.000
2503.438	80.000
2504.438	78.000
2505.438	75.000
2506.438	87.000
2507.438	86.000
2508.439	81.000
2509.439	86.000
2510.439	93.000
2511.439	77.000
2512.439	96.000
2513.439	93.000
2514.439	97.000
2515.439	83.000
2516.440	91.000
2517.440	77.000
2518.440	96.000
2519.440	95.000
2520.440	91.000
2521.440	73.000
2522.440	88.000
2523.440	77.000
2524.441	98.000
2525.441	83.000
2526.441	81.000
2527.441	78.000
2528.441	86.000
2529.441	88.000
2530.441	87.000
2531.441	84.000
2532.442	76.000
2533.442	100.000
2534.442	82.000
2535.442	107.000
2536.442	84.000
2537.442	91.000
2538.442	78.000
2539.442	97.000
2540.443	87.000
2541.443	81.000
2542.443	71.000
2543.443	79.000
2544.443	92.000
2545.443	91.000
2546.443	105.000
2547.443	94.000
2548.444	94.000
2549.444	78.000
2550.444	98.000
2551.444	89.000
2552.444	89.000
2553.444	89.000
2554.444	81.000
2555.444	102.000
2556.445	100.000
2557.445	79.000
2558.445	85.000
2559.445	109.000
2560.445	97.000
2561.445	86.000
2562.445	101.000
2563.445	101.000
2564.446	106.000
2565.446	89.000
2566.446	80.000
2567.446	79.000
2568.446	82.000
2569.446	103.000
2570.446	95.000
2571.446	98.000
2572.447	104.000
2573.447	93.000
2574.447	99.000
2575.447	96.000
2576.447	88.000
2577.447	94.000
2578.447	92.000
2579.447	94.000
2580.448	94.000
2581.448	78.000
2582.448	127.000
2583.448	93.000
2584.448	98.000
2585.448	116.000
2586.448	99.000
2587.448	90.000
2588.449	110.000
2589.449	88.000
2590.449	100.000
2591.449	99.000
2592.449	97.000
2593.449	119.000
2594.449	67.000
2595.449	89.000
2596.450	87.000
2597.450	94.000
2598.450	90.000
2599.450	90.000
2600.450	95.000
2601.450	108.000
2602.450	99.000
2603.450	118.000
2604.451	98.000
2605.451	105.000
2606.451	86.000
2607.451	87.000
2608.451	108.000
2609.451	85.000
2610.451	90.000
2611.451	99.000
2612.452	99.000
2613.452	98.000
2614.452	104.000
2615.452	93.000
2616.452	110.000
2617.452	103.000
2618.452	86.000
2619.452	111.000
2620.453	108.000
2621.453	96.000
2622.453	89.000
2623.453	93.000
2624.453	110.000
2625.453	94.000
2626.453	111.000
2627.453	102.000
2628.454	102.000
2629.454	119.000
2630.454	105.000
2631.454	92.000
2632.454	103.000
2633.454	110.000
2634.454	101.000
2635.454	100.000
2636.455	118.000
2637.455	113.000
2638.455	95.000
2639.455	93.000
2640.455	115.000
2641.455	113.000
2642.455	105.000
2643.455	107.000
2644.456	107.000
2645.456	93.000
2646.456	105.000
2647.456	90.000
2648.456	92.000
2649.456	107.000
2650.456	86.000
2651.456	83.000
2652.457	123.000
2653.457	100.000
2654.457	110.000
2655.457	108.000
2656.457	105.000
2657.457	102.000
2658.457	128.000
2659.457	91.000
2660.458	113.000
2661.458	131.000
2662.458	117.000
2663.458	95.000
2664.458	120.000
2665.458	100.000
2666.458	121.000
2667.458	109.000
2668.459	98.000
2669.459	107.000
2670.459	93.000
2671.459	107.000
2672.459	111.000
2673.459	113.000
2674.459	123.000
2675.459	122.000
2676.460	121.000
2677.460	95.000
2678.460	116.000
2679.460	87.000
2680.460	116.000
2681.460	127.000
2682.460	119.000
2683.460	117.000
2684.461	117.000
2685.461	124.000
2686.461	107.000
2687.461	137.000
2688.461	141.000
2689.461	117.000
2690.461	123.000
2691.461	121.000
2692.462	110.000
2693.462	105.000
2694.462	117.000
2695.462	113.000
2696.462	119.000
2697.462	138.000
2698.462	114.000
2699.462	111.000
2700.463	125.000
2701.463	116.000
2702.463	118.000
2703.463	133.000
2704.463	117.000
2705.463	129.000
2706.463	127.000
2707.463	117.000
2708.464	127.000
2709.464	149.000
2710.464	125.000
2711.464	125.000
2712.464	108.000
2713.464	135.000
2714.464	107.000
2715.464	145.000
2716.465	138.000
2717.465	144.000
2718.465	135.000
2719.465	97.000
2720.465	124.000
2721.465	120.000
2722.465	124.000
2723.465	129.000
2724.466	124.000
2725.466	119.000
2726.466	134.000
2727.466	114.000
2728.466	114.000
2729.466	132.000
2730.466	141.000
2731.466	121.000
2732.467	118.000
2733.467	132.000
2734.467	106.000
2735.467	119.000
2736.467	128.000
2737.467	122.000
2738.467	147.000
2739.467	114.000
2740.468	129.000
2741.468	147.000
2742.468	143.000
2743.468	141.000
2744.468	159.000
2745.468	135.000
2746.468	130.000
2747.468	144.000
2748.469	140.000
2749.469	151.000
2750.469	136.000
2751.469	134.000
2752.469	131.000
2753.469	132.000
2754.469	125.000
2755.469	173.000
2756.470	144.000
2757.470	121.000
2758.470	141.000
2759.470	126.000
2760.470	122.000
2761.470	147.000
2762.470	164.000
2763.470	136.000
2764.471	136.000
2765.471	139.000
2766.471	149.000
2767.471	151.000
2768.471	126.000
2769.471	137.000
2770.471	141.000
2771.471	153.000
2772.472	125.000
2773.472	147.000
2774.472	135.000
2775.472	147.000
2776.472	148.000
2777.472	159.000
2778.472	150.000
2779.472	149.000
2780.473	131.000
2781.473	174.000
2782.473	136.000
2783.473	152.000
2784.473	133.000
2785.473	140.000
2786.473	136.000
2787.473	146.000
2788.474	138.000
2789.474	138.000
2790.474	138.000
2791.474	162.000
2792.474	152.000
2793.474	142.000
2794.474	148.000
2795.474	152.000
2796.475	154.000
2797.475	128.000
2798.475	155.000
2799.475	136.000
2800.475	130.000
2801.475	132.000
2802.475	136.000
2803.475	150.000
2804.476	138.000
2805.476	145.000
2806.476	137.000
2807.476	132.000
2808.476	130.000
2809.476	119.000
2810.476	127.000
2811.476	132.000
2812.477	139.000
2813.477	137.000
2814.477	150.000
2815.477	150.000
2816.477	130.000
2817.477	168.000
2818.477	122.000
2819.477	136.000
2820.478	156.000
2821.478	140.000
2822.478	144.000
2823.478	151.000
2824.478	139.000
2825.478	141.000
2826.478	129.000
2827.478	134.000
2828.479	128.000
2829.479	141.000
2830.479	148.000
2831.479	142.000
2832.479	154.000
2833.479	143.000
2834.479	127.000
2835.479	131.000
2836.480	161.000
2837.480	145.000
2838.480	140.000
2839.480	140.000
2840.480	144.000
2841.480	142.000
2842.480	139.000
2843.480	159.000
2844.481	117.000
2845.481	129.000
2846.481	138.000
2847.481	140.000
2848.481	114.000
2849.481	133.000
2850.481	122.000
2851.481	161.000
2852.482	132.000
2853.482	132.000
2854.482	119.000
2855.482	143.000
2856.482	141.000
2857.482	154.000
2858.482	134.000
2859.482	131.000
2860.483	117.000
2861.483	154.000
2862.483	132.000
2863.483	125.000
2864.483	140.000
2865.483	114.000
2866.483	143.000
2867.483	141.000
2868.484	135.000
2869.484	123.000
2870.484	143.000
2871.484	127.000
2872.484	130.000
2873.484	138.000
2874.484	143.000
2875.484	122.000
2876.485	130.000
2877.485	132.000
2878.485	144.000
2879.485	133.000
2880.485	148.000
2881.485	153.000
2882.485	129.000
2883.485	121.000
2884.486	125.000
2885.486	135.000
2886.486	120.000
2887.486	157.000
2888.486	135.000
2889.486	138.000
2890.486	134.000
2891.486	120.000
2892.487	136.000
2893.487	147.000
2894.487	119.000
2895.487	134.000
2896.487	133.000
2897.487	141.000
2898.487	95.000
2899.487	134.000
2900.488	128.000
2901.488	141.000
2902.488	129.000
2903.488	141.000
2904.488	117.000
2905.488	120.000
2906.488	119.000
2907.488	132.000
2908.489	133.000
2909.489	139.000
2910.489	136.000
2911.489	119.000
2912.489	116.000
2913.489	125.000
2914.489	122.000
2915.489	146.000
2916.490	134.000
2917.490	155.000
2918.490	128.000
2919.490	130.000
2920.490	137.000
2921.490	141.000
2922.490	143.000
2923.490	139.000
2924.491	132.000
2925.491	127.000
2926.491	134.000
2927.491	142.000
2928.491	136.000
2929.491	136.000
2930.491	139.000
2931.491	142.000
2932.492	133.000
2933.492	143.000
2934.492	149.000
2935.492	138.000
2936.492	158.000
2937.492	149.000
2938.492	140.000
2939.492	154.000
2940.493	148.000
2941.493	148.000
2942.493	143.000
2943.493	110.000
2944.493	148.000
2945.493	156.000
2946.493	134.000
2947.493	132.000
2948.494	140.000
2949.494	144.000
2950.494	159.000
2951.494	162.000
2952.494	151.000
2953.494	148.000
2954.494	147.000
2955.494	145.000
2956.495	146.000
2957.495	151.000
2958.495	142.000
2959.495	143.000
2960.495	162.000
2961.495	145.000
2962.495	153.000
2963.495	140.000
2964.496	152.000
2965.496	165.000
2966.496	175.000
2967.496	153.000
2968.496	187.000
2969.496	142.000
2970.496	158.000
2971.496	135.000
2972.497	134.000
2973.497	174.000
2974.497	168.000
2975.497	160.000
2976.497	162.000
2977.497	176.000
2978.497	188.000
2979.497	174.000
2980.498	152.000
2981.498	201.000
2982.498	170.000
2983.498	152.000
2984.498	183.000
2985.498	175.000
2986.498	160.000
2987.498	160.000
2988.499	170.000
2989.499	171.000
2990.499	181.000
2991.499	227.000
2992.499	198.000
2993.499	183.000
2994.499	189.000
2995.499	191.000
2996.500	208.000
2997.500	189.000
2998.500	185.000
2999.500	200.000
