-1000.000	0.000
-999.000	0.000
-998.000	0.000
-997.000	0.000
-995.999	0.000
-994.999	0.000
-993.999	0.000
-992.999	0.000
-991.999	0.000
-990.999	0.000
-989.999	0.000
-988.999	0.000
-987.998	0.000
-986.998	0.000
-985.998	0.000
-984.998	0.000
-983.998	0.000
-982.998	0.000
-981.998	0.000
-980.998	0.000
-979.997	0.000
-978.997	0.000
-977.997	0.000
-976.997	0.000
-975.997	0.000
-974.997	0.000
-973.997	0.000
-972.997	0.000
-971.996	0.000
-970.996	0.000
-969.996	0.000
-968.996	0.000
-967.996	0.000
-966.996	0.000
-965.996	0.000
-964.996	0.000
-963.995	0.000
-962.995	0.000
-961.995	0.000
-960.995	0.000
-959.995	0.000
-958.995	0.000
-957.995	0.000
-956.995	0.000
-955.994	0.000
-954.994	0.000
-953.994	0.000
-952.994	0.000
-951.994	0.000
-950.994	0.000
-949.994	0.000
-948.994	0.000
-947.993	0.000
-946.993	0.000
-945.993	0.000
-944.993	0.000
-943.993	0.000
-942.993	0.000
-941.993	0.000
-940.993	0.000
-939.992	0.000
-938.992	0.000
-937.992	0.000
-936.992	0.000
-935.992	0.000
-934.992	0.000
-933.992	0.000
-932.992	0.000
-931.991	0.000
-930.991	0.000
-929.991	0.000
-928.991	0.000
-927.991	0.000
-926.991	0.000
-925.991	0.000
-924.991	0.000
-923.990	0.000
-922.990	0.000
-921.990	0.000
-920.990	0.000
-919.990	0.000
-918.990	0.000
-917.990	0.000
-916.990	0.000
-915.989	0.000
-914.989	0.000
-913.989	0.000
-912.989	0.000
-911.989	0.000
-910.989	0.000
-909.989	0.000
-908.989	0.000
-907.988	0.000
-906.988	0.000
-905.988	0.000
-904.988	0.000
-903.988	0.000
-902.988	0.000
-901.988	0.000
-900.988	0.000
-899.987	0.000
-898.987	0.000
-897.987	0.000
-896.987	0.000
-895.987	0.000
-894.987	0.000
-893.987	0.000
-892.987	0.000
-891.986	0.000
-890.986	0.000
-889.986	0.000
-888.986	0.000
-887.986	0.000
-886.986	0.000
-885.986	0.000
-884.986	0.000
-883.985	0.000
-882.985	0.000
-881.985	0.000
-880.985	0.000
-879.985	0.000
-878.985	0.000
-877.985	0.000
-876.985	0.000
-875.984	0.000
-874.984	0.000
-873.984	0.000
-872.984	0.000
-871.984	0.000
-870.984	0.000
-869.984	0.000
-868.984	0.000
-867.983	0.000
-866.983	0.000
-865.983	0.000
-864.983	0.000
-863.983	0.000
-862.983	0.000
-861.983	0.000
-860.983	0.000
-859.982	0.000
-858.982	0.000
-857.982	0.000
-856.982	0.000
-855.982	0.000
-854.982	0.000
-853.982	0.000
-852.982	0.000
-851.981	0.000
-850.981	0.000
-849.981	0.000
-848.981	0.000
-847.981	0.000
-846.981	0.000
-845.981	0.000
-844.981	0.000
-843.980	0.000
-842.980	0.000
-841.980	0.000
-840.980	0.000
-839.980	0.000
-838.980	0.000
-837.980	0.000
-836.980	0.000
-835.979	0.000
-834.979	0.000
-833.979	0.000
-832.979	0.000
-831.979	0.000
-830.979	0.000
-829.979	0.000
-828.979	0.000
-827.978	0.000
-826.978	0.000
-825.978	0.000
-824.978	0.000
-823.978	0.000
-822.978	0.000
-821.978	0.000
-820.978	0.000
-819.977	0.000
-818.977	0.000
-817.977	0.000
-816.977	0.000
-815.977	0.000
-814.977	0.000
-813.977	0.000
-812.977	0.000
-811.976	0.000
-810.976	0.000
-809.976	0.000
-808.976	0.000
-807.976	0.000
-806.976	0.000
-805.976	0.000
-804.976	0.000
-803.975	0.000
-802.975	0.000
-801.975	0.000
-800.975	0.000
-799.975	0.000
-798.975	0.000
-797.975	0.000
-796.975	0.000
-795.974	0.000
-794.974	0.000
-793.974	0.000
-792.974	0.000
-791.974	0.000
-790.974	0.000
-789.974	0.000
-788.974	0.000
-787.973	0.000
-786.973	0.000
-785.973	0.000
-784.973	0.000
-783.973	0.000
-782.973	0.000
-781.973	0.000
-780.973	0.000
-779.972	0.000
-778.972	0.000
-777.972	0.000
-776.972	0.000
-775.972	0.000
-774.972	0.000
-773.972	0.000
-772.972	0.000
-771.971	0.000
-770.971	0.000
-769.971	0.000
-768.971	0.000
-767.971	0.000
-766.971	0.000
-765.971	0.000
-764.971	0.000
-763.970	0.000
-762.970	0.000
-761.970	0.000
-760.970	0.000
-759.970	0.000
-758.970	0.000
-757.970	0.000
-756.970	0.000
-755.969	0.000
-754.969	0.000
-753.969	0.000
-752.969	0.000
-751.969	0.000
-750.969	0.000
-749.969	0.000
-748.969	0.000
-747.968	0.000
-746.968	0.000
-745.968	0.000
-744.968	0.000
-743.968	0.000
-742.968	0.000
-741.968	0.000
-740.968	0.000
-739.967	0.000
-738.967	0.000
-737.967	0.000
-736.967	0.000
-735.967	0.000
-734.967	0.000
-733.967	0.000
-732.967	0.000
-731.966	0.000
-730.966	0.000
-729.966	0.000
-728.966	0.000
-727.966	0.000
-726.966	0.000
-725.966	0.000
-724.966	0.000
-723.965	0.000
-722.965	0.000
-721.965	0.000
-720.965	0.000
-719.965	0.000
-718.965	0.000
-717.965	0.000
-716.965	0.000
-715.964	0.000
-714.964	0.000
-713.964	0.000
-712.964	0.000
-711.964	0.000
-710.964	0.000
-709.964	0.000
-708.964	0.000
-707.963	0.000
-706.963	0.000
-705.963	0.000
-704.963	0.000
-703.963	0.000
-702.963	0.000
-701.963	0.000
-700.963	0.000
-699.962	0.000
-698.962	0.000
-697.962	0.000
-696.962	0.000
-695.962	0.000
-694.962	0.000
-693.962	0.000
-692.962	0.000
-691.961	0.000
-690.961	0.000
-689.961	0.000
-688.961	0.000
-687.961	0.000
-686.961	0.000
-685.961	0.000
-684.961	0.000
-683.960	0.000
-682.960	0.000
-681.960	0.000
-680.960	0.000
-679.960	0.000
-678.960	0.000
-677.960	0.000
-676.960	0.000
-675.959	0.000
-674.959	0.000
-673.959	0.000
-672.959	0.000
-671.959	0.000
-670.959	0.000
-669.959	0.000
-668.959	0.000
-667.958	0.000
-666.958	0.000
-665.958	0.000
-664.958	0.000
-663.958	0.000
-662.958	0.000
-661.958	0.000
-660.958	0.000
-659.957	0.000
-658.957	0.000
-657.957	0.000
-656.957	0.000
-655.957	0.000
-654.957	0.000
-653.957	0.000
-652.957	0.000
-651.956	0.000
-650.956	0.000
-649.956	0.000
-648.956	0.000
-647.956	0.000
-646.956	0.000
-645.956	0.000
-644.956	0.000
-643.955	0.000
-642.955	0.000
-641.955	0.000
-640.955	0.000
-639.955	0.000
-638.955	0.000
-637.955	0.000
-636.955	0.000
-635.954	0.000
-634.954	0.000
-633.954	0.000
-632.954	0.000
-631.954	0.000
-630.954	0.000
-629.954	0.000
-628.954	0.000
-627.953	0.000
-626.953	0.000
-625.953	0.000
-624.953	0.000
-623.953	0.000
-622.953	0.000
-621.953	0.000
-620.953	0.000
-619.952	0.000
-618.952	0.000
-617.952	0.000
-616.952	0.000
-615.952	0.000
-614.952	0.000
-613.952	0.000
-612.952	0.000
-611.951	0.000
-610.951	0.000
-609.951	0.000
-608.951	0.000
-607.951	0.000
-606.951	0.000
-605.951	0.000
-604.951	0.000
-603.950	0.000
-602.950	0.000
-601.950	0.000
-600.950	0.000
-599.950	0.000
-598.950	0.000
-597.950	0.000
-596.950	0.000
-595.949	0.000
-594.949	0.000
-593.949	0.000
-592.949	0.000
-591.949	0.000
-590.949	0.000
-589.949	0.000
-588.949	0.000
-587.948	0.000
-586.948	0.000
-585.948	0.000
-584.948	0.000
-583.948	0.000
-582.948	0.000
-581.948	0.000
-580.948	0.000
-579.947	0.000
-578.947	0.000
-577.947	0.000
-576.947	0.000
-575.947	0.000
-574.947	0.000
-573.947	0.000
-572.947	0.000
-571.946	0.000
-570.946	0.000
-569.946	0.000
-568.946	0.000
-567.946	0.000
-566.946	0.000
-565.946	0.000
-564.946	0.000
-563.945	0.000
-562.945	0.000
-561.945	0.000
-560.945	0.000
-559.945	0.000
-558.945	0.000
-557.945	0.000
-556.945	0.000
-555.944	0.000
-554.944	0.000
-553.944	0.000
-552.944	0.000
-551.944	0.000
-550.944	0.000
-549.944	0.000
-548.944	0.000
-547.943	0.000
-546.943	0.000
-545.943	0.000
-544.943	0.000
-543.943	0.000
-542.943	0.000
-541.943	0.000
-540.943	0.000
-539.942	0.000
-538.942	0.000
-537.942	0.000
-536.942	0.000
-535.942	0.000
-534.942	0.000
-533.942	0.000
-532.942	0.000
-531.941	0.000
-530.941	0.000
-529.941	0.000
-528.941	0.000
-527.941	0.000
-526.941	0.000
-525.941	0.000
-524.941	0.000
-523.940	0.000
-522.940	0.000
-521.940	0.000
-520.940	0.000
-519.940	0.000
-518.940	0.000
-517.940	0.000
-516.940	0.000
-515.939	0.000
-514.939	0.000
-513.939	0.000
-512.939	0.000
-511.939	0.000
-510.939	0.000
-509.939	0.000
-508.939	0.000
-507.938	0.000
-506.938	0.000
-505.938	0.000
-504.938	0.000
-503.938	0.000
-502.938	0.000
-501.938	0.000
-500.938	0.000
-499.937	0.000
-498.937	0.000
-497.937	0.000
-496.937	0.000
-495.937	0.000
-494.937	0.000
-493.937	0.000
-492.937	0.000
-491.936	0.000
-490.936	0.000
-489.936	0.000
-488.936	0.000
-487.936	0.000
-486.936	0.000
-485.936	0.000
-484.936	0.000
-483.935	0.000
-482.935	0.000
-481.935	0.000
-480.935	0.000
-479.935	0.000
-478.935	0.000
-477.935	0.000
-476.935	0.000
-475.934	0.000
-474.934	0.000
-473.934	0.000
-472.934	0.000
-471.934	0.000
-470.934	0.000
-469.934	0.000
-468.934	0.000
-467.933	0.000
-466.933	0.000
-465.933	0.000
-464.933	0.000
-463.933	0.000
-462.933	0.000
-461.933	0.000
-460.933	0.000
-459.932	0.000
-458.932	0.000
-457.932	0.000
-456.932	0.000
-455.932	0.000
-454.932	0.000
-453.932	0.000
-452.932	0.000
-451.931	0.000
-450.931	0.000
-449.931	0.000
-448.931	0.000
-447.931	0.000
-446.931	0.000
-445.931	0.000
-444.931	0.000
-443.930	0.000
-442.930	0.000
-441.930	0.000
-440.930	0.000
-439.930	0.000
-438.930	0.000
-437.930	0.000
-436.930	0.000
-435.929	0.000
-434.929	0.000
-433.929	0.000
-432.929	0.000
-431.929	0.000
-430.929	0.000
-429.929	0.000
-428.929	0.000
-427.928	0.000
-426.928	0.000
-425.928	0.000
-424.928	0.000
-423.928	0.000
-422.928	0.000
-421.928	0.000
-420.928	0.000
-419.927	0.000
-418.927	0.000
-417.927	0.000
-416.927	0.000
-415.927	0.000
-414.927	0.000
-413.927	0.000
-412.927	0.000
-411.926	0.000
-410.926	0.000
-409.926	0.000
-408.926	0.000
-407.926	0.000
-406.926	0.000
-405.926	0.000
-404.926	0.000
-403.925	0.000
-402.925	0.000
-401.925	0.000
-400.925	0.000
-399.925	0.000
-398.925	0.000
-397.925	0.000
-396.925	0.000
-395.924	0.000
-394.924	0.000
-393.924	0.000
-392.924	0.000
-391.924	0.000
-390.924	0.000
-389.924	0.000
-388.924	0.000
-387.923	0.000
-386.923	0.000
-385.923	0.000
-384.923	0.000
-383.923	0.000
-382.923	0.000
-381.923	0.000
-380.923	0.000
-379.922	0.000
-378.922	0.000
-377.922	0.000
-376.922	0.000
-375.922	0.000
-374.922	0.000
-373.922	0.000
-372.922	0.000
-371.921	0.000
-370.921	0.000
-369.921	0.000
-368.921	0.000
-367.921	0.000
-366.921	0.000
-365.921	0.000
-364.921	0.000
-363.920	0.000
-362.920	0.000
-361.920	0.000
-360.920	0.000
-359.920	0.000
-358.920	0.000
-357.920	0.000
-356.920	0.000
-355.919	0.000
-354.919	0.000
-353.919	0.000
-352.919	0.000
-351.919	0.000
-350.919	0.000
-349.919	0.000
-348.919	0.000
-347.918	0.000
-346.918	0.000
-345.918	0.000
-344.918	0.000
-343.918	0.000
-342.918	0.000
-341.918	0.000
-340.918	0.000
-339.917	0.000
-338.917	0.000
-337.917	0.000
-336.917	0.000
-335.917	0.000
-334.917	0.000
-333.917	0.000
-332.917	0.000
-331.916	0.000
-330.916	0.000
-329.916	0.000
-328.916	0.000
-327.916	0.000
-326.916	0.000
-325.916	0.000
-324.916	0.000
-323.915	0.000
-322.915	0.000
-321.915	0.000
-320.915	0.000
-319.915	0.000
-318.915	0.000
-317.915	0.000
-316.915	0.000
-315.914	0.000
-314.914	0.000
-313.914	0.000
-312.914	0.000
-311.914	0.000
-310.914	0.000
-309.914	0.000
-308.914	0.000
-307.913	0.000
-306.913	0.000
-305.913	0.000
-304.913	0.000
-303.913	0.000
-302.913	0.000
-301.913	0.000
-300.913	0.000
-299.912	0.000
-298.912	0.000
-297.912	0.000
-296.912	0.000
-295.912	0.000
-294.912	0.000
-293.912	0.000
-292.912	0.000
-291.911	0.000
-290.911	0.000
-289.911	0.000
-288.911	0.000
-287.911	0.000
-286.911	0.000
-285.911	0.000
-284.911	0.000
-283.910	0.000
-282.910	0.000
-281.910	0.000
-280.910	0.000
-279.910	0.000
-278.910	0.000
-277.910	0.000
-276.910	0.000
-275.909	0.000
-274.909	0.000
-273.909	0.000
-272.909	0.000
-271.909	0.000
-270.909	0.000
-269.909	0.000
-268.909	0.000
-267.908	0.000
-266.908	0.000
-265.908	0.000
-264.908	0.000
-263.908	0.000
-262.908	0.000
-261.908	0.000
-260.908	0.000
-259.907	0.000
-258.907	0.000
-257.907	0.000
-256.907	0.000
-255.907	0.000
-254.907	0.000
-253.907	0.000
-252.907	0.000
-251.906	0.000
-250.906	0.000
-249.906	0.000
-248.906	0.000
-247.906	0.000
-246.906	0.000
-245.906	0.000
-244.906	0.000
-243.905	0.000
-242.905	0.000
-241.905	0.000
-240.905	0.000
-239.905	0.000
-238.905	0.000
-237.905	0.000
-236.905	0.000
-235.904	0.000
-234.904	0.000
-233.904	0.000
-232.904	0.000
-231.904	0.000
-230.904	0.000
-229.904	0.000
-228.904	0.000
-227.903	0.000
-226.903	0.000
-225.903	0.000
-224.903	0.000
-223.903	0.000
-222.903	0.000
-221.903	0.000
-220.903	0.000
-219.902	0.000
-218.902	0.000
-217.902	0.000
-216.902	0.000
-215.902	0.000
-214.902	0.000
-213.902	0.000
-212.902	0.000
-211.901	0.000
-210.901	0.000
-209.901	0.000
-208.901	0.000
-207.901	0.000
-206.901	0.000
-205.901	0.000
-204.901	0.000
-203.900	0.000
-202.900	0.000
-201.900	0.000
-200.900	0.000
-199.900	0.000
-198.900	0.000
-197.900	0.000
-196.900	0.000
-195.899	0.000
-194.899	0.000
-193.899	0.000
-192.899	0.000
-191.899	0.000
-190.899	0.000
-189.899	0.000
-188.899	0.000
-187.898	0.000
-186.898	0.000
-185.898	0.000
-184.898	0.000
-183.898	0.000
-182.898	0.000
-181.898	0.000
-180.898	0.000
-179.897	0.000
-178.897	0.000
-177.897	0.000
-176.897	0.000
-175.897	0.000
-174.897	0.000
-173.897	0.000
-172.897	0.000
-171.896	0.000
-170.896	0.000
-169.896	0.000
-168.896	0.000
-167.896	0.000
-166.896	0.000
-165.896	1.000
-164.896	0.000
-163.895	0.000
-162.895	0.000
-161.895	1.000
-160.895	0.000
-159.895	1.000
-158.895	0.000
-157.895	0.000
-156.895	0.000
-155.894	0.000
-154.894	1.000
-153.894	0.000
-152.894	0.000
-151.894	1.000
-150.894	0.000
-149.894	0.000
-148.894	0.000
-147.893	1.000
-146.893	1.000
-145.893	0.000
-144.893	2.000
-143.893	1.000
-142.893	1.000
-141.893	2.000
-140.893	0.000
-139.892	1.000
-138.892	3.000
-137.892	2.000
-136.892	3.000
-135.892	5.000
-134.892	1.000
-133.892	5.000
-132.892	4.000
-131.891	4.000
-130.891	5.000
-129.891	2.000
-128.891	1.000
-127.891	0.000
-126.891	2.000
-125.891	4.000
-124.891	4.000
-123.890	4.000
-122.890	3.000
-121.890	7.000
-120.890	8.000
-119.890	1.000
-118.890	8.000
-117.890	6.000
-116.890	6.000
-115.889	3.000
-114.889	4.000
-113.889	5.000
-112.889	5.000
-111.889	7.000
-110.889	11.000
-109.889	7.000
-108.889	11.000
-107.888	10.000
-106.888	16.000
-105.888	8.000
-104.888	15.000
-103.888	14.000
-102.888	7.000
-101.888	13.000
-100.888	16.000
-99.887	16.000
-98.887	30.000
-97.887	19.000
-96.887	24.000
-95.887	16.000
-94.887	18.000
-93.887	27.000
-92.887	22.000
-91.886	23.000
-90.886	33.000
-89.886	20.000
-88.886	32.000
-87.886	28.000
-86.886	15.000
-85.886	35.000
-84.886	21.000
-83.885	43.000
-82.885	35.000
-81.885	35.000
-80.885	45.000
-79.885	47.000
-78.885	38.000
-77.885	30.000
-76.885	53.000
-75.884	50.000
-74.884	53.000
-73.884	46.000
-72.884	65.000
-71.884	52.000
-70.884	59.000
-69.884	66.000
-68.884	58.000
-67.883	68.000
-66.883	88.000
-65.883	73.000
-64.883	79.000
-63.883	66.000
-62.883	96.000
-61.883	72.000
-60.883	87.000
-59.882	97.000
-58.882	94.000
-57.882	93.000
-56.882	90.000
-55.882	85.000
-54.882	120.000
-53.882	123.000
-52.882	97.000
-51.881	124.000
-50.881	132.000
-49.881	119.000
-48.881	128.000
-47.881	127.000
-46.881	127.000
-45.881	152.000
-44.881	133.000
-43.880	153.000
-42.880	135.000
-41.880	155.000
-40.880	159.000
-39.880	141.000
-38.880	157.000
-37.880	164.000
-36.880	160.000
-35.879	178.000
-34.879	175.000
-33.879	201.000
-32.879	183.000
-31.879	185.000
-30.879	205.000
-29.879	194.000
-28.879	220.000
-27.878	198.000
-26.878	186.000
-25.878	220.000
-24.878	198.000
-23.878	237.000
-22.878	209.000
-21.878	229.000
-20.878	229.000
-19.877	259.000
-18.877	226.000
-17.877	248.000
-16.877	237.000
-15.877	237.000
-14.877	239.000
-13.877	231.000
-12.877	254.000
-11.876	211.000
-10.876	244.000
-9.876	278.000
-8.876	261.000
-7.876	269.000
-6.876	267.000
-5.876	273.000
-4.876	274.000
-3.875	260.000
-2.875	285.000
-1.875	280.000
-0.875	269.000
0.125	241.000
1.125	264.000
2.125	247.000
3.125	265.000
4.126	267.000
5.126	295.000
6.126	277.000
7.126	275.000
8.126	259.000
9.126	274.000
10.126	264.000
11.126	289.000
12.127	246.000
13.127	263.000
14.127	265.000
15.127	260.000
16.127	266.000
17.127	281.000
18.127	215.000
19.127	258.000
20.128	243.000
21.128	244.000
22.128	234.000
23.128	263.000
24.128	223.000
25.128	229.000
26.128	218.000
27.128	244.000
28.129	244.000
29.129	227.000
30.129	216.000
31.129	214.000
32.129	189.000
33.129	179.000
34.129	223.000
35.129	204.000
36.130	208.000
37.130	225.000
38.130	212.000
39.130	188.000
40.130	177.000
41.130	196.000
42.130	204.000
43.130	186.000
44.131	190.000
45.131	178.000
46.131	168.000
47.131	153.000
48.131	147.000
49.131	160.000
50.131	157.000
51.131	145.000
52.132	153.000
53.132	148.000
54.132	145.000
55.132	153.000
56.132	123.000
57.132	137.000
58.132	129.000
59.132	138.000
60.133	124.000
61.133	119.000
62.133	105.000
63.133	117.000
64.133	109.000
65.133	111.000
66.133	117.000
67.133	101.000
68.134	86.000
69.134	91.000
70.134	83.000
71.134	99.000
72.134	79.000
73.134	98.000
74.134	79.000
75.134	80.000
76.135	61.000
77.135	72.000
78.135	84.000
79.135	58.000
80.135	67.000
81.135	71.000
82.135	73.000
83.135	50.000
84.136	50.000
85.136	54.000
86.136	46.000
87.136	61.000
88.136	44.000
89.136	48.000
90.136	41.000
91.136	43.000
92.137	50.000
93.137	42.000
94.137	31.000
95.137	35.000
96.137	34.000
97.137	31.000
98.137	36.000
99.137	25.000
100.138	26.000
101.138	35.000
102.138	25.000
103.138	25.000
104.138	18.000
105.138	29.000
106.138	20.000
107.138	20.000
108.139	15.000
109.139	22.000
110.139	22.000
111.139	17.000
112.139	13.000
113.139	10.000
114.139	18.000
115.139	7.000
116.140	19.000
117.140	11.000
118.140	14.000
119.140	10.000
120.140	12.000
121.140	9.000
122.140	10.000
123.140	4.000
124.141	8.000
125.141	10.000
126.141	9.000
127.141	13.000
128.141	9.000
129.141	4.000
130.141	4.000
131.141	3.000
132.142	5.000
133.142	2.000
134.142	6.000
135.142	4.000
136.142	4.000
137.142	4.000
138.142	6.000
139.142	4.000
140.143	2.000
141.143	3.000
142.143	3.000
143.143	1.000
144.143	1.000
145.143	3.000
146.143	0.000
147.143	0.000
148.144	1.000
149.144	1.000
150.144	4.000
151.144	0.000
152.144	1.000
153.144	0.000
154.144	3.000
155.144	4.000
156.145	2.000
157.145	0.000
158.145	1.000
159.145	0.000
160.145	2.000
161.145	1.000
162.145	0.000
163.145	0.000
164.146	2.000
165.146	0.000
166.146	1.000
167.146	1.000
168.146	0.000
169.146	2.000
170.146	0.000
171.146	1.000
172.147	0.000
173.147	1.000
174.147	1.000
175.147	0.000
176.147	0.000
177.147	1.000
178.147	2.000
179.147	0.000
180.148	0.000
181.148	1.000
182.148	0.000
183.148	0.000
184.148	1.000
185.148	0.000
186.148	1.000
187.148	0.000
188.149	1.000
189.149	0.000
190.149	0.000
191.149	1.000
192.149	2.000
193.149	3.000
194.149	1.000
195.149	0.000
196.150	0.000
197.150	0.000
198.150	1.000
199.150	2.000
200.150	1.000
201.150	0.000
202.150	0.000
203.150	0.000
204.151	0.000
205.151	0.000
206.151	1.000
207.151	0.000
208.151	0.000
209.151	1.000
210.151	0.000
211.151	1.000
212.152	0.000
213.152	0.000
214.152	1.000
215.152	0.000
216.152	0.000
217.152	0.000
218.152	0.000
219.152	0.000
220.153	0.000
221.153	0.000
222.153	0.000
223.153	2.000
224.153	2.000
225.153	0.000
226.153	1.000
227.153	1.000
228.154	0.000
229.154	1.000
230.154	0.000
231.154	0.000
232.154	0.000
233.154	0.000
234.154	0.000
235.154	1.000
236.155	0.000
237.155	0.000
238.155	0.000
239.155	0.000
240.155	1.000
241.155	0.000
242.155	0.000
243.155	0.000
244.156	1.000
245.156	0.000
246.156	1.000
247.156	1.000
248.156	0.000
249.156	3.000
250.156	1.000
251.156	0.000
252.157	2.000
253.157	1.000
254.157	1.000
255.157	1.000
256.157	0.000
257.157	0.000
258.157	2.000
259.157	0.000
260.158	0.000
261.158	0.000
262.158	0.000
263.158	1.000
264.158	0.000
265.158	1.000
266.158	0.000
267.158	1.000
268.159	0.000
269.159	0.000
270.159	1.000
271.159	0.000
272.159	0.000
273.159	0.000
274.159	1.000
275.159	2.000
276.160	0.000
277.160	0.000
278.160	0.000
279.160	0.000
280.160	0.000
281.160	0.000
282.160	0.000
283.160	0.000
284.161	0.000
285.161	0.000
286.161	1.000
287.161	0.000
288.161	0.000
289.161	1.000
290.161	0.000
291.161	2.000
292.162	1.000
293.162	0.000
294.162	0.000
295.162	1.000
296.162	0.000
297.162	0.000
298.162	0.000
299.162	0.000
300.163	0.000
301.163	2.000
302.163	0.000
303.163	0.000
304.163	1.000
305.163	1.000
306.163	1.000
307.163	0.000
308.164	0.000
309.164	1.000
310.164	0.000
311.164	0.000
312.164	0.000
313.164	1.000
314.164	0.000
315.164	0.000
316.165	0.000
317.165	1.000
318.165	0.000
319.165	0.000
320.165	0.000
321.165	0.000
322.165	0.000
323.165	0.000
324.166	0.000
325.166	0.000
326.166	0.000
327.166	1.000
328.166	0.000
329.166	0.000
330.166	1.000
331.166	1.000
332.167	0.000
333.167	0.000
334.167	0.000
335.167	1.000
336.167	0.000
337.167	1.000
338.167	0.000
339.167	0.000
340.168	0.000
341.168	2.000
342.168	0.000
343.168	0.000
344.168	1.000
345.168	2.000
346.168	0.000
347.168	0.000
348.169	1.000
349.169	1.000
350.169	0.000
351.169	0.000
352.169	0.000
353.169	0.000
354.169	1.000
355.169	0.000
356.170	1.000
357.170	2.000
358.170	0.000
359.170	0.000
360.170	2.000
361.170	1.000
362.170	1.000
363.170	2.000
364.171	1.000
365.171	1.000
366.171	0.000
367.171	0.000
368.171	0.000
369.171	0.000
370.171	1.000
371.171	0.000
372.172	2.000
373.172	0.000
374.172	2.000
375.172	2.000
376.172	0.000
377.172	0.000
378.172	1.000
379.172	0.000
380.173	2.000
381.173	1.000
382.173	0.000
383.173	1.000
384.173	0.000
385.173	1.000
386.173	0.000
387.173	2.000
388.174	0.000
389.174	0.000
390.174	0.000
391.174	0.000
392.174	0.000
393.174	1.000
394.174	1.000
395.174	0.000
396.175	1.000
397.175	0.000
398.175	0.000
399.175	0.000
400.175	0.000
401.175	0.000
402.175	0.000
403.175	1.000
404.176	1.000
405.176	1.000
406.176	0.000
407.176	0.000
408.176	0.000
409.176	0.000
410.176	1.000
411.176	1.000
412.177	1.000
413.177	0.000
414.177	0.000
415.177	0.000
416.177	1.000
417.177	1.000
418.177	1.000
419.177	0.000
420.178	0.000
421.178	1.000
422.178	1.000
423.178	0.000
424.178	0.000
425.178	0.000
426.178	1.000
427.178	0.000
428.179	0.000
429.179	1.000
430.179	0.000
431.179	0.000
432.179	1.000
433.179	3.000
434.179	0.000
435.179	1.000
436.180	0.000
437.180	0.000
438.180	0.000
439.180	0.000
440.180	0.000
441.180	1.000
442.180	0.000
443.180	0.000
444.181	0.000
445.181	0.000
446.181	0.000
447.181	0.000
448.181	1.000
449.181	1.000
450.181	0.000
451.181	0.000
452.182	0.000
453.182	1.000
454.182	0.000
455.182	0.000
456.182	0.000
457.182	0.000
458.182	1.000
459.182	0.000
460.183	0.000
461.183	0.000
462.183	0.000
463.183	1.000
464.183	0.000
465.183	2.000
466.183	1.000
467.183	0.000
468.184	2.000
469.184	0.000
470.184	0.000
471.184	0.000
472.184	0.000
473.184	0.000
474.184	1.000
475.184	1.000
476.185	1.000
477.185	2.000
478.185	1.000
479.185	0.000
480.185	0.000
481.185	0.000
482.185	0.000
483.185	0.000
484.186	1.000
485.186	0.000
486.186	0.000
487.186	0.000
488.186	0.000
489.186	0.000
490.186	0.000
491.186	0.000
492.187	1.000
493.187	0.000
494.187	0.000
495.187	0.000
496.187	0.000
497.187	1.000
498.187	0.000
499.187	1.000
500.188	0.000
501.188	0.000
502.188	0.000
503.188	1.000
504.188	0.000
505.188	0.000
506.188	0.000
507.188	1.000
508.189	0.000
509.189	2.000
510.189	0.000
511.189	0.000
512.189	1.000
513.189	0.000
514.189	1.000
515.189	0.000
516.190	0.000
517.190	0.000
518.190	0.000
519.190	1.000
520.190	0.000
521.190	0.000
522.190	0.000
523.190	1.000
524.191	0.000
525.191	1.000
526.191	0.000
527.191	1.000
528.191	0.000
529.191	1.000
530.191	1.000
531.191	0.000
532.192	0.000
533.192	0.000
534.192	1.000
535.192	0.000
536.192	1.000
537.192	1.000
538.192	0.000
539.192	0.000
540.193	2.000
541.193	0.000
542.193	0.000
543.193	0.000
544.193	0.000
545.193	0.000
546.193	0.000
547.193	0.000
548.194	0.000
549.194	1.000
550.194	0.000
551.194	1.000
552.194	1.000
553.194	0.000
554.194	1.000
555.194	0.000
556.195	0.000
557.195	1.000
558.195	0.000
559.195	0.000
560.195	0.000
561.195	0.000
562.195	0.000
563.195	0.000
564.196	1.000
565.196	0.000
566.196	0.000
567.196	1.000
568.196	1.000
569.196	0.000
570.196	1.000
571.196	0.000
572.197	0.000
573.197	0.000
574.197	1.000
575.197	2.000
576.197	0.000
577.197	0.000
578.197	2.000
579.197	0.000
580.198	1.000
581.198	0.000
582.198	1.000
583.198	1.000
584.198	0.000
585.198	0.000
586.198	0.000
587.198	0.000
588.199	0.000
589.199	1.000
590.199	2.000
591.199	1.000
592.199	2.000
593.199	0.000
594.199	1.000
595.199	0.000
596.200	0.000
597.200	3.000
598.200	0.000
599.200	0.000
600.200	0.000
601.200	2.000
602.200	0.000
603.200	0.000
604.201	0.000
605.201	0.000
606.201	0.000
607.201	1.000
608.201	2.000
609.201	1.000
610.201	0.000
611.201	1.000
612.202	0.000
613.202	3.000
614.202	0.000
615.202	1.000
616.202	1.000
617.202	1.000
618.202	0.000
619.202	0.000
620.203	0.000
621.203	0.000
622.203	0.000
623.203	0.000
624.203	1.000
625.203	0.000
626.203	0.000
627.203	0.000
628.204	2.000
629.204	0.000
630.204	1.000
631.204	0.000
632.204	0.000
633.204	0.000
634.204	1.000
635.204	0.000
636.205	0.000
637.205	1.000
638.205	1.000
639.205	1.000
640.205	0.000
641.205	1.000
642.205	0.000
643.205	1.000
644.206	1.000
645.206	0.000
646.206	1.000
647.206	0.000
648.206	0.000
649.206	0.000
650.206	0.000
651.206	0.000
652.207	0.000
653.207	0.000
654.207	0.000
655.207	0.000
656.207	0.000
657.207	0.000
658.207	0.000
659.207	0.000
660.208	1.000
661.208	0.000
662.208	0.000
663.208	0.000
664.208	1.000
665.208	0.000
666.208	0.000
667.208	0.000
668.209	0.000
669.209	0.000
670.209	1.000
671.209	0.000
672.209	0.000
673.209	0.000
674.209	0.000
675.209	0.000
676.210	0.000
677.210	0.000
678.210	0.000
679.210	0.000
680.210	0.000
681.210	0.000
682.210	0.000
683.210	0.000
684.211	0.000
685.211	0.000
686.211	2.000
687.211	2.000
688.211	1.000
689.211	0.000
690.211	0.000
691.211	0.000
692.212	1.000
693.212	0.000
694.212	2.000
695.212	1.000
696.212	0.000
697.212	1.000
698.212	1.000
699.212	0.000
700.213	0.000
701.213	1.000
702.213	0.000
703.213	0.000
704.213	1.000
705.213	0.000
706.213	0.000
707.213	1.000
708.214	1.000
709.214	0.000
710.214	1.000
711.214	1.000
712.214	0.000
713.214	1.000
714.214	0.000
715.214	0.000
716.215	0.000
717.215	0.000
718.215	0.000
719.215	1.000
720.215	0.000
721.215	0.000
722.215	0.000
723.215	0.000
724.216	0.000
725.216	0.000
726.216	0.000
727.216	0.000
728.216	0.000
729.216	0.000
730.216	0.000
731.216	1.000
732.217	1.000
733.217	0.000
734.217	0.000
735.217	1.000
736.217	0.000
737.217	1.000
738.217	1.000
739.217	1.000
740.218	1.000
741.218	0.000
742.218	1.000
743.218	1.000
744.218	0.000
745.218	0.000
746.218	0.000
747.218	3.000
748.219	0.000
749.219	0.000
750.219	0.000
751.219	1.000
752.219	0.000
753.219	0.000
754.219	0.000
755.219	1.000
756.220	0.000
757.220	0.000
758.220	0.000
759.220	0.000
760.220	1.000
761.220	0.000
762.220	1.000
763.220	0.000
764.221	0.000
765.221	0.000
766.221	1.000
767.221	1.000
768.221	0.000
769.221	0.000
770.221	1.000
771.221	0.000
772.222	0.000
773.222	0.000
774.222	0.000
775.222	1.000
776.222	0.000
777.222	1.000
778.222	0.000
779.222	0.000
780.223	1.000
781.223	0.000
782.223	0.000
783.223	1.000
784.223	0.000
785.223	0.000
786.223	0.000
787.223	0.000
788.224	1.000
789.224	1.000
790.224	0.000
791.224	0.000
792.224	1.000
793.224	0.000
794.224	1.000
795.224	1.000
796.225	1.000
797.225	1.000
798.225	0.000
799.225	2.000
800.225	2.000
801.225	0.000
802.225	0.000
803.225	2.000
804.226	0.000
805.226	1.000
806.226	0.000
807.226	1.000
808.226	0.000
809.226	1.000
810.226	0.000
811.226	0.000
812.227	0.000
813.227	0.000
814.227	0.000
815.227	0.000
816.227	0.000
817.227	0.000
818.227	0.000
819.227	0.000
820.228	2.000
821.228	0.000
822.228	2.000
823.228	0.000
824.228	0.000
825.228	2.000
826.228	0.000
827.228	1.000
828.229	1.000
829.229	0.000
830.229	1.000
831.229	0.000
832.229	3.000
833.229	0.000
834.229	2.000
835.229	0.000
836.230	1.000
837.230	0.000
838.230	0.000
839.230	2.000
840.230	1.000
841.230	0.000
842.230	0.000
843.230	0.000
844.231	1.000
845.231	0.000
846.231	2.000
847.231	0.000
848.231	0.000
849.231	0.000
850.231	0.000
851.231	2.000
852.232	1.000
853.232	0.000
854.232	0.000
855.232	1.000
856.232	1.000
857.232	0.000
858.232	1.000
859.232	0.000
860.233	0.000
861.233	0.000
862.233	0.000
863.233	0.000
864.233	0.000
865.233	2.000
866.233	1.000
867.233	0.000
868.234	2.000
869.234	0.000
870.234	1.000
871.234	0.000
872.234	1.000
873.234	1.000
874.234	0.000
875.234	1.000
876.235	0.000
877.235	1.000
878.235	0.000
879.235	1.000
880.235	1.000
881.235	2.000
882.235	1.000
883.235	0.000
884.236	0.000
885.236	0.000
886.236	1.000
887.236	2.000
888.236	2.000
889.236	0.000
890.236	0.000
891.236	1.000
892.237	2.000
893.237	0.000
894.237	0.000
895.237	0.000
896.237	1.000
897.237	1.000
898.237	0.000
899.237	0.000
900.238	0.000
901.238	1.000
902.238	0.000
903.238	0.000
904.238	0.000
905.238	0.000
906.238	0.000
907.238	0.000
908.239	0.000
909.239	0.000
910.239	1.000
911.239	1.000
912.239	1.000
913.239	0.000
914.239	0.000
915.239	0.000
916.240	0.000
917.240	0.000
918.240	1.000
919.240	0.000
920.240	0.000
921.240	0.000
922.240	1.000
923.240	1.000
924.241	0.000
925.241	1.000
926.241	1.000
927.241	0.000
928.241	1.000
929.241	1.000
930.241	0.000
931.241	0.000
932.242	0.000
933.242	1.000
934.242	0.000
935.242	2.000
936.242	0.000
937.242	1.000
938.242	1.000
939.242	0.000
940.243	1.000
941.243	0.000
942.243	0.000
943.243	0.000
944.243	1.000
945.243	1.000
946.243	0.000
947.243	0.000
948.244	1.000
949.244	0.000
950.244	0.000
951.244	0.000
952.244	0.000
953.244	0.000
954.244	1.000
955.244	1.000
956.245	3.000
957.245	0.000
958.245	0.000
959.245	2.000
960.245	0.000
961.245	1.000
962.245	0.000
963.245	1.000
964.246	0.000
965.246	2.000
966.246	0.000
967.246	1.000
968.246	0.000
969.246	1.000
970.246	0.000
971.246	1.000
972.247	0.000
973.247	0.000
974.247	0.000
975.247	0.000
976.247	0.000
977.247	1.000
978.247	0.000
979.247	1.000
980.248	0.000
981.248	1.000
982.248	0.000
983.248	0.000
984.248	1.000
985.248	0.000
986.248	1.000
987.248	1.000
988.249	0.000
989.249	0.000
990.249	2.000
991.249	0.000
992.249	0.000
993.249	0.000
994.249	0.000
995.249	0.000
996.250	0.000
997.250	0.000
998.250	0.000
999.250	0.000
1000.250	0.000
1001.250	0.000
1002.250	0.000
1003.250	1.000
1004.251	1.000
1005.251	0.000
1006.251	2.000
1007.251	0.000
1008.251	1.000
1009.251	0.000
1010.251	1.000
1011.251	0.000
1012.252	0.000
1013.252	1.000
1014.252	1.000
1015.252	1.000
1016.252	0.000
1017.252	0.000
1018.252	1.000
1019.252	0.000
1020.253	4.000
1021.253	0.000
1022.253	1.000
1023.253	1.000
1024.253	0.000
1025.253	1.000
1026.253	0.000
1027.253	0.000
1028.254	0.000
1029.254	1.000
1030.254	1.000
1031.254	1.000
1032.254	1.000
1033.254	0.000
1034.254	0.000
1035.254	0.000
1036.255	0.000
1037.255	0.000
1038.255	1.000
1039.255	0.000
1040.255	2.000
1041.255	0.000
1042.255	1.000
1043.255	1.000
1044.256	0.000
1045.256	0.000
1046.256	2.000
1047.256	0.000
1048.256	1.000
1049.256	1.000
1050.256	0.000
1051.256	1.000
1052.257	1.000
1053.257	0.000
1054.257	0.000
1055.257	1.000
1056.257	1.000
1057.257	0.000
1058.257	1.000
1059.257	0.000
1060.258	0.000
1061.258	0.000
1062.258	0.000
1063.258	0.000
1064.258	0.000
1065.258	1.000
1066.258	0.000
1067.258	1.000
1068.259	1.000
1069.259	2.000
1070.259	0.000
1071.259	1.000
1072.259	0.000
1073.259	0.000
1074.259	3.000
1075.259	1.000
1076.260	0.000
1077.260	1.000
1078.260	1.000
1079.260	1.000
1080.260	1.000
1081.260	2.000
1082.260	0.000
1083.260	0.000
1084.261	1.000
1085.261	0.000
1086.261	0.000
1087.261	1.000
1088.261	1.000
1089.261	1.000
1090.261	0.000
1091.261	2.000
1092.262	0.000
1093.262	0.000
1094.262	1.000
1095.262	0.000
1096.262	1.000
1097.262	0.000
1098.262	3.000
1099.262	0.000
1100.263	2.000
1101.263	0.000
1102.263	0.000
1103.263	1.000
1104.263	0.000
1105.263	0.000
1106.263	0.000
1107.263	0.000
1108.264	2.000
1109.264	1.000
1110.264	4.000
1111.264	1.000
1112.264	1.000
1113.264	1.000
1114.264	0.000
1115.264	0.000
1116.265	0.000
1117.265	0.000
1118.265	0.000
1119.265	1.000
1120.265	1.000
1121.265	1.000
1122.265	1.000
1123.265	0.000
1124.266	0.000
1125.266	1.000
1126.266	0.000
1127.266	0.000
1128.266	0.000
1129.266	1.000
1130.266	0.000
1131.266	0.000
1132.267	1.000
1133.267	0.000
1134.267	1.000
1135.267	1.000
1136.267	2.000
1137.267	1.000
1138.267	1.000
1139.267	0.000
1140.268	0.000
1141.268	0.000
1142.268	4.000
1143.268	1.000
1144.268	0.000
1145.268	2.000
1146.268	1.000
1147.268	2.000
1148.269	1.000
1149.269	1.000
1150.269	0.000
1151.269	1.000
1152.269	2.000
1153.269	0.000
1154.269	1.000
1155.269	1.000
1156.270	0.000
1157.270	3.000
1158.270	0.000
1159.270	1.000
1160.270	0.000
1161.270	1.000
1162.270	1.000
1163.270	0.000
1164.271	0.000
1165.271	0.000
1166.271	1.000
1167.271	0.000
1168.271	0.000
1169.271	0.000
1170.271	0.000
1171.271	0.000
1172.272	2.000
1173.272	1.000
1174.272	2.000
1175.272	3.000
1176.272	0.000
1177.272	2.000
1178.272	1.000
1179.272	0.000
1180.273	1.000
1181.273	1.000
1182.273	0.000
1183.273	0.000
1184.273	1.000
1185.273	1.000
1186.273	0.000
1187.273	0.000
1188.274	0.000
1189.274	1.000
1190.274	3.000
1191.274	1.000
1192.274	1.000
1193.274	0.000
1194.274	3.000
1195.274	0.000
1196.275	0.000
1197.275	0.000
1198.275	0.000
1199.275	1.000
1200.275	1.000
1201.275	1.000
1202.275	0.000
1203.275	1.000
1204.276	0.000
1205.276	0.000
1206.276	1.000
1207.276	2.000
1208.276	0.000
1209.276	0.000
1210.276	0.000
1211.276	0.000
1212.277	0.000
1213.277	0.000
1214.277	0.000
1215.277	2.000
1216.277	1.000
1217.277	1.000
1218.277	0.000
1219.277	0.000
1220.278	3.000
1221.278	0.000
1222.278	0.000
1223.278	2.000
1224.278	3.000
1225.278	0.000
1226.278	1.000
1227.278	1.000
1228.279	1.000
1229.279	2.000
1230.279	1.000
1231.279	3.000
1232.279	0.000
1233.279	1.000
1234.279	1.000
1235.279	1.000
1236.280	0.000
1237.280	0.000
1238.280	0.000
1239.280	2.000
1240.280	2.000
1241.280	0.000
1242.280	1.000
1243.280	2.000
1244.281	0.000
1245.281	0.000
1246.281	0.000
1247.281	0.000
1248.281	0.000
1249.281	0.000
1250.281	1.000
1251.281	1.000
1252.282	2.000
1253.282	1.000
1254.282	2.000
1255.282	1.000
1256.282	1.000
1257.282	0.000
1258.282	1.000
1259.282	0.000
1260.283	2.000
1261.283	0.000
1262.283	0.000
1263.283	0.000
1264.283	2.000
1265.283	0.000
1266.283	1.000
1267.283	1.000
1268.284	0.000
1269.284	0.000
1270.284	1.000
1271.284	0.000
1272.284	4.000
1273.284	1.000
1274.284	0.000
1275.284	0.000
1276.285	1.000
1277.285	1.000
1278.285	0.000
1279.285	2.000
1280.285	1.000
1281.285	1.000
1282.285	0.000
1283.285	1.000
1284.286	0.000
1285.286	1.000
1286.286	0.000
1287.286	0.000
1288.286	2.000
1289.286	1.000
1290.286	1.000
1291.286	0.000
1292.287	1.000
1293.287	1.000
1294.287	0.000
1295.287	0.000
1296.287	0.000
1297.287	1.000
1298.287	0.000
1299.287	1.000
1300.288	1.000
1301.288	2.000
1302.288	1.000
1303.288	0.000
1304.288	1.000
1305.288	1.000
1306.288	1.000
1307.288	1.000
1308.289	0.000
1309.289	0.000
1310.289	0.000
1311.289	2.000
1312.289	1.000
1313.289	1.000
1314.289	2.000
1315.289	1.000
1316.290	0.000
1317.290	0.000
1318.290	2.000
1319.290	1.000
1320.290	1.000
1321.290	2.000
1322.290	0.000
1323.290	1.000
1324.291	1.000
1325.291	2.000
1326.291	1.000
1327.291	0.000
1328.291	1.000
1329.291	2.000
1330.291	0.000
1331.291	1.000
1332.292	1.000
1333.292	0.000
1334.292	2.000
1335.292	0.000
1336.292	0.000
1337.292	2.000
1338.292	3.000
1339.292	0.000
1340.293	1.000
1341.293	2.000
1342.293	2.000
1343.293	0.000
1344.293	0.000
1345.293	2.000
1346.293	3.000
1347.293	2.000
1348.294	1.000
1349.294	1.000
1350.294	1.000
1351.294	0.000
1352.294	0.000
1353.294	2.000
1354.294	1.000
1355.294	1.000
1356.295	0.000
1357.295	1.000
1358.295	2.000
1359.295	1.000
1360.295	0.000
1361.295	1.000
1362.295	0.000
1363.295	0.000
1364.296	1.000
1365.296	0.000
1366.296	1.000
1367.296	4.000
1368.296	0.000
1369.296	0.000
1370.296	1.000
1371.296	2.000
1372.297	0.000
1373.297	3.000
1374.297	1.000
1375.297	1.000
1376.297	3.000
1377.297	1.000
1378.297	0.000
1379.297	2.000
1380.298	0.000
1381.298	0.000
1382.298	0.000
1383.298	3.000
1384.298	2.000
1385.298	0.000
1386.298	0.000
1387.298	1.000
1388.299	2.000
1389.299	0.000
1390.299	2.000
1391.299	0.000
1392.299	0.000
1393.299	1.000
1394.299	2.000
1395.299	2.000
1396.300	0.000
1397.300	2.000
1398.300	1.000
1399.300	2.000
1400.300	2.000
1401.300	0.000
1402.300	0.000
1403.300	2.000
1404.301	0.000
1405.301	0.000
1406.301	0.000
1407.301	1.000
1408.301	0.000
1409.301	0.000
1410.301	1.000
1411.301	1.000
1412.302	1.000
1413.302	4.000
1414.302	0.000
1415.302	1.000
1416.302	1.000
1417.302	2.000
1418.302	1.000
1419.302	0.000
1420.303	1.000
1421.303	1.000
1422.303	0.000
1423.303	0.000
1424.303	0.000
1425.303	0.000
1426.303	2.000
1427.303	0.000
1428.304	1.000
1429.304	0.000
1430.304	0.000
1431.304	3.000
1432.304	0.000
1433.304	2.000
1434.304	2.000
1435.304	1.000
1436.305	1.000
1437.305	2.000
1438.305	1.000
1439.305	1.000
1440.305	2.000
1441.305	1.000
1442.305	0.000
1443.305	1.000
1444.306	0.000
1445.306	1.000
1446.306	3.000
1447.306	1.000
1448.306	1.000
1449.306	0.000
1450.306	2.000
1451.306	2.000
1452.307	1.000
1453.307	1.000
1454.307	0.000
1455.307	1.000
1456.307	1.000
1457.307	0.000
1458.307	1.000
1459.307	2.000
1460.308	4.000
1461.308	0.000
1462.308	1.000
1463.308	0.000
1464.308	1.000
1465.308	0.000
1466.308	0.000
1467.308	2.000
1468.309	0.000
1469.309	1.000
1470.309	0.000
1471.309	2.000
1472.309	0.000
1473.309	0.000
1474.309	3.000
1475.309	1.000
1476.310	1.000
1477.310	1.000
1478.310	0.000
1479.310	2.000
1480.310	1.000
1481.310	1.000
1482.310	0.000
1483.310	0.000
1484.311	0.000
1485.311	1.000
1486.311	3.000
1487.311	3.000
1488.311	2.000
1489.311	1.000
1490.311	2.000
1491.311	0.000
1492.312	1.000
1493.312	2.000
1494.312	0.000
1495.312	1.000
1496.312	3.000
1497.312	0.000
1498.312	3.000
1499.312	1.000
1500.313	0.000
1501.313	1.000
1502.313	2.000
1503.313	2.000
1504.313	2.000
1505.313	1.000
1506.313	1.000
1507.313	3.000
1508.314	1.000
1509.314	1.000
1510.314	2.000
1511.314	1.000
1512.314	0.000
1513.314	3.000
1514.314	1.000
1515.314	1.000
1516.315	2.000
1517.315	2.000
1518.315	0.000
1519.315	0.000
1520.315	0.000
1521.315	0.000
1522.315	0.000
1523.315	2.000
1524.316	3.000
1525.316	5.000
1526.316	2.000
1527.316	1.000
1528.316	2.000
1529.316	2.000
1530.316	1.000
1531.316	0.000
1532.317	3.000
1533.317	3.000
1534.317	3.000
1535.317	1.000
1536.317	0.000
1537.317	1.000
1538.317	1.000
1539.317	2.000
1540.318	1.000
1541.318	0.000
1542.318	4.000
1543.318	0.000
1544.318	3.000
1545.318	4.000
1546.318	2.000
1547.318	2.000
1548.319	2.000
1549.319	2.000
1550.319	1.000
1551.319	2.000
1552.319	3.000
1553.319	0.000
1554.319	4.000
1555.319	2.000
1556.320	3.000
1557.320	3.000
1558.320	3.000
1559.320	7.000
1560.320	6.000
1561.320	5.000
1562.320	4.000
1563.320	8.000
1564.321	4.000
1565.321	5.000
1566.321	5.000
1567.321	6.000
1568.321	3.000
1569.321	6.000
1570.321	2.000
1571.321	4.000
1572.322	7.000
1573.322	6.000
1574.322	9.000
1575.322	11.000
1576.322	2.000
1577.322	4.000
1578.322	2.000
1579.322	9.000
1580.323	8.000
1581.323	6.000
1582.323	10.000
1583.323	10.000
1584.323	12.000
1585.323	7.000
1586.323	11.000
1587.323	8.000
1588.324	15.000
1589.324	8.000
1590.324	12.000
1591.324	16.000
1592.324	18.000
1593.324	17.000
1594.324	14.000
1595.324	10.000
1596.325	9.000
1597.325	16.000
1598.325	19.000
1599.325	20.000
1600.325	24.000
1601.325	21.000
1602.325	27.000
1603.325	24.000
1604.326	27.000
1605.326	19.000
1606.326	19.000
1607.326	29.000
1608.326	31.000
1609.326	21.000
1610.326	30.000
1611.326	25.000
1612.327	22.000
1613.327	38.000
1614.327	39.000
1615.327	34.000
1616.327	28.000
1617.327	32.000
1618.327	34.000
1619.327	28.000
1620.328	24.000
1621.328	45.000
1622.328	40.000
1623.328	39.000
1624.328	52.000
1625.328	50.000
1626.328	40.000
1627.328	57.000
1628.329	49.000
1629.329	44.000
1630.329	60.000
1631.329	49.000
1632.329	45.000
1633.329	49.000
1634.329	52.000
1635.329	70.000
1636.330	66.000
1637.330	64.000
1638.330	69.000
1639.330	76.000
1640.330	69.000
1641.330	86.000
1642.330	76.000
1643.330	86.000
1644.331	75.000
1645.331	89.000
1646.331	82.000
1647.331	92.000
1648.331	99.000
1649.331	86.000
1650.331	96.000
1651.331	115.000
1652.332	107.000
1653.332	111.000
1654.332	123.000
1655.332	113.000
1656.332	112.000
1657.332	149.000
1658.332	121.000
1659.332	114.000
1660.333	124.000
1661.333	147.000
1662.333	155.000
1663.333	143.000
1664.333	151.000
1665.333	148.000
1666.333	147.000
1667.333	150.000
1668.334	170.000
1669.334	195.000
1670.334	154.000
1671.334	183.000
1672.334	169.000
1673.334	182.000
1674.334	193.000
1675.334	208.000
1676.335	219.000
1677.335	201.000
1678.335	211.000
1679.335	266.000
1680.335	231.000
1681.335	262.000
1682.335	193.000
1683.335	267.000
1684.336	244.000
1685.336	255.000
1686.336	297.000
1687.336	278.000
1688.336	276.000
1689.336	267.000
1690.336	294.000
1691.336	326.000
1692.337	303.000
1693.337	321.000
1694.337	305.000
1695.337	332.000
1696.337	311.000
1697.337	369.000
1698.337	343.000
1699.337	381.000
1700.338	408.000
1701.338	366.000
1702.338	410.000
1703.338	398.000
1704.338	392.000
1705.338	372.000
1706.338	430.000
1707.338	420.000
1708.339	414.000
1709.339	430.000
1710.339	480.000
1711.339	435.000
1712.339	431.000
1713.339	460.000
1714.339	500.000
1715.339	503.000
1716.340	525.000
1717.340	526.000
1718.340	503.000
1719.340	553.000
1720.340	553.000
1721.340	551.000
1722.340	544.000
1723.340	600.000
1724.341	578.000
1725.341	570.000
1726.341	591.000
1727.341	584.000
1728.341	621.000
1729.341	704.000
1730.341	608.000
1731.341	662.000
1732.342	676.000
1733.342	687.000
1734.342	661.000
1735.342	709.000
1736.342	696.000
1737.342	706.000
1738.342	744.000
1739.342	722.000
1740.343	762.000
1741.343	800.000
1742.343	784.000
1743.343	743.000
1744.343	817.000
1745.343	876.000
1746.343	786.000
1747.343	795.000
1748.344	808.000
1749.344	834.000
1750.344	904.000
1751.344	826.000
1752.344	915.000
1753.344	871.000
1754.344	900.000
1755.344	888.000
1756.345	865.000
1757.345	890.000
1758.345	951.000
1759.345	951.000
1760.345	924.000
1761.345	974.000
1762.345	1006.000
1763.345	1012.000
1764.346	1011.000
1765.346	1015.000
1766.346	1015.000
1767.346	1058.000
1768.346	1038.000
1769.346	1001.000
1770.346	1080.000
1771.346	1060.000
1772.347	1081.000
1773.347	1108.000
1774.347	1165.000
1775.347	1113.000
1776.347	1112.000
1777.347	1072.000
1778.347	1125.000
1779.347	1149.000
1780.348	1142.000
1781.348	1194.000
1782.348	1175.000
1783.348	1202.000
1784.348	1205.000
1785.348	1253.000
1786.348	1182.000
1787.348	1194.000
1788.349	1226.000
1789.349	1253.000
1790.349	1242.000
1791.349	1172.000
1792.349	1272.000
1793.349	1198.000
1794.349	1288.000
1795.349	1242.000
1796.350	1278.000
1797.350	1281.000
1798.350	1330.000
1799.350	1299.000
1800.350	1337.000
1801.350	1266.000
1802.350	1322.000
1803.350	1286.000
1804.351	1244.000
1805.351	1280.000
1806.351	1273.000
1807.351	1287.000
1808.351	1319.000
1809.351	1337.000
1810.351	1296.000
1811.351	1354.000
1812.352	1323.000
1813.352	1272.000
1814.352	1353.000
1815.352	1269.000
1816.352	1342.000
1817.352	1366.000
1818.352	1287.000
1819.352	1390.000
1820.353	1364.000
1821.353	1309.000
1822.353	1265.000
1823.353	1280.000
1824.353	1317.000
1825.353	1337.000
1826.353	1326.000
1827.353	1267.000
1828.354	1243.000
1829.354	1288.000
1830.354	1279.000
1831.354	1254.000
1832.354	1233.000
1833.354	1194.000
1834.354	1254.000
1835.354	1259.000
1836.355	1222.000
1837.355	1281.000
1838.355	1236.000
1839.355	1187.000
1840.355	1214.000
1841.355	1152.000
1842.355	1243.000
1843.355	1192.000
1844.356	1224.000
1845.356	1168.000
1846.356	1167.000
1847.356	1160.000
1848.356	1162.000
1849.356	1176.000
1850.356	1140.000
1851.356	1125.000
1852.357	1174.000
1853.357	1096.000
1854.357	1076.000
1855.357	1043.000
1856.357	1015.000
1857.357	1027.000
1858.357	1023.000
1859.357	1067.000
1860.358	1008.000
1861.358	1058.000
1862.358	1023.000
1863.358	1018.000
1864.358	987.000
1865.358	1028.000
1866.358	932.000
1867.358	935.000
1868.359	891.000
1869.359	920.000
1870.359	899.000
1871.359	941.000
1872.359	927.000
1873.359	861.000
1874.359	906.000
1875.359	869.000
1876.360	857.000
1877.360	835.000
1878.360	809.000
1879.360	862.000
1880.360	811.000
1881.360	760.000
1882.360	769.000
1883.360	775.000
1884.361	733.000
1885.361	760.000
1886.361	711.000
1887.361	692.000
1888.361	699.000
1889.361	722.000
1890.361	694.000
1891.361	659.000
1892.362	638.000
1893.362	651.000
1894.362	645.000
1895.362	646.000
1896.362	591.000
1897.362	621.000
1898.362	582.000
1899.362	573.000
1900.363	558.000
1901.363	618.000
1902.363	516.000
1903.363	582.000
1904.363	514.000
1905.363	500.000
1906.363	544.000
1907.363	474.000
1908.364	493.000
1909.364	435.000
1910.364	460.000
1911.364	464.000
1912.364	474.000
1913.364	458.000
1914.364	477.000
1915.364	411.000
1916.365	417.000
1917.365	363.000
1918.365	373.000
1919.365	364.000
1920.365	391.000
1921.365	366.000
1922.365	368.000
1923.365	336.000
1924.366	374.000
1925.366	348.000
1926.366	370.000
1927.366	351.000
1928.366	325.000
1929.366	308.000
1930.366	345.000
1931.366	295.000
1932.367	309.000
1933.367	268.000
1934.367	240.000
1935.367	259.000
1936.367	248.000
1937.367	270.000
1938.367	248.000
1939.367	256.000
1940.368	273.000
1941.368	266.000
1942.368	242.000
1943.368	245.000
1944.368	232.000
1945.368	249.000
1946.368	215.000
1947.368	200.000
1948.369	222.000
1949.369	190.000
1950.369	194.000
1951.369	156.000
1952.369	190.000
1953.369	183.000
1954.369	172.000
1955.369	170.000
1956.370	171.000
1957.370	189.000
1958.370	193.000
1959.370	159.000
1960.370	161.000
1961.370	156.000
1962.370	156.000
1963.370	150.000
1964.371	136.000
1965.371	150.000
1966.371	151.000
1967.371	146.000
1968.371	131.000
1969.371	141.000
1970.371	112.000
1971.371	150.000
1972.372	121.000
1973.372	125.000
1974.372	135.000
1975.372	114.000
1976.372	110.000
1977.372	100.000
1978.372	108.000
1979.372	116.000
1980.373	107.000
1981.373	142.000
1982.373	98.000
1983.373	123.000
1984.373	105.000
1985.373	110.000
1986.373	102.000
1987.373	96.000
1988.374	100.000
1989.374	97.000
1990.374	96.000
1991.374	102.000
1992.374	92.000
1993.374	93.000
1994.374	102.000
1995.374	86.000
1996.375	90.000
1997.375	79.000
1998.375	78.000
1999.375	86.000
2000.375	85.000
2001.375	79.000
2002.375	74.000
2003.375	82.000
2004.376	86.000
2005.376	96.000
2006.376	80.000
2007.376	78.000
2008.376	73.000
2009.376	88.000
2010.376	76.000
2011.376	89.000
2012.377	81.000
2013.377	94.000
2014.377	88.000
2015.377	70.000
2016.377	68.000
2017.377	62.000
2018.377	70.000
2019.377	80.000
2020.378	77.000
2021.378	76.000
2022.378	66.000
2023.378	77.000
2024.378	70.000
2025.378	78.000
2026.378	74.000
2027.378	69.000
2028.379	76.000
2029.379	66.000
2030.379	88.000
2031.379	80.000
2032.379	72.000
2033.379	76.000
2034.379	57.000
2035.379	58.000
2036.380	71.000
2037.380	71.000
2038.380	76.000
2039.380	63.000
2040.380	69.000
2041.380	61.000
2042.380	61.000
2043.380	69.000
2044.381	72.000
2045.381	65.000
2046.381	60.000
2047.381	77.000
2048.381	59.000
2049.381	62.000
2050.381	58.000
2051.381	59.000
2052.382	78.000
2053.382	75.000
2054.382	60.000
2055.382	57.000
2056.382	70.000
2057.382	71.000
2058.382	58.000
2059.382	65.000
2060.383	59.000
2061.383	72.000
2062.383	52.000
2063.383	60.000
2064.383	58.000
2065.383	53.000
2066.383	61.000
2067.383	79.000
2068.384	63.000
2069.384	68.000
2070.384	61.000
2071.384	65.000
2072.384	57.000
2073.384	62.000
2074.384	75.000
2075.384	57.000
2076.385	65.000
2077.385	71.000
2078.385	64.000
2079.385	76.000
2080.385	56.000
2081.385	59.000
2082.385	52.000
2083.385	54.000
2084.386	68.000
2085.386	68.000
2086.386	59.000
2087.386	53.000
2088.386	63.000
2089.386	62.000
2090.386	77.000
2091.386	52.000
2092.387	61.000
2093.387	67.000
2094.387	66.000
2095.387	71.000
2096.387	53.000
2097.387	70.000
2098.387	69.000
2099.387	49.000
2100.388	67.000
2101.388	59.000
2102.388	69.000
2103.388	64.000
2104.388	66.000
2105.388	69.000
2106.388	58.000
2107.388	63.000
2108.389	60.000
2109.389	58.000
2110.389	58.000
2111.389	64.000
2112.389	61.000
2113.389	77.000
2114.389	51.000
2115.389	68.000
2116.390	65.000
2117.390	69.000
2118.390	59.000
2119.390	78.000
2120.390	56.000
2121.390	55.000
2122.390	68.000
2123.390	60.000
2124.391	55.000
2125.391	63.000
2126.391	60.000
2127.391	76.000
2128.391	65.000
2129.391	55.000
2130.391	60.000
2131.391	64.000
2132.392	59.000
2133.392	76.000
2134.392	66.000
2135.392	70.000
2136.392	75.000
2137.392	60.000
2138.392	58.000
2139.392	66.000
2140.393	72.000
2141.393	71.000
2142.393	64.000
2143.393	68.000
2144.393	74.000
2145.393	58.000
2146.393	70.000
2147.393	69.000
2148.394	67.000
2149.394	76.000
2150.394	65.000
2151.394	68.000
2152.394	69.000
2153.394	52.000
2154.394	72.000
2155.394	55.000
2156.395	62.000
2157.395	62.000
2158.395	78.000
2159.395	65.000
2160.395	67.000
2161.395	67.000
2162.395	63.000
2163.395	67.000
2164.396	52.000
2165.396	67.000
2166.396	66.000
2167.396	64.000
2168.396	74.000
2169.396	50.000
2170.396	81.000
2171.396	59.000
2172.397	64.000
2173.397	72.000
2174.397	57.000
2175.397	61.000
2176.397	87.000
2177.397	60.000
2178.397	76.000
2179.397	78.000
2180.398	70.000
2181.398	57.000
2182.398	65.000
2183.398	58.000
2184.398	63.000
2185.398	62.000
2186.398	77.000
2187.398	66.000
2188.399	55.000
2189.399	79.000
2190.399	85.000
2191.399	83.000
2192.399	61.000
2193.399	68.000
2194.399	69.000
2195.399	76.000
2196.400	66.000
2197.400	58.000
2198.400	52.000
2199.400	62.000
2200.400	90.000
2201.400	68.000
2202.400	71.000
2203.400	72.000
2204.401	68.000
2205.401	62.000
2206.401	72.000
2207.401	57.000
2208.401	60.000
2209.401	75.000
2210.401	66.000
2211.401	80.000
2212.402	54.000
2213.402	61.000
2214.402	82.000
2215.402	82.000
2216.402	58.000
2217.402	71.000
2218.402	71.000
2219.402	76.000
2220.403	68.000
2221.403	88.000
2222.403	63.000
2223.403	77.000
2224.403	57.000
2225.403	64.000
2226.403	62.000
2227.403	68.000
2228.404	59.000
2229.404	69.000
2230.404	67.000
2231.404	74.000
2232.404	71.000
2233.404	55.000
2234.404	71.000
2235.404	68.000
2236.405	69.000
2237.405	57.000
2238.405	73.000
2239.405	71.000
2240.405	77.000
2241.405	62.000
2242.405	77.000
2243.405	66.000
2244.406	77.000
2245.406	61.000
2246.406	90.000
2247.406	62.000
2248.406	83.000
2249.406	66.000
2250.406	68.000
2251.406	66.000
2252.407	83.000
2253.407	71.000
2254.407	67.000
2255.407	77.000
2256.407	70.000
2257.407	71.000
2258.407	69.000
2259.407	64.000
2260.408	80.000
2261.408	69.000
2262.408	82.000
2263.408	66.000
2264.408	80.000
2265.408	69.000
2266.408	81.000
2267.408	86.000
2268.409	86.000
2269.409	77.000
2270.409	71.000
2271.409	80.000
2272.409	63.000
2273.409	77.000
2274.409	79.000
2275.409	73.000
2276.410	80.000
2277.410	78.000
2278.410	77.000
2279.410	82.000
2280.410	53.000
2281.410	74.000
2282.410	78.000
2283.410	51.000
2284.411	79.000
2285.411	62.000
2286.411	62.000
2287.411	71.000
2288.411	85.000
2289.411	57.000
2290.411	71.000
2291.411	71.000
2292.412	71.000
2293.412	59.000
2294.412	88.000
2295.412	74.000
2296.412	65.000
2297.412	94.000
2298.412	75.000
2299.412	61.000
2300.413	67.000
2301.413	72.000
2302.413	87.000
2303.413	76.000
2304.413	77.000
2305.413	83.000
2306.413	77.000
2307.413	75.000
2308.414	73.000
2309.414	67.000
2310.414	67.000
2311.414	81.000
2312.414	68.000
2313.414	80.000
2314.414	71.000
2315.414	87.000
2316.415	76.000
2317.415	62.000
2318.415	70.000
2319.415	89.000
2320.415	62.000
2321.415	71.000
2322.415	55.000
2323.415	83.000
2324.416	81.000
2325.416	72.000
2326.416	62.000
2327.416	75.000
2328.416	79.000
2329.416	73.000
2330.416	75.000
2331.416	79.000
2332.417	69.000
2333.417	80.000
2334.417	60.000
2335.417	66.000
2336.417	67.000
2337.417	61.000
2338.417	61.000
2339.417	79.000
2340.418	67.000
2341.418	89.000
2342.418	86.000
2343.418	79.000
2344.418	70.000
2345.418	66.000
2346.418	83.000
2347.418	70.000
2348.419	67.000
2349.419	78.000
2350.419	70.000
2351.419	77.000
2352.419	70.000
2353.419	69.000
2354.419	72.000
2355.419	61.000
2356.420	79.000
2357.420	60.000
2358.420	61.000
2359.420	74.000
2360.420	67.000
2361.420	72.000
2362.420	84.000
2363.420	76.000
2364.421	81.000
2365.421	84.000
2366.421	70.000
2367.421	85.000
2368.421	80.000
2369.421	58.000
2370.421	63.000
2371.421	78.000
2372.422	81.000
2373.422	80.000
2374.422	77.000
2375.422	66.000
2376.422	72.000
2377.422	50.000
2378.422	69.000
2379.422	77.000
2380.423	71.000
2381.423	70.000
2382.423	54.000
2383.423	89.000
2384.423	67.000
2385.423	76.000
2386.423	83.000
2387.423	67.000
2388.424	70.000
2389.424	64.000
2390.424	69.000
2391.424	53.000
2392.424	59.000
2393.424	83.000
2394.424	79.000
2395.424	65.000
2396.425	86.000
2397.425	72.000
2398.425	76.000
2399.425	72.000
2400.425	72.000
2401.425	82.000
2402.425	64.000
2403.425	61.000
2404.426	73.000
2405.426	63.000
2406.426	73.000
2407.426	67.000
2408.426	54.000
2409.426	62.000
2410.426	65.000
2411.426	66.000
2412.427	66.000
2413.427	73.000
2414.427	73.000
2415.427	70.000
2416.427	76.000
2417.427	72.000
2418.427	71.000
2419.427	66.000
2420.428	65.000
2421.428	61.000
2422.428	69.000
2423.428	77.000
2424.428	73.000
2425.428	68.000
2426.428	65.000
2427.428	68.000
2428.429	68.000
2429.429	63.000
2430.429	71.000
2431.429	66.000
2432.429	76.000
2433.429	77.000
2434.429	82.000
2435.429	88.000
2436.430	52.000
2437.430	64.000
2438.430	69.000
2439.430	68.000
2440.430	80.000
2441.430	71.000
2442.430	66.000
2443.430	70.000
2444.431	65.000
2445.431	64.000
2446.431	68.000
2447.431	52.000
2448.431	73.000
2449.431	80.000
2450.431	76.000
2451.431	82.000
2452.432	59.000
2453.432	77.000
2454.432	59.000
2455.432	65.000
2456.432	73.000
2457.432	72.000
2458.432	63.000
2459.432	74.000
2460.433	75.000
2461.433	83.000
2462.433	79.000
2463.433	57.000
2464.433	88.000
2465.433	72.000
2466.433	61.000
2467.433	64.000
2468.434	63.000
2469.434	64.000
2470.434	63.000
2471.434	73.000
2472.434	63.000
2473.434	57.000
2474.434	68.000
2475.434	65.000
2476.435	74.000
2477.435	78.000
2478.435	64.000
2479.435	73.000
2480.435	58.000
2481.435	67.000
2482.435	79.000
2483.435	65.000
2484.436	65.000
2485.436	69.000
2486.436	71.000
2487.436	77.000
2488.436	82.000
2489.436	60.000
2490.436	65.000
2491.436	63.000
2492.437	70.000
2493.437	68.000
2494.437	55.000
2495.437	55.000
2496.437	54.000
2497.437	83.000
2498.437	73.000
2499.437	63.000
2500.438	73.000
2501.438	67.000
2502.438	63.000
2503.438	69.000
2504.438	72.000
2505.438	74.000
2506.438	79.000
2507.438	47.000
2508.439	91.000
2509.439	77.000
2510.439	79.000
2511.439	58.000
2512.439	68.000
2513.439	69.000
2514.439	70.000
2515.439	76.000
2516.440	63.000
2517.440	73.000
2518.440	66.000
2519.440	68.000
2520.440	70.000
2521.440	63.000
2522.440	59.000
2523.440	69.000
2524.441	68.000
2525.441	69.000
2526.441	60.000
2527.441	66.000
2528.441	63.000
2529.441	70.000
2530.441	78.000
2531.441	61.000
2532.442	62.000
2533.442	59.000
2534.442	62.000
2535.442	69.000
2536.442	64.000
2537.442	64.000
2538.442	51.000
2539.442	67.000
2540.443	73.000
2541.443	61.000
2542.443	61.000
2543.443	65.000
2544.443	51.000
2545.443	72.000
2546.443	63.000
2547.443	68.000
2548.444	80.000
2549.444	67.000
2550.444	68.000
2551.444	76.000
2552.444	67.000
2553.444	73.000
2554.444	61.000
2555.444	81.000
2556.445	64.000
2557.445	76.000
2558.445	52.000
2559.445	73.000
2560.445	73.000
2561.445	68.000
2562.445	67.000
2563.445	69.000
2564.446	68.000
2565.446	62.000
2566.446	62.000
2567.446	73.000
2568.446	54.000
2569.446	88.000
2570.446	78.000
2571.446	64.000
2572.447	75.000
2573.447	61.000
2574.447	82.000
2575.447	62.000
2576.447	78.000
2577.447	66.000
2578.447	50.000
2579.447	67.000
2580.448	68.000
2581.448	83.000
2582.448	72.000
2583.448	77.000
2584.448	73.000
2585.448	80.000
2586.448	80.000
2587.448	85.000
2588.449	74.000
2589.449	61.000
2590.449	66.000
2591.449	79.000
2592.449	86.000
2593.449	69.000
2594.449	69.000
2595.449	66.000
2596.450	65.000
2597.450	82.000
2598.450	73.000
2599.450	63.000
2600.450	65.000
2601.450	66.000
2602.450	72.000
2603.450	71.000
2604.451	76.000
2605.451	65.000
2606.451	66.000
2607.451	67.000
2608.451	64.000
2609.451	50.000
2610.451	86.000
2611.451	85.000
2612.452	59.000
2613.452	64.000
2614.452	61.000
2615.452	65.000
2616.452	76.000
2617.452	68.000
2618.452	71.000
2619.452	65.000
2620.453	66.000
2621.453	67.000
2622.453	53.000
2623.453	71.000
2624.453	73.000
2625.453	70.000
2626.453	75.000
2627.453	70.000
2628.454	71.000
2629.454	60.000
2630.454	79.000
2631.454	68.000
2632.454	70.000
2633.454	75.000
2634.454	57.000
2635.454	61.000
2636.455	65.000
2637.455	73.000
2638.455	76.000
2639.455	87.000
2640.455	70.000
2641.455	67.000
2642.455	79.000
2643.455	67.000
2644.456	59.000
2645.456	64.000
2646.456	62.000
2647.456	75.000
2648.456	53.000
2649.456	83.000
2650.456	66.000
2651.456	75.000
2652.457	63.000
2653.457	71.000
2654.457	55.000
2655.457	63.000
2656.457	51.000
2657.457	71.000
2658.457	82.000
2659.457	68.000
2660.458	86.000
2661.458	59.000
2662.458	78.000
2663.458	87.000
2664.458	76.000
2665.458	68.000
2666.458	57.000
2667.458	79.000
2668.459	80.000
2669.459	57.000
2670.459	60.000
2671.459	86.000
2672.459	70.000
2673.459	61.000
2674.459	66.000
2675.459	71.000
2676.460	64.000
2677.460	73.000
2678.460	76.000
2679.460	82.000
2680.460	79.000
2681.460	79.000
2682.460	77.000
2683.460	59.000
2684.461	62.000
2685.461	58.000
2686.461	52.000
2687.461	54.000
2688.461	72.000
2689.461	66.000
2690.461	74.000
2691.461	68.000
2692.462	63.000
2693.462	77.000
2694.462	56.000
2695.462	77.000
2696.462	76.000
2697.462	52.000
2698.462	80.000
2699.462	77.000
2700.463	66.000
2701.463	63.000
2702.463	67.000
2703.463	64.000
2704.463	79.000
2705.463	69.000
2706.463	76.000
2707.463	69.000
2708.464	71.000
2709.464	75.000
2710.464	62.000
2711.464	67.000
2712.464	79.000
2713.464	62.000
2714.464	61.000
2715.464	71.000
2716.465	65.000
2717.465	68.000
2718.465	76.000
2719.465	77.000
2720.465	69.000
2721.465	63.000
2722.465	63.000
2723.465	59.000
2724.466	88.000
2725.466	70.000
2726.466	70.000
2727.466	73.000
2728.466	81.000
2729.466	77.000
2730.466	77.000
2731.466	75.000
2732.467	75.000
2733.467	87.000
2734.467	69.000
2735.467	58.000
2736.467	63.000
2737.467	64.000
2738.467	86.000
2739.467	60.000
2740.468	52.000
2741.468	73.000
2742.468	80.000
2743.468	67.000
2744.468	77.000
2745.468	77.000
2746.468	68.000
2747.468	68.000
2748.469	67.000
2749.469	57.000
2750.469	66.000
2751.469	63.000
2752.469	81.000
2753.469	67.000
2754.469	66.000
2755.469	66.000
2756.470	73.000
2757.470	67.000
2758.470	78.000
2759.470	68.000
2760.470	73.000
2761.470	58.000
2762.470	60.000
2763.470	76.000
2764.471	67.000
2765.471	61.000
2766.471	72.000
2767.471	78.000
2768.471	74.000
2769.471	82.000
2770.471	63.000
2771.471	84.000
2772.472	55.000
2773.472	66.000
2774.472	76.000
2775.472	50.000
2776.472	68.000
2777.472	59.000
2778.472	67.000
2779.472	75.000
2780.473	75.000
2781.473	74.000
2782.473	67.000
2783.473	81.000
2784.473	66.000
2785.473	64.000
2786.473	73.000
2787.473	101.000
2788.474	78.000
2789.474	81.000
2790.474	78.000
2791.474	73.000
2792.474	68.000
2793.474	72.000
2794.474	85.000
2795.474	78.000
2796.475	73.000
2797.475	63.000
2798.475	89.000
2799.475	58.000
2800.475	74.000
2801.475	72.000
2802.475	76.000
2803.475	79.000
2804.476	62.000
2805.476	80.000
2806.476	79.000
2807.476	79.000
2808.476	81.000
2809.476	73.000
2810.476	65.000
2811.476	74.000
2812.477	64.000
2813.477	71.000
2814.477	61.000
2815.477	70.000
2816.477	82.000
2817.477	82.000
2818.477	76.000
2819.477	67.000
2820.478	85.000
2821.478	71.000
2822.478	77.000
2823.478	78.000
2824.478	75.000
2825.478	72.000
2826.478	70.000
2827.478	81.000
2828.479	87.000
2829.479	82.000
2830.479	78.000
2831.479	68.000
2832.479	95.000
2833.479	81.000
2834.479	65.000
2835.479	69.000
2836.480	79.000
2837.480	72.000
2838.480	71.000
2839.480	79.000
2840.480	97.000
2841.480	77.000
2842.480	72.000
2843.480	64.000
2844.481	66.000
2845.481	88.000
2846.481	84.000
2847.481	64.000
2848.481	76.000
2849.481	73.000
2850.481	70.000
2851.481	55.000
2852.482	75.000
2853.482	78.000
2854.482	74.000
2855.482	68.000
2856.482	69.000
2857.482	76.000
2858.482	88.000
2859.482	79.000
2860.483	87.000
2861.483	78.000
2862.483	85.000
2863.483	88.000
2864.483	85.000
2865.483	68.000
2866.483	73.000
2867.483	83.000
2868.484	73.000
2869.484	68.000
2870.484	63.000
2871.484	60.000
2872.484	77.000
2873.484	73.000
2874.484	73.000
2875.484	67.000
2876.485	70.000
2877.485	85.000
2878.485	47.000
2879.485	89.000
2880.485	80.000
2881.485	69.000
2882.485	81.000
2883.485	77.000
2884.486	63.000
2885.486	80.000
2886.486	76.000
2887.486	92.000
2888.486	66.000
2889.486	75.000
2890.486	83.000
2891.486	84.000
2892.487	84.000
2893.487	74.000
2894.487	76.000
2895.487	72.000
2896.487	76.000
2897.487	87.000
2898.487	68.000
2899.487	76.000
2900.488	80.000
2901.488	71.000
2902.488	92.000
2903.488	70.000
2904.488	80.000
2905.488	76.000
2906.488	82.000
2907.488	71.000
2908.489	86.000
2909.489	84.000
2910.489	74.000
2911.489	76.000
2912.489	82.000
2913.489	54.000
2914.489	86.000
2915.489	82.000
2916.490	80.000
2917.490	86.000
2918.490	82.000
2919.490	65.000
2920.490	82.000
2921.490	89.000
2922.490	76.000
2923.490	83.000
2924.491	66.000
2925.491	70.000
2926.491	86.000
2927.491	74.000
2928.491	99.000
2929.491	89.000
2930.491	72.000
2931.491	78.000
2932.492	71.000
2933.492	88.000
2934.492	95.000
2935.492	79.000
2936.492	80.000
2937.492	74.000
2938.492	93.000
2939.492	79.000
2940.493	62.000
2941.493	88.000
2942.493	75.000
2943.493	74.000
2944.493	81.000
2945.493	76.000
2946.493	83.000
2947.493	75.000
2948.494	83.000
2949.494	65.000
2950.494	77.000
2951.494	90.000
2952.494	89.000
2953.494	94.000
2954.494	68.000
2955.494	82.000
2956.495	95.000
2957.495	77.000
2958.495	97.000
2959.495	74.000
2960.495	86.000
2961.495	89.000
2962.495	64.000
2963.495	85.000
2964.496	92.000
2965.496	73.000
2966.496	94.000
2967.496	88.000
2968.496	110.000
2969.496	89.000
2970.496	98.000
2971.496	78.000
2972.497	80.000
2973.497	85.000
2974.497	88.000
2975.497	83.000
2976.497	87.000
2977.497	83.000
2978.497	76.000
2979.497	72.000
2980.498	94.000
2981.498	80.000
2982.498	80.000
2983.498	72.000
2984.498	85.000
2985.498	92.000
2986.498	72.000
2987.498	96.000
2988.499	75.000
2989.499	80.000
2990.499	96.000
2991.499	85.000
2992.499	86.000
2993.499	107.000
2994.499	80.000
2995.499	80.000
2996.500	100.000
2997.500	99.000
2998.500	60.000
2999.500	83.000
