-1000.000	0.000
-999.000	0.000
-998.000	0.000
-996.999	0.000
-995.999	0.000
-994.999	0.000
-993.999	0.000
-992.999	0.000
-991.999	0.000
-990.998	0.000
-989.998	0.000
-988.998	0.000
-987.998	0.000
-986.998	0.000
-985.998	0.000
-984.997	0.000
-983.997	0.000
-982.997	0.000
-981.997	0.000
-980.997	0.000
-979.997	0.000
-978.996	0.000
-977.996	0.000
-976.996	0.000
-975.996	0.000
-974.996	0.000
-973.996	0.000
-972.995	0.000
-971.995	0.000
-970.995	0.000
-969.995	0.000
-968.995	0.000
-967.995	0.000
-966.994	0.000
-965.994	0.000
-964.994	0.000
-963.994	0.000
-962.994	0.000
-961.994	0.000
-960.993	0.000
-959.993	0.000
-958.993	0.000
-957.993	0.000
-956.993	0.000
-955.993	0.000
-954.992	0.000
-953.992	0.000
-952.992	0.000
-951.992	0.000
-950.992	0.000
-949.992	0.000
-948.991	0.000
-947.991	0.000
-946.991	0.000
-945.991	0.000
-944.991	0.000
-943.991	0.000
-942.990	0.000
-941.990	0.000
-940.990	0.000
-939.990	0.000
-938.990	0.000
-937.990	0.000
-936.989	0.000
-935.989	0.000
-934.989	0.000
-933.989	0.000
-932.989	0.000
-931.989	0.000
-930.988	0.000
-929.988	0.000
-928.988	0.000
-927.988	0.000
-926.988	0.000
-925.988	0.000
-924.987	0.000
-923.987	0.000
-922.987	0.000
-921.987	0.000
-920.987	0.000
-919.987	0.000
-918.986	0.000
-917.986	0.000
-916.986	0.000
-915.986	0.000
-914.986	0.000
-913.986	0.000
-912.985	0.000
-911.985	0.000
-910.985	0.000
-909.985	0.000
-908.985	0.000
-907.985	0.000
-906.984	0.000
-905.984	0.000
-904.984	0.000
-903.984	0.000
-902.984	0.000
-901.984	0.000
-900.983	0.000
-899.983	0.000
-898.983	0.000
-897.983	0.000
-896.983	0.000
-895.983	0.000
-894.982	0.000
-893.982	0.000
-892.982	0.000
-891.982	0.000
-890.982	0.000
-889.982	0.000
-888.981	0.000
-887.981	0.000
-886.981	0.000
-885.981	0.000
-884.981	0.000
-883.981	0.000
-882.980	0.000
-881.980	0.000
-880.980	0.000
-879.980	0.000
-878.980	0.000
-877.980	0.000
-876.979	0.000
-875.979	0.000
-874.979	0.000
-873.979	0.000
-872.979	0.000
-871.979	0.000
-870.978	0.000
-869.978	0.000
-868.978	0.000
-867.978	0.000
-866.978	0.000
-865.978	0.000
-864.977	0.000
-863.977	0.000
-862.977	0.000
-861.977	0.000
-860.977	0.000
-859.977	0.000
-858.976	0.000
-857.976	0.000
-856.976	0.000
-855.976	0.000
-854.976	0.000
-853.976	0.000
-852.975	0.000
-851.975	0.000
-850.975	0.000
-849.975	0.000
-848.975	0.000
-847.975	0.000
-846.974	0.000
-845.974	0.000
-844.974	0.000
-843.974	0.000
-842.974	0.000
-841.974	0.000
-840.973	0.000
-839.973	0.000
-838.973	0.000
-837.973	0.000
-836.973	0.000
-835.973	0.000
-834.972	0.000
-833.972	0.000
-832.972	0.000
-831.972	0.000
-830.972	0.000
-829.972	0.000
-828.971	0.000
-827.971	0.000
-826.971	0.000
-825.971	0.000
-824.971	0.000
-823.971	0.000
-822.970	0.000
-821.970	0.000
-820.970	0.000
-819.970	0.000
-818.970	0.000
-817.970	0.000
-816.969	0.000
-815.969	0.000
-814.969	0.000
-813.969	0.000
-812.969	0.000
-811.969	0.000
-810.968	0.000
-809.968	0.000
-808.968	0.000
-807.968	0.000
-806.968	0.000
-805.968	0.000
-804.967	0.000
-803.967	0.000
-802.967	0.000
-801.967	0.000
-800.967	0.000
-799.967	0.000
-798.966	0.000
-797.966	0.000
-796.966	0.000
-795.966	0.000
-794.966	0.000
-793.966	0.000
-792.965	0.000
-791.965	0.000
-790.965	0.000
-789.965	0.000
-788.965	0.000
-787.965	0.000
-786.964	0.000
-785.964	0.000
-784.964	0.000
-783.964	0.000
-782.964	0.000
-781.964	0.000
-780.963	0.000
-779.963	0.000
-778.963	0.000
-777.963	0.000
-776.963	0.000
-775.963	0.000
-774.962	0.000
-773.962	0.000
-772.962	0.000
-771.962	0.000
-770.962	0.000
-769.962	0.000
-768.961	0.000
-767.961	0.000
-766.961	0.000
-765.961	0.000
-764.961	0.000
-763.961	0.000
-762.960	0.000
-761.960	0.000
-760.960	0.000
-759.960	0.000
-758.960	0.000
-757.960	0.000
-756.959	0.000
-755.959	0.000
-754.959	0.000
-753.959	0.000
-752.959	0.000
-751.959	0.000
-750.958	0.000
-749.958	0.000
-748.958	0.000
-747.958	0.000
-746.958	0.000
-745.958	0.000
-744.957	0.000
-743.957	0.000
-742.957	0.000
-741.957	0.000
-740.957	0.000
-739.957	0.000
-738.956	0.000
-737.956	0.000
-736.956	0.000
-735.956	0.000
-734.956	0.000
-733.956	0.000
-732.955	0.000
-731.955	0.000
-730.955	0.000
-729.955	0.000
-728.955	0.000
-727.955	0.000
-726.954	0.000
-725.954	0.000
-724.954	0.000
-723.954	0.000
-722.954	0.000
-721.954	0.000
-720.953	0.000
-719.953	0.000
-718.953	0.000
-717.953	0.000
-716.953	0.000
-715.953	0.000
-714.952	0.000
-713.952	0.000
-712.952	0.000
-711.952	0.000
-710.952	0.000
-709.952	0.000
-708.951	0.000
-707.951	0.000
-706.951	0.000
-705.951	0.000
-704.951	0.000
-703.951	0.000
-702.950	0.000
-701.950	0.000
-700.950	0.000
-699.950	0.000
-698.950	0.000
-697.950	0.000
-696.949	0.000
-695.949	0.000
-694.949	0.000
-693.949	0.000
-692.949	0.000
-691.949	0.000
-690.948	0.000
-689.948	0.000
-688.948	0.000
-687.948	0.000
-686.948	0.000
-685.948	0.000
-684.947	0.000
-683.947	0.000
-682.947	0.000
-681.947	0.000
-680.947	0.000
-679.947	0.000
-678.946	0.000
-677.946	0.000
-676.946	0.000
-675.946	0.000
-674.946	0.000
-673.946	0.000
-672.945	0.000
-671.945	0.000
-670.945	0.000
-669.945	0.000
-668.945	0.000
-667.945	0.000
-666.944	0.000
-665.944	0.000
-664.944	0.000
-663.944	0.000
-662.944	0.000
-661.944	0.000
-660.943	0.000
-659.943	0.000
-658.943	0.000
-657.943	0.000
-656.943	0.000
-655.943	0.000
-654.942	0.000
-653.942	0.000
-652.942	0.000
-651.942	0.000
-650.942	0.000
-649.942	0.000
-648.941	0.000
-647.941	0.000
-646.941	0.000
-645.941	0.000
-644.941	0.000
-643.941	0.000
-642.940	0.000
-641.940	0.000
-640.940	0.000
-639.940	0.000
-638.940	0.000
-637.940	0.000
-636.939	0.000
-635.939	0.000
-634.939	0.000
-633.939	0.000
-632.939	0.000
-631.939	0.000
-630.938	0.000
-629.938	0.000
-628.938	0.000
-627.938	0.000
-626.938	0.000
-625.938	0.000
-624.937	0.000
-623.937	0.000
-622.937	0.000
-621.937	0.000
-620.937	0.000
-619.937	0.000
-618.936	0.000
-617.936	0.000
-616.936	0.000
-615.936	0.000
-614.936	0.000
-613.936	0.000
-612.935	0.000
-611.935	0.000
-610.935	0.000
-609.935	0.000
-608.935	0.000
-607.935	0.000
-606.934	0.000
-605.934	0.000
-604.934	0.000
-603.934	0.000
-602.934	0.000
-601.934	0.000
-600.933	0.000
-599.933	0.000
-598.933	0.000
-597.933	0.000
-596.933	0.000
-595.933	0.000
-594.932	0.000
-593.932	0.000
-592.932	0.000
-591.932	0.000
-590.932	0.000
-589.932	0.000
-588.931	0.000
-587.931	0.000
-586.931	0.000
-585.931	0.000
-584.931	0.000
-583.931	0.000
-582.930	0.000
-581.930	0.000
-580.930	0.000
-579.930	0.000
-578.930	0.000
-577.930	0.000
-576.929	0.000
-575.929	0.000
-574.929	0.000
-573.929	0.000
-572.929	0.000
-571.929	0.000
-570.928	0.000
-569.928	0.000
-568.928	0.000
-567.928	0.000
-566.928	0.000
-565.928	0.000
-564.927	0.000
-563.927	0.000
-562.927	0.000
-561.927	0.000
-560.927	0.000
-559.927	0.000
-558.926	0.000
-557.926	0.000
-556.926	0.000
-555.926	0.000
-554.926	0.000
-553.926	0.000
-552.925	0.000
-551.925	0.000
-550.925	0.000
-549.925	0.000
-548.925	0.000
-547.925	0.000
-546.924	0.000
-545.924	0.000
-544.924	0.000
-543.924	0.000
-542.924	0.000
-541.924	0.000
-540.923	0.000
-539.923	0.000
-538.923	0.000
-537.923	0.000
-536.923	0.000
-535.923	0.000
-534.922	0.000
-533.922	0.000
-532.922	0.000
-531.922	0.000
-530.922	0.000
-529.922	0.000
-528.921	0.000
-527.921	0.000
-526.921	0.000
-525.921	0.000
-524.921	0.000
-523.921	0.000
-522.920	0.000
-521.920	0.000
-520.920	0.000
-519.920	0.000
-518.920	0.000
-517.920	0.000
-516.919	0.000
-515.919	0.000
-514.919	0.000
-513.919	0.000
-512.919	0.000
-511.919	0.000
-510.918	0.000
-509.918	0.000
-508.918	0.000
-507.918	0.000
-506.918	0.000
-505.918	0.000
-504.917	0.000
-503.917	0.000
-502.917	0.000
-501.917	0.000
-500.917	0.000
-499.917	0.000
-498.916	0.000
-497.916	0.000
-496.916	0.000
-495.916	0.000
-494.916	0.000
-493.916	0.000
-492.915	0.000
-491.915	0.000
-490.915	0.000
-489.915	0.000
-488.915	0.000
-487.915	0.000
-486.914	0.000
-485.914	0.000
-484.914	0.000
-483.914	0.000
-482.914	0.000
-481.914	0.000
-480.913	0.000
-479.913	0.000
-478.913	0.000
-477.913	0.000
-476.913	0.000
-475.913	0.000
-474.912	0.000
-473.912	0.000
-472.912	0.000
-471.912	0.000
-470.912	0.000
-469.912	0.000
-468.911	0.000
-467.911	0.000
-466.911	0.000
-465.911	0.000
-464.911	0.000
-463.911	0.000
-462.910	0.000
-461.910	0.000
-460.910	0.000
-459.910	0.000
-458.910	0.000
-457.910	0.000
-456.909	0.000
-455.909	0.000
-454.909	0.000
-453.909	0.000
-452.909	0.000
-451.909	0.000
-450.908	0.000
-449.908	0.000
-448.908	0.000
-447.908	0.000
-446.908	0.000
-445.908	0.000
-444.907	0.000
-443.907	0.000
-442.907	0.000
-441.907	0.000
-440.907	0.000
-439.907	0.000
-438.906	0.000
-437.906	0.000
-436.906	0.000
-435.906	0.000
-434.906	0.000
-433.906	0.000
-432.905	0.000
-431.905	0.000
-430.905	0.000
-429.905	0.000
-428.905	0.000
-427.905	0.000
-426.904	0.000
-425.904	0.000
-424.904	0.000
-423.904	0.000
-422.904	0.000
-421.904	0.000
-420.903	0.000
-419.903	0.000
-418.903	0.000
-417.903	0.000
-416.903	0.000
-415.903	0.000
-414.902	0.000
-413.902	0.000
-412.902	0.000
-411.902	0.000
-410.902	0.000
-409.902	0.000
-408.901	0.000
-407.901	0.000
-406.901	0.000
-405.901	0.000
-404.901	0.000
-403.901	0.000
-402.900	0.000
-401.900	0.000
-400.900	0.000
-399.900	0.000
-398.900	0.000
-397.900	0.000
-396.899	0.000
-395.899	0.000
-394.899	0.000
-393.899	0.000
-392.899	0.000
-391.899	0.000
-390.898	0.000
-389.898	0.000
-388.898	0.000
-387.898	0.000
-386.898	0.000
-385.898	0.000
-384.897	0.000
-383.897	0.000
-382.897	0.000
-381.897	0.000
-380.897	0.000
-379.897	0.000
-378.896	0.000
-377.896	0.000
-376.896	0.000
-375.896	0.000
-374.896	0.000
-373.896	0.000
-372.895	0.000
-371.895	0.000
-370.895	0.000
-369.895	0.000
-368.895	0.000
-367.895	0.000
-366.894	0.000
-365.894	0.000
-364.894	0.000
-363.894	0.000
-362.894	0.000
-361.894	0.000
-360.893	0.000
-359.893	0.000
-358.893	0.000
-357.893	0.000
-356.893	0.000
-355.893	0.000
-354.892	0.000
-353.892	0.000
-352.892	0.000
-351.892	0.000
-350.892	0.000
-349.892	0.000
-348.891	0.000
-347.891	0.000
-346.891	0.000
-345.891	0.000
-344.891	0.000
-343.891	0.000
-342.890	0.000
-341.890	0.000
-340.890	0.000
-339.890	0.000
-338.890	0.000
-337.890	0.000
-336.889	0.000
-335.889	0.000
-334.889	0.000
-333.889	0.000
-332.889	0.000
-331.889	0.000
-330.888	0.000
-329.888	0.000
-328.888	0.000
-327.888	0.000
-326.888	0.000
-325.888	0.000
-324.887	0.000
-323.887	0.000
-322.887	0.000
-321.887	0.000
-320.887	0.000
-319.887	0.000
-318.886	0.000
-317.886	0.000
-316.886	0.000
-315.886	0.000
-314.886	0.000
-313.886	0.000
-312.885	0.000
-311.885	0.000
-310.885	0.000
-309.885	0.000
-308.885	0.000
-307.885	0.000
-306.884	0.000
-305.884	0.000
-304.884	0.000
-303.884	0.000
-302.884	0.000
-301.884	0.000
-300.883	0.000
-299.883	0.000
-298.883	0.000
-297.883	0.000
-296.883	0.000
-295.883	0.000
-294.882	0.000
-293.882	0.000
-292.882	0.000
-291.882	0.000
-290.882	0.000
-289.882	0.000
-288.881	0.000
-287.881	0.000
-286.881	0.000
-285.881	0.000
-284.881	0.000
-283.881	0.000
-282.880	0.000
-281.880	0.000
-280.880	0.000
-279.880	0.000
-278.880	0.000
-277.880	0.000
-276.879	0.000
-275.879	0.000
-274.879	0.000
-273.879	0.000
-272.879	0.000
-271.879	0.000
-270.878	0.000
-269.878	0.000
-268.878	0.000
-267.878	0.000
-266.878	0.000
-265.878	0.000
-264.877	0.000
-263.877	0.000
-262.877	0.000
-261.877	0.000
-260.877	0.000
-259.877	0.000
-258.876	0.000
-257.876	0.000
-256.876	0.000
-255.876	0.000
-254.876	0.000
-253.876	0.000
-252.875	0.000
-251.875	0.000
-250.875	0.000
-249.875	0.000
-248.875	0.000
-247.875	0.000
-246.874	0.000
-245.874	0.000
-244.874	0.000
-243.874	0.000
-242.874	0.000
-241.874	0.000
-240.873	0.000
-239.873	0.000
-238.873	0.000
-237.873	0.000
-236.873	0.000
-235.873	0.000
-234.872	0.000
-233.872	0.000
-232.872	0.000
-231.872	0.000
-230.872	0.000
-229.872	0.000
-228.871	0.000
-227.871	0.000
-226.871	0.000
-225.871	0.000
-224.871	0.000
-223.871	0.000
-222.870	0.000
-221.870	0.000
-220.870	0.000
-219.870	0.000
-218.870	0.000
-217.870	0.000
-216.869	0.000
-215.869	0.000
-214.869	0.000
-213.869	0.000
-212.869	0.000
-211.869	0.000
-210.868	0.000
-209.868	0.000
-208.868	0.000
-207.868	0.000
-206.868	0.000
-205.868	0.000
-204.867	0.000
-203.867	0.000
-202.867	0.000
-201.867	0.000
-200.867	0.000
-199.867	0.000
-198.866	0.000
-197.866	0.000
-196.866	0.000
-195.866	0.000
-194.866	0.000
-193.866	0.000
-192.865	0.000
-191.865	0.000
-190.865	0.000
-189.865	0.000
-188.865	0.000
-187.865	0.000
-186.864	0.000
-185.864	0.000
-184.864	1.000
-183.864	0.000
-182.864	0.000
-181.864	0.000
-180.863	0.000
-179.863	0.000
-178.863	0.000
-177.863	0.000
-176.863	0.000
-175.863	0.000
-174.862	0.000
-173.862	0.000
-172.862	0.000
-171.862	0.000
-170.862	0.000
-169.862	0.000
-168.861	0.000
-167.861	0.000
-166.861	0.000
-165.861	0.000
-164.861	0.000
-163.861	1.000
-162.860	0.000
-161.860	0.000
-160.860	0.000
-159.860	1.000
-158.860	0.000
-157.860	1.000
-156.859	0.000
-155.859	1.000
-154.859	1.000
-153.859	1.000
-152.859	0.000
-151.859	1.000
-150.858	2.000
-149.858	1.000
-148.858	0.000
-147.858	0.000
-146.858	1.000
-145.858	0.000
-144.857	2.000
-143.857	1.000
-142.857	1.000
-141.857	0.000
-140.857	1.000
-139.857	3.000
-138.856	0.000
-137.856	0.000
-136.856	1.000
-135.856	2.000
-134.856	1.000
-133.856	2.000
-132.855	1.000
-131.855	1.000
-130.855	3.000
-129.855	4.000
-128.855	0.000
-127.855	0.000
-126.854	4.000
-125.854	5.000
-124.854	2.000
-123.854	1.000
-122.854	0.000
-121.854	1.000
-120.853	2.000
-119.853	7.000
-118.853	2.000
-117.853	9.000
-116.853	6.000
-115.853	11.000
-114.852	6.000
-113.852	3.000
-112.852	7.000
-111.852	6.000
-110.852	8.000
-109.852	10.000
-108.851	9.000
-107.851	7.000
-106.851	13.000
-105.851	11.000
-104.851	11.000
-103.851	14.000
-102.850	6.000
-101.850	11.000
-100.850	22.000
-99.850	8.000
-98.850	19.000
-97.850	18.000
-96.849	11.000
-95.849	12.000
-94.849	21.000
-93.849	19.000
-92.849	24.000
-91.849	16.000
-90.848	26.000
-89.848	16.000
-88.848	32.000
-87.848	23.000
-86.848	35.000
-85.848	31.000
-84.847	30.000
-83.847	36.000
-82.847	29.000
-81.847	32.000
-80.847	29.000
-79.847	38.000
-78.846	51.000
-77.846	31.000
-76.846	43.000
-75.846	42.000
-74.846	42.000
-73.846	39.000
-72.845	55.000
-71.845	50.000
-70.845	60.000
-69.845	57.000
-68.845	86.000
-67.845	55.000
-66.844	54.000
-65.844	74.000
-64.844	63.000
-63.844	70.000
-62.844	74.000
-61.844	75.000
-60.843	87.000
-59.843	86.000
-58.843	102.000
-57.843	86.000
-56.843	116.000
-55.843	102.000
-54.842	89.000
-53.842	115.000
-52.842	119.000
-51.842	113.000
-50.842	121.000
-49.842	110.000
-48.841	111.000
-47.841	118.000
-46.841	132.000
-45.841	119.000
-44.841	134.000
-43.841	138.000
-42.840	138.000
-41.840	140.000
-40.840	160.000
-39.840	141.000
-38.840	137.000
-37.840	132.000
-36.839	156.000
-35.839	163.000
-34.839	141.000
-33.839	174.000
-32.839	185.000
-31.839	175.000
-30.838	202.000
-29.838	175.000
-28.838	197.000
-27.838	167.000
-26.838	181.000
-25.838	210.000
-24.837	200.000
-23.837	188.000
-22.837	209.000
-21.837	197.000
-20.837	207.000
-19.837	224.000
-18.836	205.000
-17.836	228.000
-16.836	190.000
-15.836	219.000
-14.836	251.000
-13.836	189.000
-12.835	223.000
-11.835	241.000
-10.835	216.000
-9.835	221.000
-8.835	197.000
-7.835	232.000
-6.834	236.000
-5.834	234.000
-4.834	232.000
-3.834	249.000
-2.834	225.000
-1.834	231.000
-0.833	237.000
0.167	253.000
1.167	250.000
2.167	222.000
3.167	230.000
4.167	235.000
5.168	235.000
6.168	228.000
7.168	235.000
8.168	220.000
9.168	240.000
10.168	214.000
11.169	230.000
12.169	247.000
13.169	229.000
14.169	199.000
15.169	224.000
16.169	223.000
17.170	218.000
18.170	218.000
19.170	252.000
20.170	235.000
21.170	204.000
22.170	206.000
23.171	175.000
24.171	195.000
25.171	186.000
26.171	214.000
27.171	162.000
28.171	208.000
29.172	210.000
30.172	164.000
31.172	177.000
32.172	197.000
33.172	191.000
34.172	167.000
35.173	166.000
36.173	155.000
37.173	153.000
38.173	161.000
39.173	163.000
40.173	141.000
41.174	155.000
42.174	140.000
43.174	163.000
44.174	158.000
45.174	139.000
46.174	114.000
47.175	126.000
48.175	100.000
49.175	109.000
50.175	126.000
51.175	119.000
52.175	123.000
53.176	115.000
54.176	107.000
55.176	113.000
56.176	97.000
57.176	95.000
58.176	101.000
59.177	115.000
60.177	102.000
61.177	89.000
62.177	111.000
63.177	85.000
64.177	74.000
65.178	81.000
66.178	71.000
67.178	68.000
68.178	88.000
69.178	64.000
70.178	65.000
71.179	81.000
72.179	51.000
73.179	54.000
74.179	67.000
75.179	50.000
76.179	61.000
77.180	57.000
78.180	50.000
79.180	57.000
80.180	41.000
81.180	45.000
82.180	50.000
83.181	33.000
84.181	34.000
85.181	48.000
86.181	31.000
87.181	38.000
88.181	28.000
89.182	39.000
90.182	33.000
91.182	30.000
92.182	31.000
93.182	22.000
94.182	23.000
95.183	26.000
96.183	24.000
97.183	30.000
98.183	21.000
99.183	16.000
100.183	16.000
101.184	16.000
102.184	20.000
103.184	12.000
104.184	19.000
105.184	15.000
106.184	16.000
107.185	17.000
108.185	13.000
109.185	9.000
110.185	11.000
111.185	8.000
112.185	8.000
113.186	4.000
114.186	11.000
115.186	16.000
116.186	16.000
117.186	9.000
118.186	11.000
119.187	6.000
120.187	5.000
121.187	7.000
122.187	6.000
123.187	5.000
124.187	8.000
125.188	4.000
126.188	6.000
127.188	5.000
128.188	2.000
129.188	1.000
130.188	2.000
131.189	4.000
132.189	3.000
133.189	0.000
134.189	0.000
135.189	6.000
136.189	5.000
137.190	4.000
138.190	3.000
139.190	1.000
140.190	1.000
141.190	1.000
142.190	1.000
143.191	0.000
144.191	1.000
145.191	5.000
146.191	3.000
147.191	2.000
148.191	1.000
149.192	2.000
150.192	2.000
151.192	1.000
152.192	3.000
153.192	3.000
154.192	1.000
155.193	2.000
156.193	0.000
157.193	0.000
158.193	0.000
159.193	0.000
160.193	0.000
161.194	2.000
162.194	1.000
163.194	0.000
164.194	2.000
165.194	3.000
166.194	1.000
167.195	1.000
168.195	1.000
169.195	1.000
170.195	0.000
171.195	1.000
172.195	1.000
173.196	1.000
174.196	1.000
175.196	1.000
176.196	0.000
177.196	1.000
178.196	0.000
179.197	1.000
180.197	1.000
181.197	0.000
182.197	1.000
183.197	0.000
184.197	0.000
185.198	0.000
186.198	1.000
187.198	0.000
188.198	0.000
189.198	1.000
190.198	1.000
191.199	0.000
192.199	0.000
193.199	0.000
194.199	0.000
195.199	0.000
196.199	0.000
197.200	0.000
198.200	0.000
199.200	0.000
200.200	0.000
201.200	1.000
202.200	0.000
203.201	0.000
204.201	2.000
205.201	2.000
206.201	0.000
207.201	0.000
208.201	0.000
209.202	0.000
210.202	0.000
211.202	0.000
212.202	0.000
213.202	0.000
214.202	0.000
215.203	1.000
216.203	0.000
217.203	1.000
218.203	1.000
219.203	2.000
220.203	1.000
221.204	1.000
222.204	1.000
223.204	1.000
224.204	1.000
225.204	1.000
226.204	0.000
227.205	0.000
228.205	0.000
229.205	0.000
230.205	0.000
231.205	0.000
232.205	1.000
233.206	0.000
234.206	1.000
235.206	0.000
236.206	0.000
237.206	0.000
238.206	0.000
239.207	0.000
240.207	0.000
241.207	0.000
242.207	0.000
243.207	0.000
244.207	2.000
245.208	0.000
246.208	0.000
247.208	0.000
248.208	1.000
249.208	0.000
250.208	0.000
251.209	0.000
252.209	0.000
253.209	0.000
254.209	0.000
255.209	0.000
256.209	3.000
257.210	1.000
258.210	0.000
259.210	0.000
260.210	3.000
261.210	0.000
262.210	0.000
263.211	0.000
264.211	0.000
265.211	0.000
266.211	0.000
267.211	0.000
268.211	0.000
269.212	0.000
270.212	0.000
271.212	0.000
272.212	0.000
273.212	1.000
274.212	0.000
275.213	0.000
276.213	0.000
277.213	1.000
278.213	2.000
279.213	2.000
280.213	1.000
281.214	0.000
282.214	1.000
283.214	2.000
284.214	0.000
285.214	0.000
286.214	1.000
287.215	0.000
288.215	0.000
289.215	1.000
290.215	0.000
291.215	0.000
292.215	1.000
293.216	2.000
294.216	0.000
295.216	1.000
296.216	1.000
297.216	1.000
298.216	0.000
299.217	0.000
300.217	3.000
301.217	0.000
302.217	0.000
303.217	0.000
304.217	0.000
305.218	0.000
306.218	0.000
307.218	1.000
308.218	0.000
309.218	0.000
310.218	1.000
311.219	0.000
312.219	1.000
313.219	1.000
314.219	0.000
315.219	1.000
316.219	1.000
317.220	0.000
318.220	0.000
319.220	0.000
320.220	0.000
321.220	0.000
322.220	0.000
323.221	0.000
324.221	2.000
325.221	0.000
326.221	0.000
327.221	0.000
328.221	1.000
329.222	2.000
330.222	1.000
331.222	0.000
332.222	0.000
333.222	1.000
334.222	2.000
335.223	0.000
336.223	1.000
337.223	0.000
338.223	0.000
339.223	0.000
340.223	4.000
341.224	0.000
342.224	0.000
343.224	0.000
344.224	0.000
345.224	2.000
346.224	2.000
347.225	0.000
348.225	0.000
349.225	0.000
350.225	0.000
351.225	1.000
352.225	0.000
353.226	1.000
354.226	0.000
355.226	1.000
356.226	0.000
357.226	1.000
358.226	1.000
359.227	0.000
360.227	1.000
361.227	1.000
362.227	0.000
363.227	1.000
364.227	0.000
365.228	0.000
366.228	2.000
367.228	0.000
368.228	1.000
369.228	0.000
370.228	0.000
371.229	0.000
372.229	0.000
373.229	0.000
374.229	0.000
375.229	0.000
376.229	1.000
377.230	1.000
378.230	3.000
379.230	0.000
380.230	2.000
381.230	0.000
382.230	2.000
383.231	1.000
384.231	1.000
385.231	0.000
386.231	3.000
387.231	1.000
388.231	0.000
389.232	0.000
390.232	0.000
391.232	0.000
392.232	0.000
393.232	0.000
394.232	0.000
395.233	1.000
396.233	0.000
397.233	0.000
398.233	1.000
399.233	0.000
400.233	1.000
401.234	1.000
402.234	0.000
403.234	2.000
404.234	1.000
405.234	0.000
406.234	0.000
407.235	0.000
408.235	1.000
409.235	0.000
410.235	0.000
411.235	2.000
412.235	0.000
413.236	0.000
414.236	0.000
415.236	0.000
416.236	0.000
417.236	0.000
418.236	1.000
419.237	1.000
420.237	3.000
421.237	0.000
422.237	0.000
423.237	1.000
424.237	0.000
425.238	0.000
426.238	0.000
427.238	0.000
428.238	3.000
429.238	0.000
430.238	2.000
431.239	1.000
432.239	0.000
433.239	0.000
434.239	2.000
435.239	1.000
436.239	0.000
437.240	2.000
438.240	0.000
439.240	1.000
440.240	0.000
441.240	1.000
442.240	1.000
443.241	0.000
444.241	2.000
445.241	1.000
446.241	3.000
447.241	0.000
448.241	1.000
449.242	0.000
450.242	0.000
451.242	0.000
452.242	0.000
453.242	2.000
454.242	0.000
455.243	0.000
456.243	2.000
457.243	0.000
458.243	0.000
459.243	1.000
460.243	2.000
461.244	1.000
462.244	0.000
463.244	0.000
464.244	0.000
465.244	1.000
466.244	1.000
467.245	0.000
468.245	0.000
469.245	2.000
470.245	0.000
471.245	0.000
472.245	2.000
473.246	0.000
474.246	0.000
475.246	3.000
476.246	0.000
477.246	1.000
478.246	0.000
479.247	0.000
480.247	0.000
481.247	2.000
482.247	0.000
483.247	1.000
484.247	1.000
485.248	3.000
486.248	1.000
487.248	1.000
488.248	2.000
489.248	1.000
490.248	2.000
491.249	3.000
492.249	0.000
493.249	0.000
494.249	0.000
495.249	1.000
496.249	3.000
497.250	0.000
498.250	0.000
499.250	1.000
500.250	1.000
501.250	2.000
502.250	0.000
503.251	2.000
504.251	0.000
505.251	0.000
506.251	1.000
507.251	2.000
508.251	1.000
509.252	1.000
510.252	0.000
511.252	0.000
512.252	2.000
513.252	1.000
514.252	0.000
515.253	3.000
516.253	1.000
517.253	1.000
518.253	1.000
519.253	0.000
520.253	0.000
521.254	1.000
522.254	1.000
523.254	1.000
524.254	0.000
525.254	0.000
526.254	1.000
527.255	2.000
528.255	0.000
529.255	0.000
530.255	0.000
531.255	1.000
532.255	1.000
533.256	0.000
534.256	0.000
535.256	0.000
536.256	1.000
537.256	2.000
538.256	0.000
539.257	1.000
540.257	0.000
541.257	1.000
542.257	0.000
543.257	0.000
544.257	1.000
545.258	1.000
546.258	0.000
547.258	2.000
548.258	1.000
549.258	0.000
550.258	0.000
551.259	0.000
552.259	0.000
553.259	1.000
554.259	0.000
555.259	1.000
556.259	2.000
557.260	0.000
558.260	1.000
559.260	3.000
560.260	0.000
561.260	1.000
562.260	1.000
563.261	0.000
564.261	1.000
565.261	1.000
566.261	0.000
567.261	2.000
568.261	1.000
569.262	0.000
570.262	1.000
571.262	2.000
572.262	0.000
573.262	1.000
574.262	1.000
575.263	0.000
576.263	1.000
577.263	1.000
578.263	0.000
579.263	0.000
580.263	1.000
581.264	2.000
582.264	1.000
583.264	0.000
584.264	1.000
585.264	1.000
586.264	1.000
587.265	1.000
588.265	2.000
589.265	0.000
590.265	1.000
591.265	0.000
592.265	2.000
593.266	0.000
594.266	0.000
595.266	2.000
596.266	0.000
597.266	1.000
598.266	0.000
599.267	1.000
600.267	0.000
601.267	1.000
602.267	1.000
603.267	0.000
604.267	0.000
605.268	2.000
606.268	0.000
607.268	0.000
608.268	0.000
609.268	2.000
610.268	0.000
611.269	1.000
612.269	2.000
613.269	0.000
614.269	1.000
615.269	0.000
616.269	2.000
617.270	0.000
618.270	1.000
619.270	1.000
620.270	0.000
621.270	3.000
622.270	1.000
623.271	2.000
624.271	1.000
625.271	1.000
626.271	0.000
627.271	3.000
628.271	0.000
629.272	0.000
630.272	1.000
631.272	0.000
632.272	1.000
633.272	0.000
634.272	3.000
635.273	0.000
636.273	0.000
637.273	1.000
638.273	1.000
639.273	0.000
640.273	1.000
641.274	0.000
642.274	1.000
643.274	2.000
644.274	2.000
645.274	3.000
646.274	1.000
647.275	0.000
648.275	1.000
649.275	2.000
650.275	1.000
651.275	1.000
652.275	1.000
653.276	0.000
654.276	1.000
655.276	4.000
656.276	1.000
657.276	0.000
658.276	2.000
659.277	0.000
660.277	1.000
661.277	1.000
662.277	0.000
663.277	1.000
664.277	0.000
665.278	1.000
666.278	2.000
667.278	2.000
668.278	1.000
669.278	0.000
670.278	2.000
671.279	1.000
672.279	0.000
673.279	0.000
674.279	2.000
675.279	0.000
676.279	0.000
677.280	0.000
678.280	0.000
679.280	1.000
680.280	0.000
681.280	4.000
682.280	0.000
683.281	0.000
684.281	1.000
685.281	2.000
686.281	1.000
687.281	1.000
688.281	1.000
689.282	3.000
690.282	1.000
691.282	1.000
692.282	1.000
693.282	3.000
694.282	1.000
695.283	0.000
696.283	2.000
697.283	3.000
698.283	0.000
699.283	2.000
700.283	1.000
701.284	3.000
702.284	1.000
703.284	0.000
704.284	2.000
705.284	0.000
706.284	2.000
707.285	3.000
708.285	0.000
709.285	1.000
710.285	1.000
711.285	1.000
712.285	4.000
713.286	2.000
714.286	0.000
715.286	2.000
716.286	2.000
717.286	1.000
718.286	1.000
719.287	1.000
720.287	1.000
721.287	0.000
722.287	1.000
723.287	0.000
724.287	1.000
725.288	0.000
726.288	0.000
727.288	0.000
728.288	0.000
729.288	3.000
730.288	1.000
731.289	0.000
732.289	1.000
733.289	1.000
734.289	0.000
735.289	1.000
736.289	1.000
737.290	1.000
738.290	1.000
739.290	1.000
740.290	0.000
741.290	1.000
742.290	0.000
743.291	2.000
744.291	2.000
745.291	3.000
746.291	0.000
747.291	2.000
748.291	1.000
749.292	0.000
750.292	4.000
751.292	1.000
752.292	2.000
753.292	0.000
754.292	1.000
755.293	1.000
756.293	0.000
757.293	2.000
758.293	0.000
759.293	1.000
760.293	1.000
761.294	0.000
762.294	0.000
763.294	1.000
764.294	2.000
765.294	0.000
766.294	0.000
767.295	3.000
768.295	1.000
769.295	0.000
770.295	0.000
771.295	0.000
772.295	1.000
773.296	1.000
774.296	0.000
775.296	1.000
776.296	1.000
777.296	0.000
778.296	1.000
779.297	3.000
780.297	2.000
781.297	0.000
782.297	1.000
783.297	0.000
784.297	1.000
785.298	2.000
786.298	1.000
787.298	1.000
788.298	1.000
789.298	0.000
790.298	0.000
791.299	3.000
792.299	1.000
793.299	1.000
794.299	0.000
795.299	2.000
796.299	2.000
797.300	0.000
798.300	0.000
799.300	0.000
800.300	2.000
801.300	1.000
802.300	2.000
803.301	2.000
804.301	3.000
805.301	1.000
806.301	0.000
807.301	1.000
808.301	0.000
809.302	2.000
810.302	3.000
811.302	1.000
812.302	5.000
813.302	0.000
814.302	3.000
815.303	2.000
816.303	0.000
817.303	0.000
818.303	1.000
819.303	1.000
820.303	1.000
821.304	2.000
822.304	1.000
823.304	1.000
824.304	2.000
825.304	0.000
826.304	0.000
827.305	2.000
828.305	2.000
829.305	0.000
830.305	1.000
831.305	0.000
832.305	0.000
833.306	1.000
834.306	2.000
835.306	5.000
836.306	2.000
837.306	2.000
838.306	3.000
839.307	4.000
840.307	0.000
841.307	2.000
842.307	4.000
843.307	4.000
844.307	1.000
845.308	3.000
846.308	1.000
847.308	1.000
848.308	2.000
849.308	6.000
850.308	2.000
851.309	2.000
852.309	4.000
853.309	0.000
854.309	2.000
855.309	7.000
856.309	3.000
857.310	2.000
858.310	3.000
859.310	3.000
860.310	4.000
861.310	5.000
862.310	3.000
863.311	2.000
864.311	7.000
865.311	2.000
866.311	3.000
867.311	5.000
868.311	2.000
869.312	3.000
870.312	4.000
871.312	3.000
872.312	7.000
873.312	8.000
874.312	4.000
875.313	7.000
876.313	4.000
877.313	13.000
878.313	7.000
879.313	9.000
880.313	7.000
881.314	8.000
882.314	2.000
883.314	7.000
884.314	7.000
885.314	9.000
886.314	7.000
887.315	5.000
888.315	12.000
889.315	15.000
890.315	19.000
891.315	13.000
892.315	12.000
893.316	11.000
894.316	14.000
895.316	17.000
896.316	9.000
897.316	20.000
898.316	19.000
899.317	23.000
900.317	18.000
901.317	19.000
902.317	14.000
903.317	20.000
904.317	21.000
905.318	21.000
906.318	25.000
907.318	12.000
908.318	33.000
909.318	29.000
910.318	34.000
911.319	35.000
912.319	31.000
913.319	28.000
914.319	34.000
915.319	32.000
916.319	33.000
917.320	36.000
918.320	37.000
919.320	45.000
920.320	41.000
921.320	27.000
922.320	44.000
923.321	49.000
924.321	51.000
925.321	55.000
926.321	43.000
927.321	57.000
928.321	60.000
929.322	56.000
930.322	56.000
931.322	53.000
932.322	60.000
933.322	70.000
934.322	75.000
935.323	69.000
936.323	85.000
937.323	75.000
938.323	70.000
939.323	85.000
940.323	79.000
941.324	85.000
942.324	83.000
943.324	86.000
944.324	112.000
945.324	100.000
946.324	118.000
947.325	122.000
948.325	126.000
949.325	118.000
950.325	122.000
951.325	120.000
952.325	119.000
953.326	120.000
954.326	133.000
955.326	139.000
956.326	145.000
957.326	140.000
958.326	164.000
959.327	154.000
960.327	156.000
961.327	175.000
962.327	134.000
963.327	173.000
964.327	197.000
965.328	197.000
966.328	190.000
967.328	191.000
968.328	174.000
969.328	199.000
970.328	203.000
971.329	223.000
972.329	219.000
973.329	217.000
974.329	256.000
975.329	277.000
976.329	244.000
977.330	255.000
978.330	280.000
979.330	283.000
980.330	289.000
981.330	271.000
982.330	291.000
983.331	287.000
984.331	313.000
985.331	339.000
986.331	321.000
987.331	354.000
988.331	370.000
989.332	342.000
990.332	363.000
991.332	365.000
992.332	352.000
993.332	389.000
994.332	434.000
995.333	415.000
996.333	437.000
997.333	399.000
998.333	436.000
999.333	443.000
1000.333	432.000
1001.334	466.000
1002.334	487.000
1003.334	479.000
1004.334	487.000
1005.334	501.000
1006.334	502.000
1007.335	524.000
1008.335	506.000
1009.335	521.000
1010.335	544.000
1011.335	586.000
1012.335	550.000
1013.336	614.000
1014.336	620.000
1015.336	653.000
1016.336	637.000
1017.336	699.000
1018.336	676.000
1019.337	662.000
1020.337	698.000
1021.337	714.000
1022.337	670.000
1023.337	741.000
1024.337	725.000
1025.338	777.000
1026.338	749.000
1027.338	813.000
1028.338	735.000
1029.338	803.000
1030.338	830.000
1031.339	860.000
1032.339	876.000
1033.339	875.000
1034.339	903.000
1035.339	836.000
1036.339	903.000
1037.340	952.000
1038.340	974.000
1039.340	926.000
1040.340	962.000
1041.340	976.000
1042.340	941.000
1043.341	961.000
1044.341	976.000
1045.341	977.000
1046.341	1016.000
1047.341	1078.000
1048.341	1062.000
1049.342	1021.000
1050.342	1136.000
1051.342	1156.000
1052.342	1185.000
1053.342	1103.000
1054.342	1185.000
1055.343	1141.000
1056.343	1145.000
1057.343	1230.000
1058.343	1212.000
1059.343	1193.000
1060.343	1235.000
1061.344	1199.000
1062.344	1248.000
1063.344	1314.000
1064.344	1267.000
1065.344	1229.000
1066.344	1282.000
1067.345	1338.000
1068.345	1366.000
1069.345	1341.000
1070.345	1297.000
1071.345	1327.000
1072.345	1376.000
1073.346	1435.000
1074.346	1372.000
1075.346	1381.000
1076.346	1407.000
1077.346	1402.000
1078.346	1436.000
1079.347	1444.000
1080.347	1425.000
1081.347	1488.000
1082.347	1432.000
1083.347	1459.000
1084.347	1507.000
1085.348	1482.000
1086.348	1430.000
1087.348	1544.000
1088.348	1464.000
1089.348	1496.000
1090.348	1505.000
1091.349	1545.000
1092.349	1545.000
1093.349	1486.000
1094.349	1549.000
1095.349	1495.000
1096.349	1567.000
1097.350	1521.000
1098.350	1541.000
1099.350	1526.000
1100.350	1563.000
1101.350	1576.000
1102.350	1471.000
1103.351	1505.000
1104.351	1528.000
1105.351	1511.000
1106.351	1579.000
1107.351	1558.000
1108.351	1508.000
1109.352	1500.000
1110.352	1542.000
1111.352	1489.000
1112.352	1517.000
1113.352	1476.000
1114.352	1513.000
1115.353	1552.000
1116.353	1459.000
1117.353	1490.000
1118.353	1495.000
1119.353	1540.000
1120.353	1483.000
1121.354	1503.000
1122.354	1481.000
1123.354	1445.000
1124.354	1463.000
1125.354	1429.000
1126.354	1471.000
1127.355	1363.000
1128.355	1437.000
1129.355	1408.000
1130.355	1347.000
1131.355	1319.000
1132.355	1386.000
1133.356	1306.000
1134.356	1388.000
1135.356	1365.000
1136.356	1344.000
1137.356	1381.000
1138.356	1291.000
1139.357	1306.000
1140.357	1279.000
1141.357	1204.000
1142.357	1240.000
1143.357	1207.000
1144.357	1239.000
1145.358	1206.000
1146.358	1240.000
1147.358	1202.000
1148.358	1160.000
1149.358	1130.000
1150.358	1110.000
1151.359	1122.000
1152.359	1139.000
1153.359	1076.000
1154.359	1037.000
1155.359	1048.000
1156.359	1030.000
1157.360	1007.000
1158.360	1044.000
1159.360	975.000
1160.360	1026.000
1161.360	1031.000
1162.360	953.000
1163.361	939.000
1164.361	931.000
1165.361	891.000
1166.361	890.000
1167.361	940.000
1168.361	899.000
1169.362	877.000
1170.362	913.000
1171.362	805.000
1172.362	800.000
1173.362	839.000
1174.362	805.000
1175.363	772.000
1176.363	780.000
1177.363	735.000
1178.363	765.000
1179.363	698.000
1180.363	704.000
1181.364	697.000
1182.364	700.000
1183.364	674.000
1184.364	677.000
1185.364	626.000
1186.364	639.000
1187.365	568.000
1188.365	591.000
1189.365	549.000
1190.365	555.000
1191.365	543.000
1192.365	552.000
1193.366	556.000
1194.366	505.000
1195.366	476.000
1196.366	489.000
1197.366	529.000
1198.366	487.000
1199.367	474.000
1200.367	459.000
1201.367	420.000
1202.367	386.000
1203.367	423.000
1204.367	413.000
1205.368	393.000
1206.368	380.000
1207.368	386.000
1208.368	399.000
1209.368	378.000
1210.368	354.000
1211.369	328.000
1212.369	290.000
1213.369	335.000
1214.369	272.000
1215.369	308.000
1216.369	283.000
1217.370	281.000
1218.370	265.000
1219.370	277.000
1220.370	258.000
1221.370	247.000
1222.370	243.000
1223.371	234.000
1224.371	214.000
1225.371	225.000
1226.371	212.000
1227.371	198.000
1228.371	194.000
1229.372	194.000
1230.372	183.000
1231.372	158.000
1232.372	163.000
1233.372	176.000
1234.372	165.000
1235.373	161.000
1236.373	158.000
1237.373	141.000
1238.373	154.000
1239.373	153.000
1240.373	155.000
1241.374	131.000
1242.374	129.000
1243.374	117.000
1244.374	132.000
1245.374	108.000
1246.374	123.000
1247.375	118.000
1248.375	118.000
1249.375	103.000
1250.375	112.000
1251.375	99.000
1252.375	96.000
1253.376	115.000
1254.376	101.000
1255.376	99.000
1256.376	101.000
1257.376	103.000
1258.376	77.000
1259.377	93.000
1260.377	73.000
1261.377	74.000
1262.377	63.000
1263.377	68.000
1264.377	67.000
1265.378	56.000
1266.378	69.000
1267.378	54.000
1268.378	52.000
1269.378	68.000
1270.378	59.000
1271.379	62.000
1272.379	60.000
1273.379	53.000
1274.379	64.000
1275.379	59.000
1276.379	50.000
1277.380	49.000
1278.380	65.000
1279.380	50.000
1280.380	52.000
1281.380	51.000
1282.380	44.000
1283.381	47.000
1284.381	41.000
1285.381	50.000
1286.381	31.000
1287.381	40.000
1288.381	43.000
1289.382	36.000
1290.382	35.000
1291.382	39.000
1292.382	33.000
1293.382	34.000
1294.382	41.000
1295.383	52.000
1296.383	32.000
1297.383	33.000
1298.383	34.000
1299.383	30.000
1300.383	33.000
1301.384	36.000
1302.384	34.000
1303.384	33.000
1304.384	29.000
1305.384	32.000
1306.384	43.000
1307.385	29.000
1308.385	44.000
1309.385	33.000
1310.385	40.000
1311.385	35.000
1312.385	29.000
1313.386	30.000
1314.386	26.000
1315.386	35.000
1316.386	31.000
1317.386	33.000
1318.386	29.000
1319.387	28.000
1320.387	26.000
1321.387	27.000
1322.387	30.000
1323.387	33.000
1324.387	35.000
1325.388	33.000
1326.388	28.000
1327.388	34.000
1328.388	26.000
1329.388	33.000
1330.388	29.000
1331.389	24.000
1332.389	23.000
1333.389	26.000
1334.389	36.000
1335.389	34.000
1336.389	32.000
1337.390	25.000
1338.390	22.000
1339.390	33.000
1340.390	34.000
1341.390	33.000
1342.390	27.000
1343.391	34.000
1344.391	24.000
1345.391	32.000
1346.391	29.000
1347.391	29.000
1348.391	28.000
1349.392	22.000
1350.392	22.000
1351.392	36.000
1352.392	33.000
1353.392	20.000
1354.392	32.000
1355.393	30.000
1356.393	30.000
1357.393	24.000
1358.393	25.000
1359.393	26.000
1360.393	25.000
1361.394	26.000
1362.394	30.000
1363.394	40.000
1364.394	22.000
1365.394	24.000
1366.394	31.000
1367.395	44.000
1368.395	26.000
1369.395	25.000
1370.395	31.000
1371.395	31.000
1372.395	34.000
1373.396	29.000
1374.396	44.000
1375.396	24.000
1376.396	40.000
1377.396	30.000
1378.396	28.000
1379.397	27.000
1380.397	20.000
1381.397	34.000
1382.397	23.000
1383.397	38.000
1384.397	22.000
1385.398	25.000
1386.398	30.000
1387.398	33.000
1388.398	28.000
1389.398	34.000
1390.398	34.000
1391.399	31.000
1392.399	29.000
1393.399	30.000
1394.399	33.000
1395.399	34.000
1396.399	32.000
1397.400	41.000
1398.400	30.000
1399.400	28.000
1400.400	35.000
1401.400	23.000
1402.400	35.000
1403.401	28.000
1404.401	32.000
1405.401	25.000
1406.401	24.000
1407.401	28.000
1408.401	30.000
1409.402	23.000
1410.402	39.000
1411.402	19.000
1412.402	25.000
1413.402	37.000
1414.402	31.000
1415.403	40.000
1416.403	35.000
1417.403	32.000
1418.403	31.000
1419.403	30.000
1420.403	30.000
1421.404	19.000
1422.404	29.000
1423.404	39.000
1424.404	30.000
1425.404	39.000
1426.404	36.000
1427.405	31.000
1428.405	28.000
1429.405	26.000
1430.405	37.000
1431.405	44.000
1432.405	27.000
1433.406	36.000
1434.406	46.000
1435.406	34.000
1436.406	37.000
1437.406	37.000
1438.406	24.000
1439.407	29.000
1440.407	34.000
1441.407	32.000
1442.407	36.000
1443.407	35.000
1444.407	32.000
1445.408	39.000
1446.408	31.000
1447.408	38.000
1448.408	33.000
1449.408	36.000
1450.408	40.000
1451.409	35.000
1452.409	40.000
1453.409	42.000
1454.409	39.000
1455.409	31.000
1456.409	37.000
1457.410	43.000
1458.410	44.000
1459.410	29.000
1460.410	41.000
1461.410	48.000
1462.410	40.000
1463.411	30.000
1464.411	26.000
1465.411	40.000
1466.411	36.000
1467.411	55.000
1468.411	38.000
1469.412	29.000
1470.412	42.000
1471.412	32.000
1472.412	48.000
1473.412	39.000
1474.412	35.000
1475.413	48.000
1476.413	39.000
1477.413	45.000
1478.413	35.000
1479.413	45.000
1480.413	31.000
1481.414	36.000
1482.414	37.000
1483.414	37.000
1484.414	28.000
1485.414	49.000
1486.414	31.000
1487.415	44.000
1488.415	39.000
1489.415	35.000
1490.415	31.000
1491.415	39.000
1492.415	44.000
1493.416	36.000
1494.416	41.000
1495.416	38.000
1496.416	42.000
1497.416	32.000
1498.416	45.000
1499.417	40.000
1500.417	49.000
1501.417	47.000
1502.417	31.000
1503.417	36.000
1504.417	29.000
1505.418	37.000
1506.418	33.000
1507.418	43.000
1508.418	31.000
1509.418	37.000
1510.418	34.000
1511.419	37.000
1512.419	34.000
1513.419	50.000
1514.419	34.000
1515.419	37.000
1516.419	34.000
1517.420	35.000
1518.420	41.000
1519.420	43.000
1520.420	43.000
1521.420	47.000
1522.420	38.000
1523.421	33.000
1524.421	39.000
1525.421	34.000
1526.421	45.000
1527.421	35.000
1528.421	40.000
1529.422	34.000
1530.422	35.000
1531.422	45.000
1532.422	47.000
1533.422	37.000
1534.422	38.000
1535.423	31.000
1536.423	29.000
1537.423	45.000
1538.423	33.000
1539.423	34.000
1540.423	33.000
1541.424	57.000
1542.424	48.000
1543.424	30.000
1544.424	43.000
1545.424	48.000
1546.424	38.000
1547.425	45.000
1548.425	42.000
1549.425	44.000
1550.425	34.000
1551.425	33.000
1552.425	49.000
1553.426	38.000
1554.426	42.000
1555.426	49.000
1556.426	48.000
1557.426	39.000
1558.426	33.000
1559.427	43.000
1560.427	34.000
1561.427	47.000
1562.427	43.000
1563.427	50.000
1564.427	35.000
1565.428	43.000
1566.428	39.000
1567.428	43.000
1568.428	45.000
1569.428	51.000
1570.428	48.000
1571.429	44.000
1572.429	36.000
1573.429	41.000
1574.429	41.000
1575.429	39.000
1576.429	51.000
1577.430	45.000
1578.430	33.000
1579.430	25.000
1580.430	47.000
1581.430	36.000
1582.430	41.000
1583.431	45.000
1584.431	52.000
1585.431	32.000
1586.431	32.000
1587.431	35.000
1588.431	53.000
1589.432	40.000
1590.432	40.000
1591.432	43.000
1592.432	50.000
1593.432	49.000
1594.432	50.000
1595.433	36.000
1596.433	42.000
1597.433	37.000
1598.433	49.000
1599.433	47.000
1600.433	45.000
1601.434	48.000
1602.434	42.000
1603.434	49.000
1604.434	44.000
1605.434	53.000
1606.434	36.000
1607.435	42.000
1608.435	29.000
1609.435	48.000
1610.435	39.000
1611.435	46.000
1612.435	46.000
1613.436	55.000
1614.436	49.000
1615.436	49.000
1616.436	49.000
1617.436	44.000
1618.436	39.000
1619.437	36.000
1620.437	33.000
1621.437	50.000
1622.437	54.000
1623.437	51.000
1624.437	32.000
1625.438	57.000
1626.438	54.000
1627.438	46.000
1628.438	52.000
1629.438	58.000
1630.438	36.000
1631.439	38.000
1632.439	38.000
1633.439	42.000
1634.439	39.000
1635.439	44.000
1636.439	48.000
1637.440	47.000
1638.440	42.000
1639.440	48.000
1640.440	40.000
1641.440	54.000
1642.440	42.000
1643.441	53.000
1644.441	31.000
1645.441	48.000
1646.441	49.000
1647.441	50.000
1648.441	38.000
1649.442	42.000
1650.442	47.000
1651.442	44.000
1652.442	51.000
1653.442	36.000
1654.442	34.000
1655.443	43.000
1656.443	44.000
1657.443	43.000
1658.443	56.000
1659.443	44.000
1660.443	45.000
1661.444	46.000
1662.444	39.000
1663.444	53.000
1664.444	50.000
1665.444	49.000
1666.444	65.000
1667.445	44.000
1668.445	43.000
1669.445	52.000
1670.445	49.000
1671.445	43.000
1672.445	46.000
1673.446	45.000
1674.446	46.000
1675.446	47.000
1676.446	39.000
1677.446	51.000
1678.446	49.000
1679.447	53.000
1680.447	47.000
1681.447	52.000
1682.447	44.000
1683.447	53.000
1684.447	51.000
1685.448	42.000
1686.448	48.000
1687.448	47.000
1688.448	51.000
1689.448	62.000
1690.448	47.000
1691.449	57.000
1692.449	55.000
1693.449	45.000
1694.449	68.000
1695.449	38.000
1696.449	47.000
1697.450	51.000
1698.450	55.000
1699.450	54.000
1700.450	41.000
1701.450	44.000
1702.450	45.000
1703.451	52.000
1704.451	45.000
1705.451	54.000
1706.451	61.000
1707.451	56.000
1708.451	52.000
1709.452	51.000
1710.452	44.000
1711.452	48.000
1712.452	41.000
1713.452	39.000
1714.452	45.000
1715.453	45.000
1716.453	48.000
1717.453	50.000
1718.453	53.000
1719.453	59.000
1720.453	43.000
1721.454	42.000
1722.454	66.000
1723.454	48.000
1724.454	49.000
1725.454	63.000
1726.454	57.000
1727.455	47.000
1728.455	57.000
1729.455	52.000
1730.455	53.000
1731.455	56.000
1732.455	50.000
1733.456	61.000
1734.456	52.000
1735.456	56.000
1736.456	49.000
1737.456	55.000
1738.456	60.000
1739.457	64.000
1740.457	53.000
1741.457	49.000
1742.457	35.000
1743.457	48.000
1744.457	66.000
1745.458	64.000
1746.458	64.000
1747.458	51.000
1748.458	57.000
1749.458	61.000
1750.458	56.000
1751.459	53.000
1752.459	56.000
1753.459	60.000
1754.459	64.000
1755.459	47.000
1756.459	63.000
1757.460	63.000
1758.460	57.000
1759.460	49.000
1760.460	50.000
1761.460	72.000
1762.460	73.000
1763.461	54.000
1764.461	46.000
1765.461	49.000
1766.461	65.000
1767.461	56.000
1768.461	75.000
1769.462	44.000
1770.462	66.000
1771.462	44.000
1772.462	71.000
1773.462	54.000
1774.462	52.000
1775.463	64.000
1776.463	66.000
1777.463	57.000
1778.463	70.000
1779.463	54.000
1780.463	63.000
1781.464	60.000
1782.464	50.000
1783.464	51.000
1784.464	55.000
1785.464	50.000
1786.464	56.000
1787.465	56.000
1788.465	61.000
1789.465	54.000
1790.465	67.000
1791.465	65.000
1792.465	72.000
1793.466	64.000
1794.466	57.000
1795.466	73.000
1796.466	56.000
1797.466	52.000
1798.466	66.000
1799.467	54.000
1800.467	58.000
1801.467	61.000
1802.467	59.000
1803.467	67.000
1804.467	65.000
1805.468	61.000
1806.468	63.000
1807.468	63.000
1808.468	59.000
1809.468	58.000
1810.468	52.000
1811.469	69.000
1812.469	66.000
1813.469	62.000
1814.469	56.000
1815.469	46.000
1816.469	69.000
1817.470	52.000
1818.470	69.000
1819.470	75.000
1820.470	61.000
1821.470	69.000
1822.470	63.000
1823.471	62.000
1824.471	68.000
1825.471	72.000
1826.471	76.000
1827.471	64.000
1828.471	59.000
1829.472	72.000
1830.472	72.000
1831.472	65.000
1832.472	88.000
1833.472	68.000
1834.472	60.000
1835.473	63.000
1836.473	66.000
1837.473	60.000
1838.473	62.000
1839.473	69.000
1840.473	74.000
1841.474	73.000
1842.474	66.000
1843.474	63.000
1844.474	67.000
1845.474	52.000
1846.474	82.000
1847.475	85.000
1848.475	76.000
1849.475	64.000
1850.475	77.000
1851.475	74.000
1852.475	59.000
1853.476	75.000
1854.476	86.000
1855.476	66.000
1856.476	81.000
1857.476	68.000
1858.476	71.000
1859.477	79.000
1860.477	79.000
1861.477	81.000
1862.477	66.000
1863.477	65.000
1864.477	68.000
1865.478	84.000
1866.478	75.000
1867.478	72.000
1868.478	74.000
1869.478	81.000
1870.478	55.000
1871.479	76.000
1872.479	74.000
1873.479	84.000
1874.479	82.000
1875.479	80.000
1876.479	70.000
1877.480	74.000
1878.480	86.000
1879.480	73.000
1880.480	75.000
1881.480	75.000
1882.480	68.000
1883.481	71.000
1884.481	74.000
1885.481	69.000
1886.481	81.000
1887.481	96.000
1888.481	79.000
1889.482	88.000
1890.482	88.000
1891.482	90.000
1892.482	76.000
1893.482	75.000
1894.482	92.000
1895.483	66.000
1896.483	94.000
1897.483	81.000
1898.483	83.000
1899.483	105.000
1900.483	74.000
1901.484	95.000
1902.484	67.000
1903.484	82.000
1904.484	87.000
1905.484	88.000
1906.484	76.000
1907.485	82.000
1908.485	95.000
1909.485	97.000
1910.485	98.000
1911.485	97.000
1912.485	85.000
1913.486	84.000
1914.486	88.000
1915.486	86.000
1916.486	80.000
1917.486	98.000
1918.486	97.000
1919.487	96.000
1920.487	83.000
1921.487	88.000
1922.487	90.000
1923.487	108.000
1924.487	102.000
1925.488	92.000
1926.488	81.000
1927.488	95.000
1928.488	98.000
1929.488	121.000
1930.488	89.000
1931.489	89.000
1932.489	100.000
1933.489	91.000
1934.489	92.000
1935.489	114.000
1936.489	80.000
1937.490	101.000
1938.490	95.000
1939.490	94.000
1940.490	95.000
1941.490	93.000
1942.490	86.000
1943.491	91.000
1944.491	93.000
1945.491	94.000
1946.491	111.000
1947.491	107.000
1948.491	89.000
1949.492	110.000
1950.492	98.000
1951.492	90.000
1952.492	97.000
1953.492	85.000
1954.492	108.000
1955.493	89.000
1956.493	89.000
1957.493	103.000
1958.493	103.000
1959.493	89.000
1960.493	108.000
1961.494	108.000
1962.494	112.000
1963.494	108.000
1964.494	110.000
1965.494	100.000
1966.494	104.000
1967.495	104.000
1968.495	107.000
1969.495	99.000
1970.495	100.000
1971.495	111.000
1972.495	110.000
1973.496	102.000
1974.496	107.000
1975.496	105.000
1976.496	127.000
1977.496	122.000
1978.496	105.000
1979.497	117.000
1980.497	115.000
1981.497	113.000
1982.497	121.000
1983.497	111.000
1984.497	120.000
1985.498	124.000
1986.498	105.000
1987.498	124.000
1988.498	102.000
1989.498	99.000
1990.498	119.000
1991.499	93.000
1992.499	100.000
1993.499	110.000
1994.499	103.000
1995.499	135.000
1996.499	128.000
1997.500	134.000
1998.500	125.000
1999.500	110.000
