-1000.000	0.000
-999.000	0.000
-998.000	0.000
-997.000	0.000
-995.999	0.000
-994.999	0.000
-993.999	0.000
-992.999	0.000
-991.999	0.000
-990.999	0.000
-989.999	0.000
-988.999	0.000
-987.998	0.000
-986.998	0.000
-985.998	0.000
-984.998	0.000
-983.998	0.000
-982.998	0.000
-981.998	0.000
-980.998	0.000
-979.997	0.000
-978.997	0.000
-977.997	0.000
-976.997	0.000
-975.997	0.000
-974.997	0.000
-973.997	0.000
-972.997	0.000
-971.996	0.000
-970.996	0.000
-969.996	0.000
-968.996	0.000
-967.996	0.000
-966.996	0.000
-965.996	0.000
-964.996	0.000
-963.995	0.000
-962.995	0.000
-961.995	0.000
-960.995	0.000
-959.995	0.000
-958.995	0.000
-957.995	0.000
-956.995	0.000
-955.994	0.000
-954.994	0.000
-953.994	0.000
-952.994	0.000
-951.994	0.000
-950.994	0.000
-949.994	0.000
-948.994	0.000
-947.993	0.000
-946.993	0.000
-945.993	0.000
-944.993	0.000
-943.993	0.000
-942.993	0.000
-941.993	0.000
-940.993	0.000
-939.992	0.000
-938.992	0.000
-937.992	0.000
-936.992	0.000
-935.992	0.000
-934.992	0.000
-933.992	0.000
-932.992	0.000
-931.991	0.000
-930.991	0.000
-929.991	0.000
-928.991	0.000
-927.991	0.000
-926.991	0.000
-925.991	0.000
-924.991	0.000
-923.990	0.000
-922.990	0.000
-921.990	0.000
-920.990	0.000
-919.990	0.000
-918.990	0.000
-917.990	0.000
-916.990	0.000
-915.989	0.000
-914.989	0.000
-913.989	0.000
-912.989	0.000
-911.989	0.000
-910.989	0.000
-909.989	0.000
-908.989	0.000
-907.988	0.000
-906.988	0.000
-905.988	0.000
-904.988	0.000
-903.988	0.000
-902.988	0.000
-901.988	0.000
-900.988	0.000
-899.987	0.000
-898.987	0.000
-897.987	0.000
-896.987	0.000
-895.987	0.000
-894.987	0.000
-893.987	0.000
-892.987	0.000
-891.986	0.000
-890.986	0.000
-889.986	0.000
-888.986	0.000
-887.986	0.000
-886.986	0.000
-885.986	0.000
-884.986	0.000
-883.985	0.000
-882.985	0.000
-881.985	0.000
-880.985	0.000
-879.985	0.000
-878.985	0.000
-877.985	0.000
-876.985	0.000
-875.984	0.000
-874.984	0.000
-873.984	0.000
-872.984	0.000
-871.984	0.000
-870.984	0.000
-869.984	0.000
-868.984	0.000
-867.983	0.000
-866.983	0.000
-865.983	0.000
-864.983	0.000
-863.983	0.000
-862.983	0.000
-861.983	0.000
-860.983	0.000
-859.982	0.000
-858.982	0.000
-857.982	0.000
-856.982	0.000
-855.982	0.000
-854.982	0.000
-853.982	0.000
-852.982	0.000
-851.981	0.000
-850.981	0.000
-849.981	0.000
-848.981	0.000
-847.981	0.000
-846.981	0.000
-845.981	0.000
-844.981	0.000
-843.980	0.000
-842.980	0.000
-841.980	0.000
-840.980	0.000
-839.980	0.000
-838.980	0.000
-837.980	0.000
-836.980	0.000
-835.979	0.000
-834.979	0.000
-833.979	0.000
-832.979	0.000
-831.979	0.000
-830.979	0.000
-829.979	0.000
-828.979	0.000
-827.978	0.000
-826.978	0.000
-825.978	0.000
-824.978	0.000
-823.978	0.000
-822.978	0.000
-821.978	0.000
-820.978	0.000
-819.977	0.000
-818.977	0.000
-817.977	0.000
-816.977	0.000
-815.977	0.000
-814.977	0.000
-813.977	0.000
-812.977	0.000
-811.976	0.000
-810.976	0.000
-809.976	0.000
-808.976	0.000
-807.976	0.000
-806.976	0.000
-805.976	0.000
-804.976	0.000
-803.975	0.000
-802.975	0.000
-801.975	0.000
-800.975	0.000
-799.975	0.000
-798.975	0.000
-797.975	0.000
-796.975	0.000
-795.974	0.000
-794.974	0.000
-793.974	0.000
-792.974	0.000
-791.974	0.000
-790.974	0.000
-789.974	0.000
-788.974	0.000
-787.973	0.000
-786.973	0.000
-785.973	0.000
-784.973	0.000
-783.973	0.000
-782.973	0.000
-781.973	0.000
-780.973	0.000
-779.972	0.000
-778.972	0.000
-777.972	0.000
-776.972	0.000
-775.972	0.000
-774.972	0.000
-773.972	0.000
-772.972	0.000
-771.971	0.000
-770.971	0.000
-769.971	0.000
-768.971	0.000
-767.971	0.000
-766.971	0.000
-765.971	0.000
-764.971	0.000
-763.970	0.000
-762.970	0.000
-761.970	0.000
-760.970	0.000
-759.970	0.000
-758.970	0.000
-757.970	0.000
-756.970	0.000
-755.969	0.000
-754.969	0.000
-753.969	0.000
-752.969	0.000
-751.969	0.000
-750.969	0.000
-749.969	0.000
-748.969	0.000
-747.968	0.000
-746.968	0.000
-745.968	0.000
-744.968	0.000
-743.968	0.000
-742.968	0.000
-741.968	0.000
-740.968	0.000
-739.967	0.000
-738.967	0.000
-737.967	0.000
-736.967	0.000
-735.967	0.000
-734.967	0.000
-733.967	0.000
-732.967	0.000
-731.966	0.000
-730.966	0.000
-729.966	0.000
-728.966	0.000
-727.966	0.000
-726.966	0.000
-725.966	0.000
-724.966	0.000
-723.965	0.000
-722.965	0.000
-721.965	0.000
-720.965	0.000
-719.965	0.000
-718.965	0.000
-717.965	0.000
-716.965	0.000
-715.964	0.000
-714.964	0.000
-713.964	0.000
-712.964	0.000
-711.964	0.000
-710.964	0.000
-709.964	0.000
-708.964	0.000
-707.963	0.000
-706.963	0.000
-705.963	0.000
-704.963	0.000
-703.963	0.000
-702.963	0.000
-701.963	0.000
-700.963	0.000
-699.962	0.000
-698.962	0.000
-697.962	0.000
-696.962	0.000
-695.962	0.000
-694.962	0.000
-693.962	0.000
-692.962	0.000
-691.961	0.000
-690.961	0.000
-689.961	0.000
-688.961	0.000
-687.961	0.000
-686.961	0.000
-685.961	0.000
-684.961	0.000
-683.960	0.000
-682.960	0.000
-681.960	0.000
-680.960	0.000
-679.960	0.000
-678.960	0.000
-677.960	0.000
-676.960	0.000
-675.959	0.000
-674.959	0.000
-673.959	0.000
-672.959	0.000
-671.959	0.000
-670.959	0.000
-669.959	0.000
-668.959	0.000
-667.958	0.000
-666.958	0.000
-665.958	0.000
-664.958	0.000
-663.958	0.000
-662.958	0.000
-661.958	0.000
-660.958	0.000
-659.957	0.000
-658.957	0.000
-657.957	0.000
-656.957	0.000
-655.957	0.000
-654.957	0.000
-653.957	0.000
-652.957	0.000
-651.956	0.000
-650.956	0.000
-649.956	0.000
-648.956	0.000
-647.956	0.000
-646.956	0.000
-645.956	0.000
-644.956	0.000
-643.955	0.000
-642.955	0.000
-641.955	0.000
-640.955	0.000
-639.955	0.000
-638.955	0.000
-637.955	0.000
-636.955	0.000
-635.954	0.000
-634.954	0.000
-633.954	0.000
-632.954	0.000
-631.954	0.000
-630.954	0.000
-629.954	0.000
-628.954	0.000
-627.953	0.000
-626.953	0.000
-625.953	0.000
-624.953	0.000
-623.953	0.000
-622.953	0.000
-621.953	0.000
-620.953	0.000
-619.952	0.000
-618.952	0.000
-617.952	0.000
-616.952	0.000
-615.952	0.000
-614.952	0.000
-613.952	0.000
-612.952	0.000
-611.951	0.000
-610.951	0.000
-609.951	0.000
-608.951	0.000
-607.951	0.000
-606.951	0.000
-605.951	0.000
-604.951	0.000
-603.950	0.000
-602.950	0.000
-601.950	0.000
-600.950	0.000
-599.950	0.000
-598.950	0.000
-597.950	0.000
-596.950	0.000
-595.949	0.000
-594.949	0.000
-593.949	0.000
-592.949	0.000
-591.949	0.000
-590.949	0.000
-589.949	0.000
-588.949	0.000
-587.948	0.000
-586.948	0.000
-585.948	0.000
-584.948	0.000
-583.948	0.000
-582.948	0.000
-581.948	0.000
-580.948	0.000
-579.947	0.000
-578.947	0.000
-577.947	0.000
-576.947	0.000
-575.947	0.000
-574.947	0.000
-573.947	0.000
-572.947	0.000
-571.946	0.000
-570.946	0.000
-569.946	0.000
-568.946	0.000
-567.946	0.000
-566.946	0.000
-565.946	0.000
-564.946	0.000
-563.945	0.000
-562.945	0.000
-561.945	0.000
-560.945	0.000
-559.945	0.000
-558.945	0.000
-557.945	0.000
-556.945	0.000
-555.944	0.000
-554.944	0.000
-553.944	0.000
-552.944	0.000
-551.944	0.000
-550.944	0.000
-549.944	0.000
-548.944	0.000
-547.943	0.000
-546.943	0.000
-545.943	0.000
-544.943	0.000
-543.943	0.000
-542.943	0.000
-541.943	0.000
-540.943	0.000
-539.942	0.000
-538.942	0.000
-537.942	0.000
-536.942	0.000
-535.942	0.000
-534.942	0.000
-533.942	0.000
-532.942	0.000
-531.941	0.000
-530.941	0.000
-529.941	0.000
-528.941	0.000
-527.941	0.000
-526.941	0.000
-525.941	0.000
-524.941	0.000
-523.940	0.000
-522.940	0.000
-521.940	0.000
-520.940	0.000
-519.940	0.000
-518.940	0.000
-517.940	0.000
-516.940	0.000
-515.939	0.000
-514.939	0.000
-513.939	0.000
-512.939	0.000
-511.939	0.000
-510.939	0.000
-509.939	0.000
-508.939	0.000
-507.938	0.000
-506.938	0.000
-505.938	0.000
-504.938	0.000
-503.938	0.000
-502.938	0.000
-501.938	0.000
-500.938	0.000
-499.937	0.000
-498.937	0.000
-497.937	0.000
-496.937	0.000
-495.937	0.000
-494.937	0.000
-493.937	0.000
-492.937	0.000
-491.936	0.000
-490.936	0.000
-489.936	0.000
-488.936	0.000
-487.936	0.000
-486.936	0.000
-485.936	0.000
-484.936	0.000
-483.935	0.000
-482.935	0.000
-481.935	0.000
-480.935	0.000
-479.935	0.000
-478.935	0.000
-477.935	0.000
-476.935	0.000
-475.934	0.000
-474.934	0.000
-473.934	0.000
-472.934	0.000
-471.934	0.000
-470.934	0.000
-469.934	0.000
-468.934	0.000
-467.933	0.000
-466.933	0.000
-465.933	0.000
-464.933	0.000
-463.933	0.000
-462.933	0.000
-461.933	0.000
-460.933	0.000
-459.932	0.000
-458.932	0.000
-457.932	0.000
-456.932	0.000
-455.932	0.000
-454.932	0.000
-453.932	0.000
-452.932	0.000
-451.931	0.000
-450.931	0.000
-449.931	0.000
-448.931	0.000
-447.931	0.000
-446.931	0.000
-445.931	0.000
-444.931	0.000
-443.930	0.000
-442.930	0.000
-441.930	0.000
-440.930	0.000
-439.930	0.000
-438.930	0.000
-437.930	0.000
-436.930	0.000
-435.929	0.000
-434.929	0.000
-433.929	0.000
-432.929	0.000
-431.929	0.000
-430.929	0.000
-429.929	0.000
-428.929	0.000
-427.928	0.000
-426.928	0.000
-425.928	0.000
-424.928	0.000
-423.928	0.000
-422.928	0.000
-421.928	0.000
-420.928	0.000
-419.927	0.000
-418.927	0.000
-417.927	0.000
-416.927	0.000
-415.927	0.000
-414.927	0.000
-413.927	0.000
-412.927	0.000
-411.926	0.000
-410.926	0.000
-409.926	0.000
-408.926	0.000
-407.926	0.000
-406.926	0.000
-405.926	0.000
-404.926	0.000
-403.925	0.000
-402.925	0.000
-401.925	0.000
-400.925	0.000
-399.925	0.000
-398.925	0.000
-397.925	0.000
-396.925	0.000
-395.924	0.000
-394.924	0.000
-393.924	0.000
-392.924	0.000
-391.924	0.000
-390.924	0.000
-389.924	0.000
-388.924	0.000
-387.923	0.000
-386.923	0.000
-385.923	0.000
-384.923	0.000
-383.923	0.000
-382.923	0.000
-381.923	0.000
-380.923	0.000
-379.922	0.000
-378.922	0.000
-377.922	0.000
-376.922	0.000
-375.922	0.000
-374.922	0.000
-373.922	0.000
-372.922	0.000
-371.921	0.000
-370.921	0.000
-369.921	0.000
-368.921	0.000
-367.921	0.000
-366.921	0.000
-365.921	0.000
-364.921	0.000
-363.920	0.000
-362.920	0.000
-361.920	0.000
-360.920	0.000
-359.920	0.000
-358.920	0.000
-357.920	0.000
-356.920	0.000
-355.919	0.000
-354.919	0.000
-353.919	0.000
-352.919	0.000
-351.919	0.000
-350.919	0.000
-349.919	0.000
-348.919	0.000
-347.918	0.000
-346.918	0.000
-345.918	0.000
-344.918	0.000
-343.918	0.000
-342.918	0.000
-341.918	0.000
-340.918	0.000
-339.917	0.000
-338.917	0.000
-337.917	0.000
-336.917	0.000
-335.917	0.000
-334.917	0.000
-333.917	0.000
-332.917	0.000
-331.916	0.000
-330.916	0.000
-329.916	0.000
-328.916	0.000
-327.916	0.000
-326.916	0.000
-325.916	0.000
-324.916	0.000
-323.915	0.000
-322.915	0.000
-321.915	0.000
-320.915	0.000
-319.915	0.000
-318.915	0.000
-317.915	0.000
-316.915	0.000
-315.914	0.000
-314.914	0.000
-313.914	0.000
-312.914	0.000
-311.914	0.000
-310.914	0.000
-309.914	0.000
-308.914	0.000
-307.913	0.000
-306.913	0.000
-305.913	0.000
-304.913	0.000
-303.913	0.000
-302.913	0.000
-301.913	0.000
-300.913	0.000
-299.912	0.000
-298.912	0.000
-297.912	0.000
-296.912	0.000
-295.912	0.000
-294.912	0.000
-293.912	0.000
-292.912	0.000
-291.911	0.000
-290.911	0.000
-289.911	0.000
-288.911	0.000
-287.911	0.000
-286.911	0.000
-285.911	0.000
-284.911	0.000
-283.910	0.000
-282.910	0.000
-281.910	0.000
-280.910	0.000
-279.910	0.000
-278.910	0.000
-277.910	0.000
-276.910	0.000
-275.909	0.000
-274.909	0.000
-273.909	0.000
-272.909	0.000
-271.909	0.000
-270.909	0.000
-269.909	0.000
-268.909	0.000
-267.908	0.000
-266.908	0.000
-265.908	0.000
-264.908	0.000
-263.908	0.000
-262.908	0.000
-261.908	0.000
-260.908	0.000
-259.907	0.000
-258.907	0.000
-257.907	0.000
-256.907	0.000
-255.907	0.000
-254.907	0.000
-253.907	0.000
-252.907	0.000
-251.906	0.000
-250.906	0.000
-249.906	0.000
-248.906	0.000
-247.906	0.000
-246.906	0.000
-245.906	0.000
-244.906	0.000
-243.905	0.000
-242.905	0.000
-241.905	0.000
-240.905	0.000
-239.905	0.000
-238.905	0.000
-237.905	0.000
-236.905	0.000
-235.904	0.000
-234.904	0.000
-233.904	0.000
-232.904	0.000
-231.904	0.000
-230.904	0.000
-229.904	0.000
-228.904	0.000
-227.903	0.000
-226.903	0.000
-225.903	0.000
-224.903	0.000
-223.903	0.000
-222.903	0.000
-221.903	0.000
-220.903	0.000
-219.902	0.000
-218.902	0.000
-217.902	0.000
-216.902	0.000
-215.902	0.000
-214.902	0.000
-213.902	0.000
-212.902	0.000
-211.901	0.000
-210.901	0.000
-209.901	0.000
-208.901	0.000
-207.901	0.000
-206.901	0.000
-205.901	0.000
-204.901	0.000
-203.900	0.000
-202.900	0.000
-201.900	0.000
-200.900	0.000
-199.900	0.000
-198.900	0.000
-197.900	0.000
-196.900	0.000
-195.899	0.000
-194.899	0.000
-193.899	0.000
-192.899	0.000
-191.899	0.000
-190.899	0.000
-189.899	0.000
-188.899	0.000
-187.898	0.000
-186.898	0.000
-185.898	0.000
-184.898	0.000
-183.898	0.000
-182.898	0.000
-181.898	0.000
-180.898	0.000
-179.897	0.000
-178.897	0.000
-177.897	0.000
-176.897	0.000
-175.897	0.000
-174.897	0.000
-173.897	0.000
-172.897	0.000
-171.896	0.000
-170.896	0.000
-169.896	1.000
-168.896	0.000
-167.896	0.000
-166.896	0.000
-165.896	0.000
-164.896	0.000
-163.895	0.000
-162.895	0.000
-161.895	0.000
-160.895	0.000
-159.895	0.000
-158.895	0.000
-157.895	0.000
-156.895	0.000
-155.894	0.000
-154.894	0.000
-153.894	0.000
-152.894	0.000
-151.894	0.000
-150.894	0.000
-149.894	0.000
-148.894	0.000
-147.893	0.000
-146.893	0.000
-145.893	0.000
-144.893	0.000
-143.893	1.000
-142.893	1.000
-141.893	1.000
-140.893	1.000
-139.892	0.000
-138.892	0.000
-137.892	1.000
-136.892	0.000
-135.892	3.000
-134.892	1.000
-133.892	2.000
-132.892	2.000
-131.891	0.000
-130.891	2.000
-129.891	3.000
-128.891	3.000
-127.891	0.000
-126.891	3.000
-125.891	2.000
-124.891	2.000
-123.890	0.000
-122.890	2.000
-121.890	5.000
-120.890	3.000
-119.890	4.000
-118.890	5.000
-117.890	2.000
-116.890	4.000
-115.889	3.000
-114.889	5.000
-113.889	2.000
-112.889	4.000
-111.889	2.000
-110.889	5.000
-109.889	3.000
-108.889	3.000
-107.888	6.000
-106.888	3.000
-105.888	11.000
-104.888	4.000
-103.888	4.000
-102.888	7.000
-101.888	9.000
-100.888	6.000
-99.887	15.000
-98.887	8.000
-97.887	11.000
-96.887	17.000
-95.887	9.000
-94.887	12.000
-93.887	13.000
-92.887	13.000
-91.886	8.000
-90.886	7.000
-89.886	10.000
-88.886	23.000
-87.886	17.000
-86.886	16.000
-85.886	20.000
-84.886	20.000
-83.885	22.000
-82.885	19.000
-81.885	22.000
-80.885	27.000
-79.885	24.000
-78.885	28.000
-77.885	20.000
-76.885	29.000
-75.884	23.000
-74.884	34.000
-73.884	27.000
-72.884	38.000
-71.884	34.000
-70.884	29.000
-69.884	48.000
-68.884	41.000
-67.883	40.000
-66.883	57.000
-65.883	48.000
-64.883	36.000
-63.883	47.000
-62.883	46.000
-61.883	49.000
-60.883	67.000
-59.882	53.000
-58.882	52.000
-57.882	52.000
-56.882	53.000
-55.882	59.000
-54.882	54.000
-53.882	65.000
-52.882	79.000
-51.881	69.000
-50.881	66.000
-49.881	79.000
-48.881	77.000
-47.881	68.000
-46.881	81.000
-45.881	84.000
-44.881	96.000
-43.880	92.000
-42.880	94.000
-41.880	75.000
-40.880	111.000
-39.880	83.000
-38.880	97.000
-37.880	114.000
-36.880	105.000
-35.879	106.000
-34.879	110.000
-33.879	115.000
-32.879	122.000
-31.879	126.000
-30.879	104.000
-29.879	119.000
-28.879	128.000
-27.878	126.000
-26.878	147.000
-25.878	131.000
-24.878	139.000
-23.878	136.000
-22.878	128.000
-21.878	136.000
-20.878	162.000
-19.877	159.000
-18.877	151.000
-17.877	149.000
-16.877	137.000
-15.877	157.000
-14.877	146.000
-13.877	144.000
-12.877	139.000
-11.876	144.000
-10.876	167.000
-9.876	182.000
-8.876	151.000
-7.876	174.000
-6.876	169.000
-5.876	155.000
-4.876	152.000
-3.875	146.000
-2.875	159.000
-1.875	177.000
-0.875	170.000
0.125	178.000
1.125	197.000
2.125	186.000
3.125	159.000
4.126	173.000
5.126	156.000
6.126	167.000
7.126	183.000
8.126	175.000
9.126	153.000
10.126	168.000
11.126	190.000
12.127	188.000
13.127	160.000
14.127	183.000
15.127	173.000
16.127	169.000
17.127	160.000
18.127	156.000
19.127	188.000
20.128	158.000
21.128	168.000
22.128	185.000
23.128	165.000
24.128	144.000
25.128	184.000
26.128	168.000
27.128	160.000
28.129	164.000
29.129	156.000
30.129	169.000
31.129	166.000
32.129	136.000
33.129	142.000
34.129	130.000
35.129	167.000
36.130	136.000
37.130	153.000
38.130	140.000
39.130	128.000
40.130	120.000
41.130	134.000
42.130	135.000
43.130	119.000
44.131	144.000
45.131	133.000
46.131	128.000
47.131	113.000
48.131	123.000
49.131	113.000
50.131	115.000
51.131	134.000
52.132	118.000
53.132	110.000
54.132	95.000
55.132	106.000
56.132	77.000
57.132	104.000
58.132	99.000
59.132	71.000
60.133	100.000
61.133	75.000
62.133	98.000
63.133	75.000
64.133	66.000
65.133	72.000
66.133	67.000
67.133	69.000
68.134	73.000
69.134	71.000
70.134	63.000
71.134	63.000
72.134	61.000
73.134	62.000
74.134	60.000
75.134	64.000
76.135	47.000
77.135	56.000
78.135	56.000
79.135	41.000
80.135	59.000
81.135	60.000
82.135	50.000
83.135	45.000
84.136	48.000
85.136	48.000
86.136	31.000
87.136	33.000
88.136	34.000
89.136	30.000
90.136	44.000
91.136	31.000
92.137	32.000
93.137	25.000
94.137	24.000
95.137	24.000
96.137	30.000
97.137	31.000
98.137	26.000
99.137	21.000
100.138	18.000
101.138	24.000
102.138	25.000
103.138	9.000
104.138	16.000
105.138	14.000
106.138	17.000
107.138	13.000
108.139	15.000
109.139	14.000
110.139	10.000
111.139	12.000
112.139	7.000
113.139	9.000
114.139	12.000
115.139	9.000
116.140	5.000
117.140	13.000
118.140	11.000
119.140	10.000
120.140	10.000
121.140	4.000
122.140	8.000
123.140	3.000
124.141	4.000
125.141	6.000
126.141	9.000
127.141	7.000
128.141	4.000
129.141	4.000
130.141	5.000
131.141	3.000
132.142	4.000
133.142	6.000
134.142	5.000
135.142	2.000
136.142	5.000
137.142	3.000
138.142	2.000
139.142	4.000
140.143	4.000
141.143	2.000
142.143	3.000
143.143	4.000
144.143	2.000
145.143	2.000
146.143	3.000
147.143	2.000
148.144	0.000
149.144	1.000
150.144	1.000
151.144	0.000
152.144	1.000
153.144	3.000
154.144	4.000
155.144	3.000
156.145	4.000
157.145	0.000
158.145	1.000
159.145	2.000
160.145	1.000
161.145	1.000
162.145	3.000
163.145	1.000
164.146	4.000
165.146	1.000
166.146	1.000
167.146	2.000
168.146	0.000
169.146	1.000
170.146	0.000
171.146	4.000
172.147	2.000
173.147	0.000
174.147	0.000
175.147	1.000
176.147	0.000
177.147	4.000
178.147	1.000
179.147	0.000
180.148	1.000
181.148	4.000
182.148	0.000
183.148	2.000
184.148	1.000
185.148	0.000
186.148	0.000
187.148	2.000
188.149	1.000
189.149	0.000
190.149	0.000
191.149	2.000
192.149	1.000
193.149	0.000
194.149	0.000
195.149	0.000
196.150	1.000
197.150	1.000
198.150	0.000
199.150	0.000
200.150	2.000
201.150	0.000
202.150	2.000
203.150	0.000
204.151	2.000
205.151	2.000
206.151	1.000
207.151	2.000
208.151	1.000
209.151	0.000
210.151	0.000
211.151	1.000
212.152	1.000
213.152	1.000
214.152	1.000
215.152	2.000
216.152	2.000
217.152	0.000
218.152	0.000
219.152	4.000
220.153	0.000
221.153	0.000
222.153	0.000
223.153	1.000
224.153	2.000
225.153	1.000
226.153	1.000
227.153	0.000
228.154	1.000
229.154	1.000
230.154	2.000
231.154	0.000
232.154	2.000
233.154	4.000
234.154	1.000
235.154	0.000
236.155	0.000
237.155	1.000
238.155	0.000
239.155	0.000
240.155	0.000
241.155	1.000
242.155	0.000
243.155	2.000
244.156	0.000
245.156	1.000
246.156	3.000
247.156	0.000
248.156	2.000
249.156	1.000
250.156	1.000
251.156	2.000
252.157	1.000
253.157	1.000
254.157	0.000
255.157	0.000
256.157	2.000
257.157	1.000
258.157	2.000
259.157	0.000
260.158	2.000
261.158	0.000
262.158	1.000
263.158	1.000
264.158	1.000
265.158	0.000
266.158	0.000
267.158	1.000
268.159	3.000
269.159	1.000
270.159	1.000
271.159	1.000
272.159	0.000
273.159	0.000
274.159	3.000
275.159	1.000
276.160	2.000
277.160	1.000
278.160	1.000
279.160	1.000
280.160	0.000
281.160	1.000
282.160	1.000
283.160	1.000
284.161	1.000
285.161	2.000
286.161	1.000
287.161	3.000
288.161	0.000
289.161	1.000
290.161	2.000
291.161	0.000
292.162	0.000
293.162	2.000
294.162	0.000
295.162	2.000
296.162	1.000
297.162	2.000
298.162	0.000
299.162	0.000
300.163	0.000
301.163	0.000
302.163	1.000
303.163	2.000
304.163	0.000
305.163	1.000
306.163	1.000
307.163	3.000
308.164	1.000
309.164	0.000
310.164	2.000
311.164	3.000
312.164	2.000
313.164	0.000
314.164	3.000
315.164	2.000
316.165	0.000
317.165	1.000
318.165	1.000
319.165	0.000
320.165	0.000
321.165	0.000
322.165	1.000
323.165	1.000
324.166	2.000
325.166	2.000
326.166	0.000
327.166	1.000
328.166	1.000
329.166	3.000
330.166	1.000
331.166	2.000
332.167	0.000
333.167	0.000
334.167	1.000
335.167	3.000
336.167	3.000
337.167	1.000
338.167	0.000
339.167	0.000
340.168	2.000
341.168	0.000
342.168	1.000
343.168	0.000
344.168	3.000
345.168	2.000
346.168	1.000
347.168	1.000
348.169	2.000
349.169	3.000
350.169	1.000
351.169	0.000
352.169	0.000
353.169	0.000
354.169	4.000
355.169	0.000
356.170	0.000
357.170	2.000
358.170	2.000
359.170	0.000
360.170	2.000
361.170	3.000
362.170	3.000
363.170	2.000
364.171	2.000
365.171	2.000
366.171	1.000
367.171	0.000
368.171	0.000
369.171	1.000
370.171	1.000
371.171	2.000
372.172	2.000
373.172	0.000
374.172	2.000
375.172	0.000
376.172	2.000
377.172	3.000
378.172	2.000
379.172	0.000
380.173	1.000
381.173	2.000
382.173	3.000
383.173	3.000
384.173	1.000
385.173	0.000
386.173	1.000
387.173	1.000
388.174	3.000
389.174	0.000
390.174	1.000
391.174	4.000
392.174	2.000
393.174	0.000
394.174	2.000
395.174	1.000
396.175	1.000
397.175	0.000
398.175	1.000
399.175	1.000
400.175	0.000
401.175	1.000
402.175	0.000
403.175	1.000
404.176	1.000
405.176	0.000
406.176	0.000
407.176	0.000
408.176	0.000
409.176	1.000
410.176	1.000
411.176	1.000
412.177	0.000
413.177	2.000
414.177	4.000
415.177	2.000
416.177	3.000
417.177	1.000
418.177	0.000
419.177	1.000
420.178	1.000
421.178	2.000
422.178	3.000
423.178	1.000
424.178	2.000
425.178	0.000
426.178	1.000
427.178	1.000
428.179	0.000
429.179	2.000
430.179	2.000
431.179	1.000
432.179	3.000
433.179	3.000
434.179	0.000
435.179	1.000
436.180	0.000
437.180	0.000
438.180	0.000
439.180	1.000
440.180	1.000
441.180	1.000
442.180	0.000
443.180	2.000
444.181	1.000
445.181	1.000
446.181	2.000
447.181	1.000
448.181	2.000
449.181	3.000
450.181	2.000
451.181	2.000
452.182	0.000
453.182	0.000
454.182	4.000
455.182	2.000
456.182	1.000
457.182	1.000
458.182	2.000
459.182	3.000
460.183	1.000
461.183	5.000
462.183	1.000
463.183	2.000
464.183	0.000
465.183	0.000
466.183	3.000
467.183	1.000
468.184	3.000
469.184	0.000
470.184	1.000
471.184	1.000
472.184	1.000
473.184	2.000
474.184	1.000
475.184	2.000
476.185	0.000
477.185	0.000
478.185	1.000
479.185	2.000
480.185	1.000
481.185	2.000
482.185	1.000
483.185	1.000
484.186	3.000
485.186	2.000
486.186	3.000
487.186	2.000
488.186	2.000
489.186	1.000
490.186	1.000
491.186	0.000
492.187	0.000
493.187	1.000
494.187	1.000
495.187	0.000
496.187	0.000
497.187	0.000
498.187	0.000
499.187	0.000
500.188	2.000
501.188	1.000
502.188	1.000
503.188	2.000
504.188	0.000
505.188	2.000
506.188	1.000
507.188	0.000
508.189	1.000
509.189	3.000
510.189	0.000
511.189	2.000
512.189	2.000
513.189	3.000
514.189	0.000
515.189	0.000
516.190	2.000
517.190	0.000
518.190	0.000
519.190	2.000
520.190	2.000
521.190	3.000
522.190	1.000
523.190	1.000
524.191	1.000
525.191	1.000
526.191	1.000
527.191	5.000
528.191	2.000
529.191	0.000
530.191	2.000
531.191	2.000
532.192	0.000
533.192	0.000
534.192	3.000
535.192	1.000
536.192	0.000
537.192	2.000
538.192	2.000
539.192	2.000
540.193	0.000
541.193	2.000
542.193	2.000
543.193	1.000
544.193	1.000
545.193	0.000
546.193	0.000
547.193	3.000
548.194	3.000
549.194	1.000
550.194	0.000
551.194	2.000
552.194	5.000
553.194	1.000
554.194	0.000
555.194	2.000
556.195	0.000
557.195	1.000
558.195	1.000
559.195	0.000
560.195	0.000
561.195	0.000
562.195	3.000
563.195	3.000
564.196	0.000
565.196	1.000
566.196	2.000
567.196	1.000
568.196	3.000
569.196	1.000
570.196	0.000
571.196	2.000
572.197	0.000
573.197	0.000
574.197	2.000
575.197	0.000
576.197	1.000
577.197	1.000
578.197	2.000
579.197	0.000
580.198	1.000
581.198	2.000
582.198	1.000
583.198	0.000
584.198	2.000
585.198	1.000
586.198	1.000
587.198	1.000
588.199	3.000
589.199	1.000
590.199	1.000
591.199	2.000
592.199	1.000
593.199	0.000
594.199	1.000
595.199	5.000
596.200	1.000
597.200	2.000
598.200	0.000
599.200	1.000
600.200	0.000
601.200	1.000
602.200	1.000
603.200	1.000
604.201	2.000
605.201	1.000
606.201	1.000
607.201	3.000
608.201	1.000
609.201	1.000
610.201	2.000
611.201	1.000
612.202	3.000
613.202	3.000
614.202	1.000
615.202	2.000
616.202	0.000
617.202	2.000
618.202	4.000
619.202	2.000
620.203	1.000
621.203	3.000
622.203	0.000
623.203	2.000
624.203	0.000
625.203	0.000
626.203	2.000
627.203	2.000
628.204	1.000
629.204	5.000
630.204	3.000
631.204	2.000
632.204	1.000
633.204	1.000
634.204	1.000
635.204	2.000
636.205	1.000
637.205	3.000
638.205	2.000
639.205	1.000
640.205	0.000
641.205	1.000
642.205	0.000
643.205	3.000
644.206	3.000
645.206	2.000
646.206	0.000
647.206	0.000
648.206	3.000
649.206	0.000
650.206	2.000
651.206	1.000
652.207	2.000
653.207	1.000
654.207	1.000
655.207	2.000
656.207	0.000
657.207	3.000
658.207	1.000
659.207	1.000
660.208	0.000
661.208	3.000
662.208	1.000
663.208	0.000
664.208	1.000
665.208	1.000
666.208	3.000
667.208	1.000
668.209	2.000
669.209	2.000
670.209	1.000
671.209	2.000
672.209	2.000
673.209	1.000
674.209	0.000
675.209	1.000
676.210	2.000
677.210	0.000
678.210	3.000
679.210	1.000
680.210	0.000
681.210	1.000
682.210	2.000
683.210	0.000
684.211	1.000
685.211	4.000
686.211	1.000
687.211	3.000
688.211	0.000
689.211	0.000
690.211	2.000
691.211	3.000
692.212	0.000
693.212	0.000
694.212	2.000
695.212	1.000
696.212	1.000
697.212	0.000
698.212	3.000
699.212	1.000
700.213	2.000
701.213	1.000
702.213	3.000
703.213	1.000
704.213	7.000
705.213	6.000
706.213	1.000
707.213	3.000
708.214	2.000
709.214	3.000
710.214	0.000
711.214	2.000
712.214	3.000
713.214	2.000
714.214	0.000
715.214	2.000
716.215	1.000
717.215	2.000
718.215	2.000
719.215	0.000
720.215	2.000
721.215	3.000
722.215	2.000
723.215	1.000
724.216	0.000
725.216	1.000
726.216	1.000
727.216	1.000
728.216	2.000
729.216	2.000
730.216	1.000
731.216	1.000
732.217	1.000
733.217	0.000
734.217	0.000
735.217	0.000
736.217	2.000
737.217	0.000
738.217	0.000
739.217	2.000
740.218	4.000
741.218	2.000
742.218	2.000
743.218	3.000
744.218	0.000
745.218	2.000
746.218	2.000
747.218	2.000
748.219	0.000
749.219	0.000
750.219	1.000
751.219	1.000
752.219	2.000
753.219	1.000
754.219	1.000
755.219	3.000
756.220	1.000
757.220	2.000
758.220	3.000
759.220	1.000
760.220	1.000
761.220	3.000
762.220	4.000
763.220	1.000
764.221	3.000
765.221	1.000
766.221	2.000
767.221	3.000
768.221	1.000
769.221	3.000
770.221	2.000
771.221	3.000
772.222	1.000
773.222	1.000
774.222	5.000
775.222	2.000
776.222	3.000
777.222	0.000
778.222	2.000
779.222	0.000
780.223	0.000
781.223	0.000
782.223	1.000
783.223	1.000
784.223	6.000
785.223	1.000
786.223	7.000
787.223	7.000
788.224	3.000
789.224	1.000
790.224	3.000
791.224	6.000
792.224	1.000
793.224	1.000
794.224	2.000
795.224	1.000
796.225	0.000
797.225	4.000
798.225	0.000
799.225	0.000
800.225	3.000
801.225	2.000
802.225	1.000
803.225	1.000
804.226	2.000
805.226	1.000
806.226	2.000
807.226	0.000
808.226	0.000
809.226	3.000
810.226	1.000
811.226	6.000
812.227	1.000
813.227	1.000
814.227	1.000
815.227	1.000
816.227	0.000
817.227	1.000
818.227	1.000
819.227	6.000
820.228	1.000
821.228	2.000
822.228	4.000
823.228	2.000
824.228	3.000
825.228	3.000
826.228	1.000
827.228	2.000
828.229	3.000
829.229	2.000
830.229	1.000
831.229	5.000
832.229	2.000
833.229	1.000
834.229	2.000
835.229	2.000
836.230	3.000
837.230	2.000
838.230	1.000
839.230	3.000
840.230	0.000
841.230	3.000
842.230	4.000
843.230	3.000
844.231	1.000
845.231	5.000
846.231	3.000
847.231	1.000
848.231	2.000
849.231	0.000
850.231	3.000
851.231	2.000
852.232	3.000
853.232	2.000
854.232	2.000
855.232	2.000
856.232	1.000
857.232	3.000
858.232	1.000
859.232	0.000
860.233	3.000
861.233	1.000
862.233	2.000
863.233	0.000
864.233	2.000
865.233	5.000
866.233	3.000
867.233	3.000
868.234	5.000
869.234	1.000
870.234	1.000
871.234	5.000
872.234	5.000
873.234	0.000
874.234	4.000
875.234	0.000
876.235	4.000
877.235	5.000
878.235	1.000
879.235	3.000
880.235	0.000
881.235	1.000
882.235	0.000
883.235	2.000
884.236	2.000
885.236	3.000
886.236	3.000
887.236	0.000
888.236	0.000
889.236	1.000
890.236	1.000
891.236	1.000
892.237	1.000
893.237	2.000
894.237	3.000
895.237	2.000
896.237	2.000
897.237	2.000
898.237	1.000
899.237	2.000
900.238	2.000
901.238	0.000
902.238	2.000
903.238	1.000
904.238	2.000
905.238	2.000
906.238	1.000
907.238	2.000
908.239	2.000
909.239	2.000
910.239	2.000
911.239	3.000
912.239	0.000
913.239	2.000
914.239	1.000
915.239	4.000
916.240	3.000
917.240	5.000
918.240	0.000
919.240	3.000
920.240	0.000
921.240	3.000
922.240	2.000
923.240	3.000
924.241	4.000
925.241	3.000
926.241	4.000
927.241	4.000
928.241	4.000
929.241	2.000
930.241	2.000
931.241	2.000
932.242	2.000
933.242	3.000
934.242	0.000
935.242	1.000
936.242	1.000
937.242	3.000
938.242	1.000
939.242	3.000
940.243	3.000
941.243	0.000
942.243	2.000
943.243	4.000
944.243	1.000
945.243	2.000
946.243	2.000
947.243	0.000
948.244	5.000
949.244	2.000
950.244	1.000
951.244	2.000
952.244	0.000
953.244	1.000
954.244	1.000
955.244	2.000
956.245	4.000
957.245	2.000
958.245	4.000
959.245	1.000
960.245	4.000
961.245	1.000
962.245	3.000
963.245	1.000
964.246	4.000
965.246	1.000
966.246	3.000
967.246	3.000
968.246	1.000
969.246	5.000
970.246	3.000
971.246	3.000
972.247	0.000
973.247	2.000
974.247	3.000
975.247	2.000
976.247	3.000
977.247	0.000
978.247	1.000
979.247	1.000
980.248	7.000
981.248	2.000
982.248	1.000
983.248	2.000
984.248	1.000
985.248	2.000
986.248	2.000
987.248	2.000
988.249	1.000
989.249	2.000
990.249	4.000
991.249	4.000
992.249	4.000
993.249	1.000
994.249	2.000
995.249	1.000
996.250	1.000
997.250	3.000
998.250	3.000
999.250	2.000
1000.250	4.000
1001.250	0.000
1002.250	4.000
1003.250	3.000
1004.251	0.000
1005.251	3.000
1006.251	4.000
1007.251	0.000
1008.251	2.000
1009.251	2.000
1010.251	2.000
1011.251	1.000
1012.252	5.000
1013.252	3.000
1014.252	3.000
1015.252	4.000
1016.252	1.000
1017.252	6.000
1018.252	1.000
1019.252	4.000
1020.253	5.000
1021.253	2.000
1022.253	1.000
1023.253	2.000
1024.253	1.000
1025.253	3.000
1026.253	3.000
1027.253	3.000
1028.254	4.000
1029.254	0.000
1030.254	0.000
1031.254	2.000
1032.254	1.000
1033.254	3.000
1034.254	1.000
1035.254	5.000
1036.255	5.000
1037.255	2.000
1038.255	4.000
1039.255	1.000
1040.255	4.000
1041.255	0.000
1042.255	2.000
1043.255	1.000
1044.256	1.000
1045.256	3.000
1046.256	1.000
1047.256	4.000
1048.256	3.000
1049.256	3.000
1050.256	0.000
1051.256	3.000
1052.257	4.000
1053.257	4.000
1054.257	3.000
1055.257	3.000
1056.257	5.000
1057.257	0.000
1058.257	5.000
1059.257	0.000
1060.258	1.000
1061.258	3.000
1062.258	3.000
1063.258	5.000
1064.258	6.000
1065.258	2.000
1066.258	4.000
1067.258	5.000
1068.259	2.000
1069.259	0.000
1070.259	4.000
1071.259	2.000
1072.259	4.000
1073.259	4.000
1074.259	5.000
1075.259	7.000
1076.260	8.000
1077.260	6.000
1078.260	2.000
1079.260	4.000
1080.260	5.000
1081.260	4.000
1082.260	4.000
1083.260	1.000
1084.261	2.000
1085.261	1.000
1086.261	5.000
1087.261	1.000
1088.261	1.000
1089.261	1.000
1090.261	0.000
1091.261	0.000
1092.262	1.000
1093.262	2.000
1094.262	3.000
1095.262	2.000
1096.262	3.000
1097.262	4.000
1098.262	2.000
1099.262	1.000
1100.263	3.000
1101.263	4.000
1102.263	5.000
1103.263	5.000
1104.263	2.000
1105.263	3.000
1106.263	3.000
1107.263	6.000
1108.264	1.000
1109.264	4.000
1110.264	3.000
1111.264	3.000
1112.264	1.000
1113.264	8.000
1114.264	5.000
1115.264	4.000
1116.265	5.000
1117.265	6.000
1118.265	3.000
1119.265	2.000
1120.265	3.000
1121.265	3.000
1122.265	1.000
1123.265	4.000
1124.266	5.000
1125.266	6.000
1126.266	4.000
1127.266	1.000
1128.266	5.000
1129.266	4.000
1130.266	5.000
1131.266	10.000
1132.267	7.000
1133.267	3.000
1134.267	6.000
1135.267	7.000
1136.267	3.000
1137.267	3.000
1138.267	9.000
1139.267	7.000
1140.268	2.000
1141.268	8.000
1142.268	9.000
1143.268	7.000
1144.268	9.000
1145.268	9.000
1146.268	6.000
1147.268	4.000
1148.269	7.000
1149.269	5.000
1150.269	6.000
1151.269	7.000
1152.269	6.000
1153.269	12.000
1154.269	9.000
1155.269	5.000
1156.270	12.000
1157.270	8.000
1158.270	5.000
1159.270	8.000
1160.270	6.000
1161.270	20.000
1162.270	6.000
1163.270	23.000
1164.271	12.000
1165.271	18.000
1166.271	10.000
1167.271	11.000
1168.271	11.000
1169.271	19.000
1170.271	17.000
1171.271	25.000
1172.272	15.000
1173.272	17.000
1174.272	20.000
1175.272	24.000
1176.272	20.000
1177.272	15.000
1178.272	29.000
1179.272	25.000
1180.273	23.000
1181.273	23.000
1182.273	22.000
1183.273	17.000
1184.273	40.000
1185.273	32.000
1186.273	35.000
1187.273	45.000
1188.274	34.000
1189.274	37.000
1190.274	43.000
1191.274	47.000
1192.274	47.000
1193.274	52.000
1194.274	54.000
1195.274	44.000
1196.275	62.000
1197.275	46.000
1198.275	54.000
1199.275	53.000
1200.275	55.000
1201.275	58.000
1202.275	73.000
1203.275	57.000
1204.276	66.000
1205.276	72.000
1206.276	59.000
1207.276	82.000
1208.276	71.000
1209.276	81.000
1210.276	81.000
1211.276	91.000
1212.277	88.000
1213.277	87.000
1214.277	88.000
1215.277	107.000
1216.277	104.000
1217.277	108.000
1218.277	107.000
1219.277	123.000
1220.278	135.000
1221.278	135.000
1222.278	132.000
1223.278	143.000
1224.278	156.000
1225.278	144.000
1226.278	163.000
1227.278	148.000
1228.279	174.000
1229.279	153.000
1230.279	176.000
1231.279	183.000
1232.279	194.000
1233.279	177.000
1234.279	216.000
1235.279	208.000
1236.280	215.000
1237.280	198.000
1238.280	221.000
1239.280	247.000
1240.280	235.000
1241.280	247.000
1242.280	261.000
1243.280	261.000
1244.281	251.000
1245.281	301.000
1246.281	286.000
1247.281	342.000
1248.281	300.000
1249.281	332.000
1250.281	320.000
1251.281	356.000
1252.282	359.000
1253.282	382.000
1254.282	382.000
1255.282	385.000
1256.282	397.000
1257.282	466.000
1258.282	410.000
1259.282	431.000
1260.283	429.000
1261.283	486.000
1262.283	474.000
1263.283	470.000
1264.283	520.000
1265.283	502.000
1266.283	550.000
1267.283	544.000
1268.284	584.000
1269.284	610.000
1270.284	608.000
1271.284	610.000
1272.284	663.000
1273.284	652.000
1274.284	691.000
1275.284	687.000
1276.285	709.000
1277.285	748.000
1278.285	810.000
1279.285	799.000
1280.285	825.000
1281.285	857.000
1282.285	867.000
1283.285	831.000
1284.286	876.000
1285.286	917.000
1286.286	984.000
1287.286	942.000
1288.286	943.000
1289.286	986.000
1290.286	1017.000
1291.286	1099.000
1292.287	1080.000
1293.287	1109.000
1294.287	1139.000
1295.287	1143.000
1296.287	1184.000
1297.287	1249.000
1298.287	1276.000
1299.287	1245.000
1300.288	1285.000
1301.288	1364.000
1302.288	1298.000
1303.288	1345.000
1304.288	1447.000
1305.288	1463.000
1306.288	1569.000
1307.288	1456.000
1308.289	1463.000
1309.289	1604.000
1310.289	1550.000
1311.289	1581.000
1312.289	1667.000
1313.289	1719.000
1314.289	1716.000
1315.289	1814.000
1316.290	1814.000
1317.290	1835.000
1318.290	1902.000
1319.290	1953.000
1320.290	1939.000
1321.290	2070.000
1322.290	2053.000
1323.290	2066.000
1324.291	2148.000
1325.291	2173.000
1326.291	2146.000
1327.291	2234.000
1328.291	2334.000
1329.291	2295.000
1330.291	2388.000
1331.291	2417.000
1332.292	2391.000
1333.292	2533.000
1334.292	2515.000
1335.292	2622.000
1336.292	2642.000
1337.292	2609.000
1338.292	2697.000
1339.292	2632.000
1340.293	2688.000
1341.293	2826.000
1342.293	2917.000
1343.293	2951.000
1344.293	2908.000
1345.293	3006.000
1346.293	2924.000
1347.293	3077.000
1348.294	3025.000
1349.294	3143.000
1350.294	3178.000
1351.294	3222.000
1352.294	3291.000
1353.294	3331.000
1354.294	3334.000
1355.294	3391.000
1356.295	3451.000
1357.295	3460.000
1358.295	3503.000
1359.295	3556.000
1360.295	3639.000
1361.295	3513.000
1362.295	3763.000
1363.295	3667.000
1364.296	3652.000
1365.296	3778.000
1366.296	3849.000
1367.296	3841.000
1368.296	3802.000
1369.296	3964.000
1370.296	3976.000
1371.296	4067.000
1372.297	4044.000
1373.297	3989.000
1374.297	4175.000
1375.297	4185.000
1376.297	4314.000
1377.297	4197.000
1378.297	4116.000
1379.297	4282.000
1380.298	4234.000
1381.298	4417.000
1382.298	4230.000
1383.298	4430.000
1384.298	4351.000
1385.298	4463.000
1386.298	4342.000
1387.298	4317.000
1388.299	4496.000
1389.299	4417.000
1390.299	4670.000
1391.299	4556.000
1392.299	4532.000
1393.299	4520.000
1394.299	4659.000
1395.299	4586.000
1396.300	4623.000
1397.300	4703.000
1398.300	4572.000
1399.300	4590.000
1400.300	4676.000
1401.300	4545.000
1402.300	4605.000
1403.300	4693.000
1404.301	4666.000
1405.301	4737.000
1406.301	4765.000
1407.301	4658.000
1408.301	4612.000
1409.301	4689.000
1410.301	4657.000
1411.301	4602.000
1412.302	4677.000
1413.302	4810.000
1414.302	4517.000
1415.302	4741.000
1416.302	4808.000
1417.302	4651.000
1418.302	4474.000
1419.302	4530.000
1420.303	4541.000
1421.303	4565.000
1422.303	4717.000
1423.303	4540.000
1424.303	4531.000
1425.303	4545.000
1426.303	4541.000
1427.303	4398.000
1428.304	4501.000
1429.304	4494.000
1430.304	4371.000
1431.304	4438.000
1432.304	4390.000
1433.304	4347.000
1434.304	4445.000
1435.304	4252.000
1436.305	4180.000
1437.305	4266.000
1438.305	4234.000
1439.305	4129.000
1440.305	4097.000
1441.305	4199.000
1442.305	4083.000
1443.305	3997.000
1444.306	4011.000
1445.306	3960.000
1446.306	3869.000
1447.306	3946.000
1448.306	3790.000
1449.306	3831.000
1450.306	3736.000
1451.306	3649.000
1452.307	3784.000
1453.307	3716.000
1454.307	3626.000
1455.307	3516.000
1456.307	3580.000
1457.307	3453.000
1458.307	3437.000
1459.307	3440.000
1460.308	3325.000
1461.308	3283.000
1462.308	3257.000
1463.308	3237.000
1464.308	3224.000
1465.308	3288.000
1466.308	3070.000
1467.308	2992.000
1468.309	3161.000
1469.309	2955.000
1470.309	2860.000
1471.309	2975.000
1472.309	2866.000
1473.309	2854.000
1474.309	2724.000
1475.309	2720.000
1476.310	2695.000
1477.310	2706.000
1478.310	2649.000
1479.310	2604.000
1480.310	2500.000
1481.310	2447.000
1482.310	2417.000
1483.310	2408.000
1484.311	2379.000
1485.311	2297.000
1486.311	2333.000
1487.311	2247.000
1488.311	2244.000
1489.311	2084.000
1490.311	2188.000
1491.311	2100.000
1492.312	2067.000
1493.312	2039.000
1494.312	1977.000
1495.312	2012.000
1496.312	1844.000
1497.312	1808.000
1498.312	1824.000
1499.312	1837.000
1500.313	1651.000
1501.313	1638.000
1502.313	1674.000
1503.313	1679.000
1504.313	1688.000
1505.313	1629.000
1506.313	1541.000
1507.313	1522.000
1508.314	1524.000
1509.314	1460.000
1510.314	1406.000
1511.314	1431.000
1512.314	1336.000
1513.314	1377.000
1514.314	1380.000
1515.314	1277.000
1516.315	1293.000
1517.315	1187.000
1518.315	1233.000
1519.315	1200.000
1520.315	1196.000
1521.315	1124.000
1522.315	1061.000
1523.315	1094.000
1524.316	1033.000
1525.316	1037.000
1526.316	975.000
1527.316	1056.000
1528.316	1010.000
1529.316	951.000
1530.316	961.000
1531.316	884.000
1532.317	890.000
1533.317	863.000
1534.317	810.000
1535.317	819.000
1536.317	832.000
1537.317	798.000
1538.317	810.000
1539.317	762.000
1540.318	756.000
1541.318	780.000
1542.318	711.000
1543.318	652.000
1544.318	671.000
1545.318	638.000
1546.318	626.000
1547.318	656.000
1548.319	586.000
1549.319	565.000
1550.319	637.000
1551.319	556.000
1552.319	579.000
1553.319	559.000
1554.319	550.000
1555.319	516.000
1556.320	518.000
1557.320	534.000
1558.320	500.000
1559.320	488.000
1560.320	484.000
1561.320	465.000
1562.320	495.000
1563.320	487.000
1564.321	434.000
1565.321	448.000
1566.321	456.000
1567.321	405.000
1568.321	442.000
1569.321	430.000
1570.321	427.000
1571.321	398.000
1572.322	413.000
1573.322	383.000
1574.322	447.000
1575.322	410.000
1576.322	386.000
1577.322	395.000
1578.322	411.000
1579.322	389.000
1580.323	348.000
1581.323	383.000
1582.323	348.000
1583.323	355.000
1584.323	364.000
1585.323	354.000
1586.323	299.000
1587.323	334.000
1588.324	316.000
1589.324	335.000
1590.324	317.000
1591.324	334.000
1592.324	314.000
1593.324	306.000
1594.324	315.000
1595.324	280.000
1596.325	325.000
1597.325	291.000
1598.325	285.000
1599.325	274.000
1600.325	291.000
1601.325	300.000
1602.325	321.000
1603.325	324.000
1604.326	306.000
1605.326	306.000
1606.326	301.000
1607.326	279.000
1608.326	287.000
1609.326	270.000
1610.326	297.000
1611.326	244.000
1612.327	273.000
1613.327	292.000
1614.327	305.000
1615.327	274.000
1616.327	273.000
1617.327	246.000
1618.327	277.000
1619.327	276.000
1620.328	274.000
1621.328	255.000
1622.328	258.000
1623.328	250.000
1624.328	262.000
1625.328	266.000
1626.328	261.000
1627.328	267.000
1628.329	255.000
1629.329	283.000
1630.329	265.000
1631.329	230.000
1632.329	264.000
1633.329	232.000
1634.329	246.000
1635.329	263.000
1636.330	270.000
1637.330	265.000
1638.330	236.000
1639.330	245.000
1640.330	241.000
1641.330	261.000
1642.330	210.000
1643.330	237.000
1644.331	246.000
1645.331	239.000
1646.331	256.000
1647.331	238.000
1648.331	237.000
1649.331	222.000
1650.331	258.000
1651.331	241.000
1652.332	260.000
1653.332	231.000
1654.332	229.000
1655.332	246.000
1656.332	247.000
1657.332	237.000
1658.332	250.000
1659.332	241.000
1660.333	220.000
1661.333	221.000
1662.333	224.000
1663.333	238.000
1664.333	263.000
1665.333	234.000
1666.333	255.000
1667.333	209.000
1668.334	248.000
1669.334	244.000
1670.334	258.000
1671.334	236.000
1672.334	236.000
1673.334	220.000
1674.334	260.000
1675.334	224.000
1676.335	232.000
1677.335	237.000
1678.335	247.000
1679.335	237.000
1680.335	248.000
1681.335	216.000
1682.335	220.000
1683.335	247.000
1684.336	235.000
1685.336	205.000
1686.336	229.000
1687.336	243.000
1688.336	252.000
1689.336	212.000
1690.336	222.000
1691.336	246.000
1692.337	224.000
1693.337	232.000
1694.337	215.000
1695.337	236.000
1696.337	223.000
1697.337	230.000
1698.337	259.000
1699.337	239.000
1700.338	230.000
1701.338	220.000
1702.338	245.000
1703.338	241.000
1704.338	246.000
1705.338	234.000
1706.338	267.000
1707.338	237.000
1708.339	225.000
1709.339	238.000
1710.339	226.000
1711.339	227.000
1712.339	231.000
1713.339	231.000
1714.339	215.000
1715.339	271.000
1716.340	245.000
1717.340	233.000
1718.340	219.000
1719.340	235.000
1720.340	254.000
1721.340	222.000
1722.340	231.000
1723.340	238.000
1724.341	262.000
1725.341	234.000
1726.341	236.000
1727.341	249.000
1728.341	230.000
1729.341	240.000
1730.341	231.000
1731.341	244.000
1732.342	241.000
1733.342	214.000
1734.342	220.000
1735.342	247.000
1736.342	240.000
1737.342	211.000
1738.342	239.000
1739.342	231.000
1740.343	242.000
1741.343	265.000
1742.343	271.000
1743.343	225.000
1744.343	239.000
1745.343	226.000
1746.343	234.000
1747.343	231.000
1748.344	238.000
1749.344	221.000
1750.344	263.000
1751.344	255.000
1752.344	248.000
1753.344	247.000
1754.344	258.000
1755.344	217.000
1756.345	239.000
1757.345	226.000
1758.345	224.000
1759.345	244.000
1760.345	215.000
1761.345	266.000
1762.345	219.000
1763.345	245.000
1764.346	210.000
1765.346	237.000
1766.346	278.000
1767.346	227.000
1768.346	219.000
1769.346	253.000
1770.346	250.000
1771.346	278.000
1772.347	230.000
1773.347	243.000
1774.347	234.000
1775.347	250.000
1776.347	229.000
1777.347	224.000
1778.347	212.000
1779.347	239.000
1780.348	232.000
1781.348	227.000
1782.348	256.000
1783.348	232.000
1784.348	250.000
1785.348	240.000
1786.348	220.000
1787.348	230.000
1788.349	243.000
1789.349	237.000
1790.349	253.000
1791.349	230.000
1792.349	241.000
1793.349	266.000
1794.349	242.000
1795.349	232.000
1796.350	235.000
1797.350	245.000
1798.350	239.000
1799.350	258.000
1800.350	259.000
1801.350	244.000
1802.350	243.000
1803.350	226.000
1804.351	220.000
1805.351	246.000
1806.351	221.000
1807.351	213.000
1808.351	228.000
1809.351	212.000
1810.351	238.000
1811.351	236.000
1812.352	234.000
1813.352	243.000
1814.352	246.000
1815.352	253.000
1816.352	256.000
1817.352	231.000
1818.352	275.000
1819.352	235.000
1820.353	249.000
1821.353	241.000
1822.353	247.000
1823.353	242.000
1824.353	241.000
1825.353	238.000
1826.353	228.000
1827.353	234.000
1828.354	250.000
1829.354	265.000
1830.354	215.000
1831.354	238.000
1832.354	211.000
1833.354	222.000
1834.354	243.000
1835.354	222.000
1836.355	224.000
1837.355	242.000
1838.355	233.000
1839.355	234.000
1840.355	218.000
1841.355	233.000
1842.355	237.000
1843.355	261.000
1844.356	227.000
1845.356	220.000
1846.356	255.000
1847.356	290.000
1848.356	238.000
1849.356	250.000
1850.356	243.000
1851.356	245.000
1852.357	241.000
1853.357	230.000
1854.357	235.000
1855.357	207.000
1856.357	246.000
1857.357	238.000
1858.357	230.000
1859.357	246.000
1860.358	230.000
1861.358	245.000
1862.358	278.000
1863.358	217.000
1864.358	221.000
1865.358	189.000
1866.358	260.000
1867.358	244.000
1868.359	233.000
1869.359	234.000
1870.359	255.000
1871.359	241.000
1872.359	255.000
1873.359	230.000
1874.359	230.000
1875.359	234.000
1876.360	217.000
1877.360	206.000
1878.360	236.000
1879.360	247.000
1880.360	249.000
1881.360	253.000
1882.360	241.000
1883.360	242.000
1884.361	254.000
1885.361	244.000
1886.361	244.000
1887.361	227.000
1888.361	227.000
1889.361	208.000
1890.361	261.000
1891.361	231.000
1892.362	248.000
1893.362	243.000
1894.362	241.000
1895.362	221.000
1896.362	249.000
1897.362	228.000
1898.362	242.000
1899.362	244.000
1900.363	251.000
1901.363	247.000
1902.363	228.000
1903.363	224.000
1904.363	242.000
1905.363	244.000
1906.363	235.000
1907.363	229.000
1908.364	211.000
1909.364	240.000
1910.364	235.000
1911.364	237.000
1912.364	231.000
1913.364	228.000
1914.364	268.000
1915.364	253.000
1916.365	231.000
1917.365	273.000
1918.365	260.000
1919.365	252.000
1920.365	239.000
1921.365	236.000
1922.365	225.000
1923.365	247.000
1924.366	226.000
1925.366	236.000
1926.366	227.000
1927.366	230.000
1928.366	243.000
1929.366	256.000
1930.366	242.000
1931.366	235.000
1932.367	229.000
1933.367	230.000
1934.367	240.000
1935.367	248.000
1936.367	244.000
1937.367	253.000
1938.367	256.000
1939.367	213.000
1940.368	262.000
1941.368	244.000
1942.368	216.000
1943.368	244.000
1944.368	233.000
1945.368	228.000
1946.368	256.000
1947.368	240.000
1948.369	275.000
1949.369	231.000
1950.369	256.000
1951.369	256.000
1952.369	240.000
1953.369	231.000
1954.369	234.000
1955.369	240.000
1956.370	273.000
1957.370	258.000
1958.370	196.000
1959.370	239.000
1960.370	256.000
1961.370	231.000
1962.370	246.000
1963.370	245.000
1964.371	256.000
1965.371	217.000
1966.371	223.000
1967.371	225.000
1968.371	235.000
1969.371	257.000
1970.371	250.000
1971.371	248.000
1972.372	226.000
1973.372	264.000
1974.372	224.000
1975.372	258.000
1976.372	251.000
1977.372	236.000
1978.372	247.000
1979.372	239.000
1980.373	232.000
1981.373	259.000
1982.373	243.000
1983.373	272.000
1984.373	214.000
1985.373	261.000
1986.373	224.000
1987.373	222.000
1988.374	251.000
1989.374	264.000
1990.374	238.000
1991.374	229.000
1992.374	216.000
1993.374	254.000
1994.374	240.000
1995.374	250.000
1996.375	217.000
1997.375	260.000
1998.375	267.000
1999.375	239.000
2000.375	247.000
2001.375	249.000
2002.375	251.000
2003.375	237.000
2004.376	240.000
2005.376	230.000
2006.376	256.000
2007.376	244.000
2008.376	233.000
2009.376	232.000
2010.376	236.000
2011.376	251.000
2012.377	271.000
2013.377	222.000
2014.377	238.000
2015.377	230.000
2016.377	270.000
2017.377	261.000
2018.377	269.000
2019.377	245.000
2020.378	232.000
2021.378	232.000
2022.378	209.000
2023.378	254.000
2024.378	245.000
2025.378	257.000
2026.378	227.000
2027.378	261.000
2028.379	246.000
2029.379	266.000
2030.379	248.000
2031.379	257.000
2032.379	257.000
2033.379	258.000
2034.379	260.000
2035.379	244.000
2036.380	253.000
2037.380	216.000
2038.380	244.000
2039.380	276.000
2040.380	253.000
2041.380	249.000
2042.380	257.000
2043.380	255.000
2044.381	239.000
2045.381	228.000
2046.381	236.000
2047.381	245.000
2048.381	262.000
2049.381	277.000
2050.381	287.000
2051.381	266.000
2052.382	258.000
2053.382	273.000
2054.382	285.000
2055.382	246.000
2056.382	247.000
2057.382	263.000
2058.382	237.000
2059.382	260.000
2060.383	262.000
2061.383	254.000
2062.383	237.000
2063.383	259.000
2064.383	246.000
2065.383	276.000
2066.383	259.000
2067.383	244.000
2068.384	257.000
2069.384	232.000
2070.384	265.000
2071.384	244.000
2072.384	230.000
2073.384	290.000
2074.384	251.000
2075.384	231.000
2076.385	263.000
2077.385	264.000
2078.385	257.000
2079.385	268.000
2080.385	248.000
2081.385	266.000
2082.385	246.000
2083.385	259.000
2084.386	261.000
2085.386	261.000
2086.386	247.000
2087.386	275.000
2088.386	236.000
2089.386	249.000
2090.386	250.000
2091.386	255.000
2092.387	283.000
2093.387	251.000
2094.387	251.000
2095.387	249.000
2096.387	242.000
2097.387	243.000
2098.387	259.000
2099.387	262.000
2100.388	227.000
2101.388	257.000
2102.388	257.000
2103.388	252.000
2104.388	270.000
2105.388	250.000
2106.388	281.000
2107.388	262.000
2108.389	241.000
2109.389	246.000
2110.389	245.000
2111.389	242.000
2112.389	250.000
2113.389	258.000
2114.389	292.000
2115.389	232.000
2116.390	235.000
2117.390	258.000
2118.390	254.000
2119.390	233.000
2120.390	263.000
2121.390	266.000
2122.390	258.000
2123.390	252.000
2124.391	264.000
2125.391	284.000
2126.391	271.000
2127.391	244.000
2128.391	262.000
2129.391	252.000
2130.391	287.000
2131.391	271.000
2132.392	255.000
2133.392	291.000
2134.392	281.000
2135.392	251.000
2136.392	262.000
2137.392	247.000
2138.392	260.000
2139.392	256.000
2140.393	258.000
2141.393	267.000
2142.393	283.000
2143.393	276.000
2144.393	259.000
2145.393	266.000
2146.393	262.000
2147.393	268.000
2148.394	288.000
2149.394	288.000
2150.394	277.000
2151.394	273.000
2152.394	287.000
2153.394	283.000
2154.394	267.000
2155.394	269.000
2156.395	274.000
2157.395	271.000
2158.395	275.000
2159.395	271.000
2160.395	279.000
2161.395	249.000
2162.395	291.000
2163.395	287.000
2164.396	266.000
2165.396	248.000
2166.396	246.000
2167.396	282.000
2168.396	297.000
2169.396	281.000
2170.396	272.000
2171.396	282.000
2172.397	304.000
2173.397	295.000
2174.397	282.000
2175.397	289.000
2176.397	270.000
2177.397	276.000
2178.397	244.000
2179.397	268.000
2180.398	287.000
2181.398	261.000
2182.398	269.000
2183.398	267.000
2184.398	277.000
2185.398	293.000
2186.398	285.000
2187.398	267.000
2188.399	280.000
2189.399	273.000
2190.399	268.000
2191.399	312.000
2192.399	270.000
2193.399	278.000
2194.399	284.000
2195.399	263.000
2196.400	280.000
2197.400	272.000
2198.400	283.000
2199.400	272.000
2200.400	297.000
2201.400	263.000
2202.400	266.000
2203.400	295.000
2204.401	266.000
2205.401	271.000
2206.401	279.000
2207.401	273.000
2208.401	291.000
2209.401	303.000
2210.401	287.000
2211.401	327.000
2212.402	288.000
2213.402	290.000
2214.402	309.000
2215.402	298.000
2216.402	285.000
2217.402	282.000
2218.402	320.000
2219.402	279.000
2220.403	297.000
2221.403	256.000
2222.403	270.000
2223.403	274.000
2224.403	281.000
2225.403	290.000
2226.403	300.000
2227.403	285.000
2228.404	287.000
2229.404	281.000
2230.404	303.000
2231.404	289.000
2232.404	263.000
2233.404	278.000
2234.404	282.000
2235.404	298.000
2236.405	292.000
2237.405	316.000
2238.405	288.000
2239.405	304.000
2240.405	288.000
2241.405	260.000
2242.405	318.000
2243.405	274.000
2244.406	292.000
2245.406	277.000
2246.406	332.000
2247.406	298.000
2248.406	335.000
2249.406	298.000
2250.406	298.000
2251.406	340.000
2252.407	287.000
2253.407	297.000
2254.407	296.000
2255.407	334.000
2256.407	324.000
2257.407	335.000
2258.407	304.000
2259.407	300.000
2260.408	314.000
2261.408	279.000
2262.408	298.000
2263.408	304.000
2264.408	291.000
2265.408	312.000
2266.408	309.000
2267.408	326.000
2268.409	323.000
2269.409	321.000
2270.409	289.000
2271.409	324.000
2272.409	293.000
2273.409	280.000
2274.409	305.000
2275.409	290.000
2276.410	305.000
2277.410	303.000
2278.410	353.000
2279.410	334.000
2280.410	342.000
2281.410	299.000
2282.410	308.000
2283.410	303.000
2284.411	325.000
2285.411	272.000
2286.411	314.000
2287.411	313.000
2288.411	327.000
2289.411	292.000
2290.411	313.000
2291.411	334.000
2292.412	310.000
2293.412	277.000
2294.412	295.000
2295.412	309.000
2296.412	308.000
2297.412	350.000
2298.412	290.000
2299.412	329.000
2300.413	333.000
2301.413	333.000
2302.413	301.000
2303.413	330.000
2304.413	333.000
2305.413	325.000
2306.413	319.000
2307.413	307.000
2308.414	322.000
2309.414	326.000
2310.414	335.000
2311.414	303.000
2312.414	331.000
2313.414	323.000
2314.414	338.000
2315.414	361.000
2316.415	324.000
2317.415	351.000
2318.415	332.000
2319.415	329.000
2320.415	288.000
2321.415	341.000
2322.415	345.000
2323.415	323.000
2324.416	323.000
2325.416	349.000
2326.416	328.000
2327.416	346.000
2328.416	358.000
2329.416	348.000
2330.416	338.000
2331.416	341.000
2332.417	324.000
2333.417	342.000
2334.417	331.000
2335.417	331.000
2336.417	336.000
2337.417	329.000
2338.417	358.000
2339.417	340.000
2340.418	358.000
2341.418	372.000
2342.418	345.000
2343.418	339.000
2344.418	322.000
2345.418	343.000
2346.418	338.000
2347.418	386.000
2348.419	359.000
2349.419	384.000
2350.419	358.000
2351.419	344.000
2352.419	370.000
2353.419	388.000
2354.419	348.000
2355.419	341.000
2356.420	370.000
2357.420	382.000
2358.420	366.000
2359.420	333.000
2360.420	335.000
2361.420	368.000
2362.420	368.000
2363.420	346.000
2364.421	377.000
2365.421	361.000
2366.421	379.000
2367.421	393.000
2368.421	341.000
2369.421	348.000
2370.421	415.000
2371.421	363.000
2372.422	333.000
2373.422	394.000
2374.422	363.000
2375.422	388.000
2376.422	378.000
2377.422	370.000
2378.422	375.000
2379.422	373.000
2380.423	345.000
2381.423	380.000
2382.423	386.000
2383.423	427.000
2384.423	368.000
2385.423	364.000
2386.423	394.000
2387.423	382.000
2388.424	416.000
2389.424	368.000
2390.424	365.000
2391.424	416.000
2392.424	394.000
2393.424	404.000
2394.424	363.000
2395.424	381.000
2396.425	410.000
2397.425	438.000
2398.425	389.000
2399.425	376.000
2400.425	422.000
2401.425	402.000
2402.425	407.000
2403.425	417.000
2404.426	437.000
2405.426	402.000
2406.426	422.000
2407.426	399.000
2408.426	425.000
2409.426	425.000
2410.426	388.000
2411.426	401.000
2412.427	406.000
2413.427	383.000
2414.427	423.000
2415.427	465.000
2416.427	383.000
2417.427	419.000
2418.427	408.000
2419.427	437.000
2420.428	433.000
2421.428	406.000
2422.428	430.000
2423.428	421.000
2424.428	403.000
2425.428	420.000
2426.428	412.000
2427.428	435.000
2428.429	432.000
2429.429	448.000
2430.429	424.000
2431.429	441.000
2432.429	432.000
2433.429	451.000
2434.429	425.000
2435.429	436.000
2436.430	429.000
2437.430	439.000
2438.430	474.000
2439.430	439.000
2440.430	444.000
2441.430	431.000
2442.430	455.000
2443.430	455.000
2444.431	423.000
2445.431	468.000
2446.431	453.000
2447.431	477.000
2448.431	441.000
2449.431	496.000
2450.431	433.000
2451.431	452.000
2452.432	462.000
2453.432	466.000
2454.432	465.000
2455.432	460.000
2456.432	472.000
2457.432	443.000
2458.432	432.000
2459.432	459.000
2460.433	449.000
2461.433	441.000
2462.433	455.000
2463.433	445.000
2464.433	448.000
2465.433	454.000
2466.433	449.000
2467.433	493.000
2468.434	483.000
2469.434	458.000
2470.434	429.000
2471.434	459.000
2472.434	434.000
2473.434	479.000
2474.434	468.000
2475.434	488.000
2476.435	401.000
2477.435	503.000
2478.435	474.000
2479.435	459.000
2480.435	487.000
2481.435	480.000
2482.435	492.000
2483.435	495.000
2484.436	511.000
2485.436	483.000
2486.436	491.000
2487.436	456.000
2488.436	465.000
2489.436	509.000
2490.436	475.000
2491.436	460.000
2492.437	490.000
2493.437	495.000
2494.437	481.000
2495.437	478.000
2496.437	511.000
2497.437	487.000
2498.437	471.000
2499.437	499.000
2500.438	487.000
2501.438	475.000
2502.438	489.000
2503.438	512.000
2504.438	465.000
2505.438	501.000
2506.438	456.000
2507.438	463.000
2508.439	520.000
2509.439	471.000
2510.439	473.000
2511.439	506.000
2512.439	554.000
2513.439	503.000
2514.439	478.000
2515.439	529.000
2516.440	507.000
2517.440	489.000
2518.440	530.000
2519.440	516.000
2520.440	500.000
2521.440	513.000
2522.440	479.000
2523.440	506.000
2524.441	516.000
2525.441	459.000
2526.441	471.000
2527.441	490.000
2528.441	503.000
2529.441	499.000
2530.441	504.000
2531.441	483.000
2532.442	537.000
2533.442	508.000
2534.442	503.000
2535.442	552.000
2536.442	527.000
2537.442	528.000
2538.442	492.000
2539.442	548.000
2540.443	509.000
2541.443	485.000
2542.443	486.000
2543.443	547.000
2544.443	572.000
2545.443	508.000
2546.443	547.000
2547.443	541.000
2548.444	515.000
2549.444	505.000
2550.444	527.000
2551.444	479.000
2552.444	499.000
2553.444	533.000
2554.444	547.000
2555.444	522.000
2556.445	532.000
2557.445	552.000
2558.445	510.000
2559.445	557.000
2560.445	528.000
2561.445	507.000
2562.445	580.000
2563.445	522.000
2564.446	527.000
2565.446	570.000
2566.446	544.000
2567.446	497.000
2568.446	534.000
2569.446	525.000
2570.446	534.000
2571.446	530.000
2572.447	545.000
2573.447	533.000
2574.447	513.000
2575.447	554.000
2576.447	545.000
2577.447	509.000
2578.447	530.000
2579.447	584.000
2580.448	582.000
2581.448	534.000
2582.448	578.000
2583.448	516.000
2584.448	574.000
2585.448	536.000
2586.448	535.000
2587.448	577.000
2588.449	513.000
2589.449	523.000
2590.449	554.000
2591.449	550.000
2592.449	581.000
2593.449	558.000
2594.449	543.000
2595.449	562.000
2596.450	545.000
2597.450	571.000
2598.450	519.000
2599.450	552.000
2600.450	563.000
2601.450	578.000
2602.450	562.000
2603.450	560.000
2604.451	551.000
2605.451	590.000
2606.451	548.000
2607.451	571.000
2608.451	586.000
2609.451	580.000
2610.451	587.000
2611.451	596.000
2612.452	565.000
2613.452	559.000
2614.452	562.000
2615.452	617.000
2616.452	584.000
2617.452	600.000
2618.452	619.000
2619.452	631.000
2620.453	606.000
2621.453	590.000
2622.453	616.000
2623.453	595.000
2624.453	613.000
2625.453	631.000
2626.453	609.000
2627.453	631.000
2628.454	647.000
2629.454	628.000
2630.454	633.000
2631.454	686.000
2632.454	593.000
2633.454	660.000
2634.454	651.000
2635.454	652.000
2636.455	660.000
2637.455	624.000
2638.455	637.000
2639.455	659.000
2640.455	671.000
2641.455	668.000
2642.455	685.000
2643.455	690.000
2644.456	681.000
2645.456	689.000
2646.456	693.000
2647.456	654.000
2648.456	716.000
2649.456	743.000
2650.456	707.000
2651.456	704.000
2652.457	661.000
2653.457	728.000
2654.457	741.000
2655.457	736.000
2656.457	704.000
2657.457	728.000
2658.457	669.000
2659.457	706.000
2660.458	768.000
2661.458	759.000
2662.458	732.000
2663.458	776.000
2664.458	723.000
2665.458	745.000
2666.458	784.000
2667.458	747.000
2668.459	779.000
2669.459	713.000
2670.459	763.000
2671.459	786.000
2672.459	740.000
2673.459	719.000
2674.459	780.000
2675.459	812.000
2676.460	749.000
2677.460	816.000
2678.460	812.000
2679.460	822.000
2680.460	831.000
2681.460	808.000
2682.460	812.000
2683.460	851.000
2684.461	775.000
2685.461	848.000
2686.461	795.000
2687.461	830.000
2688.461	831.000
2689.461	831.000
2690.461	828.000
2691.461	864.000
2692.462	843.000
2693.462	857.000
2694.462	912.000
2695.462	934.000
2696.462	916.000
2697.462	853.000
2698.462	920.000
2699.462	908.000
2700.463	916.000
2701.463	940.000
2702.463	828.000
2703.463	886.000
2704.463	979.000
2705.463	955.000
2706.463	933.000
2707.463	883.000
2708.464	928.000
2709.464	897.000
2710.464	942.000
2711.464	887.000
2712.464	978.000
2713.464	915.000
2714.464	918.000
2715.464	957.000
2716.465	938.000
2717.465	921.000
2718.465	918.000
2719.465	889.000
2720.465	1000.000
2721.465	965.000
2722.465	960.000
2723.465	952.000
2724.466	1007.000
2725.466	1039.000
2726.466	1028.000
2727.466	973.000
2728.466	1023.000
2729.466	1020.000
2730.466	1050.000
2731.466	995.000
2732.467	948.000
2733.467	968.000
2734.467	1012.000
2735.467	997.000
2736.467	1040.000
2737.467	1061.000
2738.467	988.000
2739.467	968.000
2740.468	1039.000
2741.468	1084.000
2742.468	1018.000
2743.468	1065.000
2744.468	1085.000
2745.468	1030.000
2746.468	1048.000
2747.468	1053.000
2748.469	1068.000
2749.469	1031.000
2750.469	1074.000
2751.469	1054.000
2752.469	973.000
2753.469	1105.000
2754.469	1010.000
2755.469	1084.000
2756.470	1060.000
2757.470	1025.000
2758.470	1023.000
2759.470	1077.000
2760.470	997.000
2761.470	1076.000
2762.470	1048.000
2763.470	1009.000
2764.471	1000.000
2765.471	1103.000
2766.471	1021.000
2767.471	1082.000
2768.471	1053.000
2769.471	1059.000
2770.471	1086.000
2771.471	1026.000
2772.472	1028.000
2773.472	1014.000
2774.472	1073.000
2775.472	1017.000
2776.472	1026.000
2777.472	1069.000
2778.472	1038.000
2779.472	1052.000
2780.473	1061.000
2781.473	1057.000
2782.473	999.000
2783.473	994.000
2784.473	1016.000
2785.473	1035.000
2786.473	981.000
2787.473	1031.000
2788.474	1036.000
2789.474	1039.000
2790.474	1047.000
2791.474	1024.000
2792.474	1010.000
2793.474	984.000
2794.474	1023.000
2795.474	1011.000
2796.475	1010.000
2797.475	1025.000
2798.475	1045.000
2799.475	974.000
2800.475	1060.000
2801.475	946.000
2802.475	992.000
2803.475	995.000
2804.476	1010.000
2805.476	961.000
2806.476	1000.000
2807.476	990.000
2808.476	989.000
2809.476	980.000
2810.476	947.000
2811.476	977.000
2812.477	924.000
2813.477	1010.000
2814.477	962.000
2815.477	948.000
2816.477	935.000
2817.477	945.000
2818.477	974.000
2819.477	912.000
2820.478	912.000
2821.478	916.000
2822.478	890.000
2823.478	896.000
2824.478	946.000
2825.478	892.000
2826.478	962.000
2827.478	892.000
2828.479	878.000
2829.479	865.000
2830.479	869.000
2831.479	871.000
2832.479	836.000
2833.479	867.000
2834.479	911.000
2835.479	854.000
2836.480	810.000
2837.480	836.000
2838.480	837.000
2839.480	828.000
2840.480	793.000
2841.480	822.000
2842.480	834.000
2843.480	800.000
2844.481	790.000
2845.481	812.000
2846.481	778.000
2847.481	780.000
2848.481	832.000
2849.481	760.000
2850.481	747.000
2851.481	734.000
2852.482	753.000
2853.482	731.000
2854.482	723.000
2855.482	767.000
2856.482	731.000
2857.482	747.000
2858.482	690.000
2859.482	702.000
2860.483	679.000
2861.483	723.000
2862.483	719.000
2863.483	721.000
2864.483	684.000
2865.483	685.000
2866.483	667.000
2867.483	667.000
2868.484	651.000
2869.484	672.000
2870.484	677.000
2871.484	653.000
2872.484	648.000
2873.484	628.000
2874.484	634.000
2875.484	660.000
2876.485	580.000
2877.485	646.000
2878.485	615.000
2879.485	628.000
2880.485	637.000
2881.485	584.000
2882.485	576.000
2883.485	545.000
2884.486	570.000
2885.486	521.000
2886.486	554.000
2887.486	557.000
2888.486	575.000
2889.486	582.000
2890.486	552.000
2891.486	560.000
2892.487	529.000
2893.487	555.000
2894.487	546.000
2895.487	498.000
2896.487	492.000
2897.487	498.000
2898.487	516.000
2899.487	510.000
2900.488	506.000
2901.488	508.000
2902.488	454.000
2903.488	431.000
2904.488	440.000
2905.488	477.000
2906.488	443.000
2907.488	455.000
2908.489	424.000
2909.489	471.000
2910.489	418.000
2911.489	454.000
2912.489	437.000
2913.489	430.000
2914.489	438.000
2915.489	418.000
2916.490	444.000
2917.490	398.000
2918.490	389.000
2919.490	396.000
2920.490	443.000
2921.490	382.000
2922.490	426.000
2923.490	407.000
2924.491	368.000
2925.491	372.000
2926.491	367.000
2927.491	360.000
2928.491	338.000
2929.491	360.000
2930.491	366.000
2931.491	348.000
2932.492	364.000
2933.492	367.000
2934.492	350.000
2935.492	374.000
2936.492	365.000
2937.492	323.000
2938.492	291.000
2939.492	328.000
2940.493	349.000
2941.493	314.000
2942.493	312.000
2943.493	303.000
2944.493	363.000
2945.493	310.000
2946.493	321.000
2947.493	316.000
2948.494	322.000
2949.494	299.000
2950.494	319.000
2951.494	306.000
2952.494	301.000
2953.494	278.000
2954.494	313.000
2955.494	292.000
2956.495	320.000
2957.495	287.000
2958.495	316.000
2959.495	286.000
2960.495	307.000
2961.495	287.000
2962.495	296.000
2963.495	254.000
2964.496	263.000
2965.496	277.000
2966.496	281.000
2967.496	281.000
2968.496	267.000
2969.496	274.000
2970.496	270.000
2971.496	248.000
2972.497	273.000
2973.497	239.000
2974.497	251.000
2975.497	257.000
2976.497	251.000
2977.497	287.000
2978.497	272.000
2979.497	256.000
2980.498	259.000
2981.498	253.000
2982.498	287.000
2983.498	268.000
2984.498	282.000
2985.498	266.000
2986.498	257.000
2987.498	235.000
2988.499	244.000
2989.499	233.000
2990.499	250.000
2991.499	225.000
2992.499	238.000
2993.499	268.000
2994.499	253.000
2995.499	220.000
2996.500	234.000
2997.500	226.000
2998.500	237.000
2999.500	251.000
