-1000.000	0.000
-999.000	0.000
-998.000	0.000
-997.000	0.000
-996.000	0.000
-995.000	0.000
-993.999	0.000
-992.999	0.000
-991.999	0.000
-990.999	0.000
-989.999	0.000
-988.999	0.000
-987.999	0.000
-986.999	0.000
-985.999	0.000
-984.999	0.000
-983.999	0.000
-982.999	0.000
-981.998	0.000
-980.998	0.000
-979.998	0.000
-978.998	0.000
-977.998	0.000
-976.998	0.000
-975.998	0.000
-974.998	0.000
-973.998	0.000
-972.998	0.000
-971.998	0.000
-970.998	0.000
-969.997	0.000
-968.997	0.000
-967.997	0.000
-966.997	0.000
-965.997	0.000
-964.997	0.000
-963.997	0.000
-962.997	0.000
-961.997	0.000
-960.997	0.000
-959.997	0.000
-958.997	0.000
-957.996	0.000
-956.996	0.000
-955.996	0.000
-954.996	0.000
-953.996	0.000
-952.996	0.000
-951.996	0.000
-950.996	0.000
-949.996	0.000
-948.996	0.000
-947.996	0.000
-946.996	0.000
-945.995	0.000
-944.995	0.000
-943.995	0.000
-942.995	0.000
-941.995	0.000
-940.995	0.000
-939.995	0.000
-938.995	0.000
-937.995	0.000
-936.995	0.000
-935.995	0.000
-934.995	0.000
-933.994	0.000
-932.994	0.000
-931.994	0.000
-930.994	0.000
-929.994	0.000
-928.994	0.000
-927.994	0.000
-926.994	0.000
-925.994	0.000
-924.994	0.000
-923.994	0.000
-922.994	0.000
-921.993	0.000
-920.993	0.000
-919.993	0.000
-918.993	0.000
-917.993	0.000
-916.993	0.000
-915.993	0.000
-914.993	0.000
-913.993	0.000
-912.993	0.000
-911.993	0.000
-910.993	0.000
-909.992	0.000
-908.992	0.000
-907.992	0.000
-906.992	0.000
-905.992	0.000
-904.992	0.000
-903.992	0.000
-902.992	0.000
-901.992	0.000
-900.992	0.000
-899.992	0.000
-898.992	0.000
-897.991	0.000
-896.991	0.000
-895.991	0.000
-894.991	0.000
-893.991	0.000
-892.991	0.000
-891.991	0.000
-890.991	0.000
-889.991	0.000
-888.991	0.000
-887.991	0.000
-886.991	0.000
-885.990	0.000
-884.990	0.000
-883.990	0.000
-882.990	0.000
-881.990	0.000
-880.990	0.000
-879.990	0.000
-878.990	0.000
-877.990	0.000
-876.990	0.000
-875.990	0.000
-874.990	0.000
-873.989	0.000
-872.989	0.000
-871.989	0.000
-870.989	0.000
-869.989	0.000
-868.989	0.000
-867.989	0.000
-866.989	0.000
-865.989	0.000
-864.989	0.000
-863.989	0.000
-862.989	0.000
-861.988	0.000
-860.988	0.000
-859.988	0.000
-858.988	0.000
-857.988	0.000
-856.988	0.000
-855.988	0.000
-854.988	0.000
-853.988	0.000
-852.988	0.000
-851.988	0.000
-850.988	0.000
-849.987	0.000
-848.987	0.000
-847.987	0.000
-846.987	0.000
-845.987	0.000
-844.987	0.000
-843.987	0.000
-842.987	0.000
-841.987	0.000
-840.987	0.000
-839.987	0.000
-838.987	0.000
-837.986	0.000
-836.986	0.000
-835.986	0.000
-834.986	0.000
-833.986	0.000
-832.986	0.000
-831.986	0.000
-830.986	0.000
-829.986	0.000
-828.986	0.000
-827.986	0.000
-826.986	0.000
-825.985	0.000
-824.985	0.000
-823.985	0.000
-822.985	0.000
-821.985	0.000
-820.985	0.000
-819.985	0.000
-818.985	0.000
-817.985	0.000
-816.985	0.000
-815.985	0.000
-814.985	0.000
-813.984	0.000
-812.984	0.000
-811.984	0.000
-810.984	0.000
-809.984	0.000
-808.984	0.000
-807.984	0.000
-806.984	0.000
-805.984	0.000
-804.984	0.000
-803.984	0.000
-802.984	0.000
-801.983	0.000
-800.983	0.000
-799.983	0.000
-798.983	0.000
-797.983	0.000
-796.983	0.000
-795.983	0.000
-794.983	0.000
-793.983	0.000
-792.983	0.000
-791.983	0.000
-790.983	0.000
-789.982	0.000
-788.982	0.000
-787.982	0.000
-786.982	0.000
-785.982	0.000
-784.982	0.000
-783.982	0.000
-782.982	0.000
-781.982	0.000
-780.982	0.000
-779.982	0.000
-778.982	0.000
-777.981	0.000
-776.981	0.000
-775.981	0.000
-774.981	0.000
-773.981	0.000
-772.981	0.000
-771.981	0.000
-770.981	0.000
-769.981	0.000
-768.981	0.000
-767.981	0.000
-766.981	0.000
-765.980	0.000
-764.980	0.000
-763.980	0.000
-762.980	0.000
-761.980	0.000
-760.980	0.000
-759.980	0.000
-758.980	0.000
-757.980	0.000
-756.980	0.000
-755.980	0.000
-754.980	0.000
-753.979	0.000
-752.979	0.000
-751.979	0.000
-750.979	0.000
-749.979	0.000
-748.979	0.000
-747.979	0.000
-746.979	0.000
-745.979	0.000
-744.979	0.000
-743.979	0.000
-742.979	0.000
-741.978	0.000
-740.978	0.000
-739.978	0.000
-738.978	0.000
-737.978	0.000
-736.978	0.000
-735.978	0.000
-734.978	0.000
-733.978	0.000
-732.978	0.000
-731.978	0.000
-730.978	0.000
-729.977	0.000
-728.977	0.000
-727.977	0.000
-726.977	0.000
-725.977	0.000
-724.977	0.000
-723.977	0.000
-722.977	0.000
-721.977	0.000
-720.977	0.000
-719.977	0.000
-718.977	0.000
-717.976	0.000
-716.976	0.000
-715.976	0.000
-714.976	0.000
-713.976	0.000
-712.976	0.000
-711.976	0.000
-710.976	0.000
-709.976	0.000
-708.976	0.000
-707.976	0.000
-706.976	0.000
-705.975	0.000
-704.975	0.000
-703.975	0.000
-702.975	0.000
-701.975	0.000
-700.975	0.000
-699.975	0.000
-698.975	0.000
-697.975	0.000
-696.975	0.000
-695.975	0.000
-694.975	0.000
-693.974	0.000
-692.974	0.000
-691.974	0.000
-690.974	0.000
-689.974	0.000
-688.974	0.000
-687.974	0.000
-686.974	0.000
-685.974	0.000
-684.974	0.000
-683.974	0.000
-682.974	0.000
-681.973	0.000
-680.973	0.000
-679.973	0.000
-678.973	0.000
-677.973	0.000
-676.973	0.000
-675.973	0.000
-674.973	0.000
-673.973	0.000
-672.973	0.000
-671.973	0.000
-670.973	0.000
-669.972	0.000
-668.972	0.000
-667.972	0.000
-666.972	0.000
-665.972	0.000
-664.972	0.000
-663.972	0.000
-662.972	0.000
-661.972	0.000
-660.972	0.000
-659.972	0.000
-658.972	0.000
-657.971	0.000
-656.971	0.000
-655.971	0.000
-654.971	0.000
-653.971	0.000
-652.971	0.000
-651.971	0.000
-650.971	0.000
-649.971	0.000
-648.971	0.000
-647.971	0.000
-646.971	0.000
-645.970	0.000
-644.970	0.000
-643.970	0.000
-642.970	0.000
-641.970	0.000
-640.970	0.000
-639.970	0.000
-638.970	0.000
-637.970	0.000
-636.970	0.000
-635.970	0.000
-634.970	0.000
-633.969	0.000
-632.969	0.000
-631.969	0.000
-630.969	0.000
-629.969	0.000
-628.969	0.000
-627.969	0.000
-626.969	0.000
-625.969	0.000
-624.969	0.000
-623.969	0.000
-622.969	0.000
-621.968	0.000
-620.968	0.000
-619.968	0.000
-618.968	0.000
-617.968	0.000
-616.968	0.000
-615.968	0.000
-614.968	0.000
-613.968	0.000
-612.968	0.000
-611.968	0.000
-610.968	0.000
-609.967	0.000
-608.967	0.000
-607.967	0.000
-606.967	0.000
-605.967	0.000
-604.967	0.000
-603.967	0.000
-602.967	0.000
-601.967	0.000
-600.967	0.000
-599.967	0.000
-598.967	0.000
-597.966	0.000
-596.966	0.000
-595.966	0.000
-594.966	0.000
-593.966	0.000
-592.966	0.000
-591.966	0.000
-590.966	0.000
-589.966	0.000
-588.966	0.000
-587.966	0.000
-586.966	0.000
-585.965	0.000
-584.965	0.000
-583.965	0.000
-582.965	0.000
-581.965	0.000
-580.965	0.000
-579.965	0.000
-578.965	0.000
-577.965	0.000
-576.965	0.000
-575.965	0.000
-574.965	0.000
-573.964	0.000
-572.964	0.000
-571.964	0.000
-570.964	0.000
-569.964	0.000
-568.964	0.000
-567.964	0.000
-566.964	0.000
-565.964	0.000
-564.964	0.000
-563.964	0.000
-562.964	0.000
-561.963	0.000
-560.963	0.000
-559.963	0.000
-558.963	0.000
-557.963	0.000
-556.963	0.000
-555.963	0.000
-554.963	0.000
-553.963	0.000
-552.963	0.000
-551.963	0.000
-550.963	0.000
-549.962	0.000
-548.962	0.000
-547.962	0.000
-546.962	0.000
-545.962	0.000
-544.962	0.000
-543.962	0.000
-542.962	0.000
-541.962	0.000
-540.962	0.000
-539.962	0.000
-538.962	0.000
-537.961	0.000
-536.961	0.000
-535.961	0.000
-534.961	0.000
-533.961	0.000
-532.961	0.000
-531.961	0.000
-530.961	0.000
-529.961	0.000
-528.961	0.000
-527.961	0.000
-526.961	0.000
-525.960	0.000
-524.960	0.000
-523.960	0.000
-522.960	0.000
-521.960	0.000
-520.960	0.000
-519.960	0.000
-518.960	0.000
-517.960	0.000
-516.960	0.000
-515.960	0.000
-514.960	0.000
-513.959	0.000
-512.959	0.000
-511.959	0.000
-510.959	0.000
-509.959	0.000
-508.959	0.000
-507.959	0.000
-506.959	0.000
-505.959	0.000
-504.959	0.000
-503.959	0.000
-502.959	0.000
-501.958	0.000
-500.958	0.000
-499.958	0.000
-498.958	0.000
-497.958	0.000
-496.958	0.000
-495.958	0.000
-494.958	0.000
-493.958	0.000
-492.958	0.000
-491.958	0.000
-490.958	0.000
-489.957	0.000
-488.957	0.000
-487.957	0.000
-486.957	0.000
-485.957	0.000
-484.957	0.000
-483.957	0.000
-482.957	0.000
-481.957	0.000
-480.957	0.000
-479.957	0.000
-478.957	0.000
-477.956	0.000
-476.956	0.000
-475.956	0.000
-474.956	0.000
-473.956	0.000
-472.956	0.000
-471.956	0.000
-470.956	0.000
-469.956	0.000
-468.956	0.000
-467.956	0.000
-466.956	0.000
-465.955	0.000
-464.955	0.000
-463.955	0.000
-462.955	0.000
-461.955	0.000
-460.955	0.000
-459.955	0.000
-458.955	0.000
-457.955	0.000
-456.955	0.000
-455.955	0.000
-454.955	0.000
-453.954	0.000
-452.954	0.000
-451.954	0.000
-450.954	0.000
-449.954	0.000
-448.954	0.000
-447.954	0.000
-446.954	0.000
-445.954	0.000
-444.954	0.000
-443.954	0.000
-442.954	0.000
-441.953	0.000
-440.953	0.000
-439.953	0.000
-438.953	0.000
-437.953	0.000
-436.953	0.000
-435.953	0.000
-434.953	0.000
-433.953	0.000
-432.953	0.000
-431.953	0.000
-430.953	0.000
-429.952	0.000
-428.952	0.000
-427.952	0.000
-426.952	0.000
-425.952	0.000
-424.952	0.000
-423.952	0.000
-422.952	0.000
-421.952	0.000
-420.952	0.000
-419.952	0.000
-418.952	0.000
-417.951	0.000
-416.951	0.000
-415.951	0.000
-414.951	0.000
-413.951	0.000
-412.951	0.000
-411.951	0.000
-410.951	0.000
-409.951	0.000
-408.951	0.000
-407.951	0.000
-406.951	0.000
-405.950	0.000
-404.950	0.000
-403.950	0.000
-402.950	0.000
-401.950	0.000
-400.950	0.000
-399.950	0.000
-398.950	0.000
-397.950	0.000
-396.950	0.000
-395.950	0.000
-394.950	0.000
-393.949	0.000
-392.949	0.000
-391.949	0.000
-390.949	0.000
-389.949	0.000
-388.949	0.000
-387.949	0.000
-386.949	0.000
-385.949	0.000
-384.949	0.000
-383.949	0.000
-382.949	0.000
-381.948	0.000
-380.948	0.000
-379.948	0.000
-378.948	0.000
-377.948	0.000
-376.948	0.000
-375.948	0.000
-374.948	0.000
-373.948	0.000
-372.948	0.000
-371.948	0.000
-370.948	0.000
-369.947	0.000
-368.947	0.000
-367.947	0.000
-366.947	0.000
-365.947	0.000
-364.947	0.000
-363.947	0.000
-362.947	0.000
-361.947	0.000
-360.947	0.000
-359.947	0.000
-358.947	0.000
-357.946	0.000
-356.946	0.000
-355.946	0.000
-354.946	0.000
-353.946	0.000
-352.946	0.000
-351.946	0.000
-350.946	0.000
-349.946	0.000
-348.946	0.000
-347.946	0.000
-346.946	0.000
-345.945	0.000
-344.945	0.000
-343.945	0.000
-342.945	0.000
-341.945	0.000
-340.945	0.000
-339.945	0.000
-338.945	0.000
-337.945	0.000
-336.945	0.000
-335.945	0.000
-334.945	0.000
-333.944	0.000
-332.944	0.000
-331.944	0.000
-330.944	0.000
-329.944	0.000
-328.944	0.000
-327.944	0.000
-326.944	0.000
-325.944	0.000
-324.944	0.000
-323.944	0.000
-322.944	0.000
-321.943	0.000
-320.943	0.000
-319.943	0.000
-318.943	0.000
-317.943	0.000
-316.943	0.000
-315.943	0.000
-314.943	0.000
-313.943	0.000
-312.943	0.000
-311.943	0.000
-310.943	0.000
-309.942	0.000
-308.942	0.000
-307.942	0.000
-306.942	0.000
-305.942	0.000
-304.942	0.000
-303.942	0.000
-302.942	0.000
-301.942	0.000
-300.942	0.000
-299.942	0.000
-298.942	0.000
-297.941	0.000
-296.941	0.000
-295.941	0.000
-294.941	0.000
-293.941	0.000
-292.941	0.000
-291.941	0.000
-290.941	0.000
-289.941	0.000
-288.941	0.000
-287.941	0.000
-286.941	0.000
-285.940	0.000
-284.940	0.000
-283.940	0.000
-282.940	0.000
-281.940	0.000
-280.940	0.000
-279.940	0.000
-278.940	0.000
-277.940	0.000
-276.940	0.000
-275.940	0.000
-274.940	0.000
-273.939	0.000
-272.939	0.000
-271.939	0.000
-270.939	0.000
-269.939	0.000
-268.939	0.000
-267.939	0.000
-266.939	0.000
-265.939	0.000
-264.939	0.000
-263.939	0.000
-262.939	0.000
-261.938	0.000
-260.938	0.000
-259.938	0.000
-258.938	0.000
-257.938	0.000
-256.938	0.000
-255.938	0.000
-254.938	0.000
-253.938	0.000
-252.938	0.000
-251.938	0.000
-250.938	0.000
-249.937	0.000
-248.937	0.000
-247.937	0.000
-246.937	0.000
-245.937	0.000
-244.937	0.000
-243.937	0.000
-242.937	0.000
-241.937	0.000
-240.937	0.000
-239.937	0.000
-238.937	0.000
-237.936	0.000
-236.936	0.000
-235.936	0.000
-234.936	0.000
-233.936	0.000
-232.936	0.000
-231.936	0.000
-230.936	0.000
-229.936	0.000
-228.936	0.000
-227.936	0.000
-226.936	0.000
-225.935	0.000
-224.935	0.000
-223.935	0.000
-222.935	0.000
-221.935	0.000
-220.935	0.000
-219.935	0.000
-218.935	0.000
-217.935	0.000
-216.935	0.000
-215.935	0.000
-214.935	0.000
-213.934	0.000
-212.934	0.000
-211.934	0.000
-210.934	0.000
-209.934	0.000
-208.934	0.000
-207.934	0.000
-206.934	0.000
-205.934	0.000
-204.934	0.000
-203.934	0.000
-202.934	0.000
-201.933	0.000
-200.933	0.000
-199.933	0.000
-198.933	0.000
-197.933	0.000
-196.933	0.000
-195.933	0.000
-194.933	0.000
-193.933	0.000
-192.933	0.000
-191.933	0.000
-190.933	0.000
-189.932	0.000
-188.932	0.000
-187.932	0.000
-186.932	0.000
-185.932	0.000
-184.932	0.000
-183.932	0.000
-182.932	0.000
-181.932	0.000
-180.932	1.000
-179.932	0.000
-178.932	0.000
-177.931	0.000
-176.931	0.000
-175.931	0.000
-174.931	0.000
-173.931	1.000
-172.931	0.000
-171.931	0.000
-170.931	0.000
-169.931	2.000
-168.931	0.000
-167.931	0.000
-166.931	0.000
-165.930	0.000
-164.930	1.000
-163.930	0.000
-162.930	0.000
-161.930	0.000
-160.930	0.000
-159.930	0.000
-158.930	0.000
-157.930	0.000
-156.930	0.000
-155.930	1.000
-154.930	0.000
-153.929	1.000
-152.929	0.000
-151.929	0.000
-150.929	0.000
-149.929	0.000
-148.929	1.000
-147.929	0.000
-146.929	0.000
-145.929	1.000
-144.929	1.000
-143.929	1.000
-142.929	3.000
-141.928	0.000
-140.928	0.000
-139.928	0.000
-138.928	1.000
-137.928	1.000
-136.928	1.000
-135.928	3.000
-134.928	4.000
-133.928	1.000
-132.928	1.000
-131.928	2.000
-130.928	2.000
-129.927	4.000
-128.927	3.000
-127.927	4.000
-126.927	5.000
-125.927	0.000
-124.927	5.000
-123.927	2.000
-122.927	0.000
-121.927	3.000
-120.927	9.000
-119.927	9.000
-118.927	7.000
-117.926	6.000
-116.926	10.000
-115.926	8.000
-114.926	9.000
-113.926	7.000
-112.926	15.000
-111.926	6.000
-110.926	12.000
-109.926	8.000
-108.926	14.000
-107.926	17.000
-106.926	8.000
-105.925	17.000
-104.925	10.000
-103.925	15.000
-102.925	17.000
-101.925	19.000
-100.925	21.000
-99.925	20.000
-98.925	19.000
-97.925	14.000
-96.925	26.000
-95.925	25.000
-94.925	33.000
-93.924	31.000
-92.924	38.000
-91.924	27.000
-90.924	32.000
-89.924	31.000
-88.924	43.000
-87.924	48.000
-86.924	38.000
-85.924	41.000
-84.924	47.000
-83.924	30.000
-82.924	38.000
-81.923	40.000
-80.923	63.000
-79.923	54.000
-78.923	54.000
-77.923	48.000
-76.923	61.000
-75.923	56.000
-74.923	55.000
-73.923	79.000
-72.923	68.000
-71.923	81.000
-70.923	65.000
-69.922	99.000
-68.922	85.000
-67.922	84.000
-66.922	85.000
-65.922	81.000
-64.922	75.000
-63.922	93.000
-62.922	116.000
-61.922	101.000
-60.922	96.000
-59.922	99.000
-58.922	105.000
-57.921	130.000
-56.921	123.000
-55.921	128.000
-54.921	116.000
-53.921	119.000
-52.921	127.000
-51.921	158.000
-50.921	121.000
-49.921	134.000
-48.921	147.000
-47.921	163.000
-46.921	149.000
-45.920	163.000
-44.920	173.000
-43.920	182.000
-42.920	185.000
-41.920	170.000
-40.920	189.000
-39.920	188.000
-38.920	194.000
-37.920	204.000
-36.920	208.000
-35.920	203.000
-34.920	223.000
-33.919	207.000
-32.919	196.000
-31.919	206.000
-30.919	237.000
-29.919	212.000
-28.919	249.000
-27.919	237.000
-26.919	249.000
-25.919	247.000
-24.919	246.000
-23.919	262.000
-22.919	255.000
-21.918	243.000
-20.918	249.000
-19.918	250.000
-18.918	266.000
-17.918	273.000
-16.918	276.000
-15.918	285.000
-14.918	269.000
-13.918	285.000
-12.918	272.000
-11.918	275.000
-10.918	258.000
-9.917	280.000
-8.917	296.000
-7.917	277.000
-6.917	269.000
-5.917	295.000
-4.917	289.000
-3.917	254.000
-2.917	276.000
-1.917	252.000
-0.917	286.000
0.083	260.000
1.083	278.000
2.084	310.000
3.084	301.000
4.084	286.000
5.084	296.000
6.084	287.000
7.084	276.000
8.084	292.000
9.084	268.000
10.084	278.000
11.084	264.000
12.084	264.000
13.084	243.000
14.085	252.000
15.085	257.000
16.085	256.000
17.085	239.000
18.085	265.000
19.085	269.000
20.085	258.000
21.085	262.000
22.085	259.000
23.085	238.000
24.085	245.000
25.085	231.000
26.086	231.000
27.086	224.000
28.086	246.000
29.086	206.000
30.086	227.000
31.086	202.000
32.086	226.000
33.086	207.000
34.086	197.000
35.086	208.000
36.086	217.000
37.086	196.000
38.087	185.000
39.087	173.000
40.087	202.000
41.087	169.000
42.087	182.000
43.087	179.000
44.087	168.000
45.087	169.000
46.087	144.000
47.087	145.000
48.087	153.000
49.087	161.000
50.088	135.000
51.088	141.000
52.088	145.000
53.088	116.000
54.088	132.000
55.088	125.000
56.088	124.000
57.088	130.000
58.088	105.000
59.088	106.000
60.088	112.000
61.088	101.000
62.089	82.000
63.089	104.000
64.089	82.000
65.089	86.000
66.089	87.000
67.089	78.000
68.089	87.000
69.089	84.000
70.089	84.000
71.089	83.000
72.089	80.000
73.089	70.000
74.090	63.000
75.090	71.000
76.090	65.000
77.090	66.000
78.090	55.000
79.090	34.000
80.090	51.000
81.090	67.000
82.090	48.000
83.090	37.000
84.090	57.000
85.090	29.000
86.091	33.000
87.091	45.000
88.091	39.000
89.091	36.000
90.091	36.000
91.091	43.000
92.091	28.000
93.091	35.000
94.091	25.000
95.091	32.000
96.091	25.000
97.091	39.000
98.092	31.000
99.092	25.000
100.092	18.000
101.092	20.000
102.092	12.000
103.092	16.000
104.092	14.000
105.092	18.000
106.092	17.000
107.092	14.000
108.092	8.000
109.092	16.000
110.093	9.000
111.093	6.000
112.093	16.000
113.093	8.000
114.093	14.000
115.093	11.000
116.093	9.000
117.093	6.000
118.093	12.000
119.093	8.000
120.093	5.000
121.093	11.000
122.094	9.000
123.094	3.000
124.094	12.000
125.094	7.000
126.094	7.000
127.094	3.000
128.094	4.000
129.094	5.000
130.094	5.000
131.094	5.000
132.094	2.000
133.094	7.000
134.095	3.000
135.095	5.000
136.095	2.000
137.095	3.000
138.095	3.000
139.095	4.000
140.095	2.000
141.095	2.000
142.095	2.000
143.095	3.000
144.095	3.000
145.095	0.000
146.096	1.000
147.096	0.000
148.096	2.000
149.096	0.000
150.096	3.000
151.096	2.000
152.096	0.000
153.096	0.000
154.096	2.000
155.096	2.000
156.096	1.000
157.096	0.000
158.097	0.000
159.097	2.000
160.097	2.000
161.097	1.000
162.097	0.000
163.097	1.000
164.097	2.000
165.097	2.000
166.097	0.000
167.097	1.000
168.097	3.000
169.097	4.000
170.098	2.000
171.098	1.000
172.098	1.000
173.098	2.000
174.098	1.000
175.098	0.000
176.098	0.000
177.098	1.000
178.098	1.000
179.098	1.000
180.098	0.000
181.098	0.000
182.099	0.000
183.099	1.000
184.099	2.000
185.099	2.000
186.099	1.000
187.099	0.000
188.099	1.000
189.099	0.000
190.099	0.000
191.099	0.000
192.099	1.000
193.099	0.000
194.100	2.000
195.100	0.000
196.100	0.000
197.100	1.000
198.100	1.000
199.100	0.000
200.100	0.000
201.100	0.000
202.100	0.000
203.100	0.000
204.100	1.000
205.100	0.000
206.101	1.000
207.101	1.000
208.101	0.000
209.101	1.000
210.101	0.000
211.101	1.000
212.101	1.000
213.101	0.000
214.101	1.000
215.101	1.000
216.101	1.000
217.101	1.000
218.102	1.000
219.102	0.000
220.102	0.000
221.102	1.000
222.102	0.000
223.102	0.000
224.102	1.000
225.102	1.000
226.102	0.000
227.102	0.000
228.102	0.000
229.102	0.000
230.103	0.000
231.103	1.000
232.103	0.000
233.103	1.000
234.103	0.000
235.103	1.000
236.103	2.000
237.103	0.000
238.103	0.000
239.103	0.000
240.103	1.000
241.103	0.000
242.104	0.000
243.104	1.000
244.104	0.000
245.104	0.000
246.104	1.000
247.104	1.000
248.104	1.000
249.104	0.000
250.104	1.000
251.104	0.000
252.104	2.000
253.104	0.000
254.105	0.000
255.105	1.000
256.105	1.000
257.105	0.000
258.105	1.000
259.105	1.000
260.105	0.000
261.105	0.000
262.105	0.000
263.105	0.000
264.105	1.000
265.105	1.000
266.106	1.000
267.106	0.000
268.106	0.000
269.106	1.000
270.106	3.000
271.106	0.000
272.106	0.000
273.106	1.000
274.106	2.000
275.106	1.000
276.106	0.000
277.106	0.000
278.107	1.000
279.107	1.000
280.107	0.000
281.107	2.000
282.107	0.000
283.107	2.000
284.107	0.000
285.107	2.000
286.107	0.000
287.107	2.000
288.107	0.000
289.107	1.000
290.108	2.000
291.108	0.000
292.108	1.000
293.108	0.000
294.108	1.000
295.108	1.000
296.108	0.000
297.108	0.000
298.108	1.000
299.108	0.000
300.108	0.000
301.108	0.000
302.109	1.000
303.109	1.000
304.109	1.000
305.109	2.000
306.109	0.000
307.109	1.000
308.109	1.000
309.109	0.000
310.109	1.000
311.109	2.000
312.109	1.000
313.109	0.000
314.110	0.000
315.110	0.000
316.110	1.000
317.110	2.000
318.110	1.000
319.110	0.000
320.110	0.000
321.110	4.000
322.110	0.000
323.110	0.000
324.110	2.000
325.110	0.000
326.111	1.000
327.111	1.000
328.111	1.000
329.111	0.000
330.111	0.000
331.111	0.000
332.111	0.000
333.111	1.000
334.111	1.000
335.111	0.000
336.111	0.000
337.111	1.000
338.112	0.000
339.112	2.000
340.112	1.000
341.112	0.000
342.112	0.000
343.112	3.000
344.112	0.000
345.112	1.000
346.112	2.000
347.112	0.000
348.112	0.000
349.112	1.000
350.113	2.000
351.113	1.000
352.113	0.000
353.113	0.000
354.113	1.000
355.113	0.000
356.113	0.000
357.113	0.000
358.113	2.000
359.113	1.000
360.113	1.000
361.113	0.000
362.114	0.000
363.114	1.000
364.114	0.000
365.114	0.000
366.114	1.000
367.114	1.000
368.114	0.000
369.114	0.000
370.114	0.000
371.114	1.000
372.114	1.000
373.114	1.000
374.115	1.000
375.115	0.000
376.115	0.000
377.115	0.000
378.115	0.000
379.115	0.000
380.115	0.000
381.115	2.000
382.115	0.000
383.115	0.000
384.115	2.000
385.115	0.000
386.116	1.000
387.116	0.000
388.116	0.000
389.116	0.000
390.116	3.000
391.116	1.000
392.116	0.000
393.116	0.000
394.116	2.000
395.116	1.000
396.116	0.000
397.116	0.000
398.117	0.000
399.117	0.000
400.117	0.000
401.117	0.000
402.117	0.000
403.117	0.000
404.117	0.000
405.117	1.000
406.117	1.000
407.117	0.000
408.117	1.000
409.117	0.000
410.118	1.000
411.118	0.000
412.118	1.000
413.118	1.000
414.118	0.000
415.118	1.000
416.118	0.000
417.118	1.000
418.118	0.000
419.118	0.000
420.118	0.000
421.118	1.000
422.119	1.000
423.119	0.000
424.119	0.000
425.119	0.000
426.119	0.000
427.119	1.000
428.119	0.000
429.119	0.000
430.119	1.000
431.119	1.000
432.119	0.000
433.119	1.000
434.120	0.000
435.120	0.000
436.120	1.000
437.120	0.000
438.120	3.000
439.120	0.000
440.120	0.000
441.120	1.000
442.120	0.000
443.120	0.000
444.120	1.000
445.120	0.000
446.121	0.000
447.121	0.000
448.121	0.000
449.121	0.000
450.121	1.000
451.121	1.000
452.121	0.000
453.121	0.000
454.121	0.000
455.121	2.000
456.121	2.000
457.121	0.000
458.122	0.000
459.122	0.000
460.122	2.000
461.122	3.000
462.122	0.000
463.122	0.000
464.122	1.000
465.122	1.000
466.122	1.000
467.122	0.000
468.122	1.000
469.122	0.000
470.123	0.000
471.123	0.000
472.123	0.000
473.123	1.000
474.123	0.000
475.123	0.000
476.123	2.000
477.123	0.000
478.123	0.000
479.123	4.000
480.123	0.000
481.123	1.000
482.124	1.000
483.124	0.000
484.124	4.000
485.124	0.000
486.124	0.000
487.124	1.000
488.124	1.000
489.124	0.000
490.124	2.000
491.124	0.000
492.124	0.000
493.124	1.000
494.125	0.000
495.125	2.000
496.125	2.000
497.125	0.000
498.125	1.000
499.125	0.000
500.125	3.000
501.125	3.000
502.125	0.000
503.125	0.000
504.125	1.000
505.125	0.000
506.126	2.000
507.126	0.000
508.126	0.000
509.126	0.000
510.126	1.000
511.126	0.000
512.126	1.000
513.126	0.000
514.126	0.000
515.126	0.000
516.126	1.000
517.126	1.000
518.127	0.000
519.127	0.000
520.127	2.000
521.127	0.000
522.127	1.000
523.127	2.000
524.127	0.000
525.127	1.000
526.127	0.000
527.127	1.000
528.127	1.000
529.127	0.000
530.128	1.000
531.128	0.000
532.128	0.000
533.128	1.000
534.128	2.000
535.128	0.000
536.128	2.000
537.128	1.000
538.128	0.000
539.128	0.000
540.128	0.000
541.128	0.000
542.129	1.000
543.129	2.000
544.129	1.000
545.129	2.000
546.129	0.000
547.129	0.000
548.129	0.000
549.129	0.000
550.129	0.000
551.129	1.000
552.129	0.000
553.129	1.000
554.130	0.000
555.130	1.000
556.130	1.000
557.130	1.000
558.130	2.000
559.130	0.000
560.130	1.000
561.130	2.000
562.130	3.000
563.130	0.000
564.130	0.000
565.130	0.000
566.131	0.000
567.131	1.000
568.131	1.000
569.131	0.000
570.131	0.000
571.131	0.000
572.131	1.000
573.131	1.000
574.131	0.000
575.131	0.000
576.131	0.000
577.131	0.000
578.132	2.000
579.132	0.000
580.132	0.000
581.132	1.000
582.132	0.000
583.132	1.000
584.132	0.000
585.132	0.000
586.132	1.000
587.132	0.000
588.132	0.000
589.132	0.000
590.133	1.000
591.133	2.000
592.133	1.000
593.133	2.000
594.133	0.000
595.133	0.000
596.133	0.000
597.133	1.000
598.133	0.000
599.133	1.000
600.133	0.000
601.133	2.000
602.134	0.000
603.134	0.000
604.134	0.000
605.134	1.000
606.134	0.000
607.134	0.000
608.134	0.000
609.134	0.000
610.134	0.000
611.134	0.000
612.134	2.000
613.134	3.000
614.135	0.000
615.135	1.000
616.135	0.000
617.135	0.000
618.135	2.000
619.135	0.000
620.135	1.000
621.135	0.000
622.135	1.000
623.135	2.000
624.135	0.000
625.135	1.000
626.136	0.000
627.136	1.000
628.136	1.000
629.136	0.000
630.136	0.000
631.136	0.000
632.136	1.000
633.136	1.000
634.136	0.000
635.136	2.000
636.136	0.000
637.136	3.000
638.137	0.000
639.137	1.000
640.137	1.000
641.137	2.000
642.137	2.000
643.137	1.000
644.137	0.000
645.137	0.000
646.137	0.000
647.137	1.000
648.137	1.000
649.137	0.000
650.138	0.000
651.138	1.000
652.138	0.000
653.138	0.000
654.138	1.000
655.138	1.000
656.138	1.000
657.138	0.000
658.138	0.000
659.138	0.000
660.138	0.000
661.138	1.000
662.139	1.000
663.139	1.000
664.139	0.000
665.139	0.000
666.139	0.000
667.139	1.000
668.139	1.000
669.139	0.000
670.139	0.000
671.139	0.000
672.139	1.000
673.139	0.000
674.140	2.000
675.140	1.000
676.140	2.000
677.140	0.000
678.140	2.000
679.140	1.000
680.140	0.000
681.140	2.000
682.140	0.000
683.140	1.000
684.140	0.000
685.140	1.000
686.141	0.000
687.141	0.000
688.141	0.000
689.141	0.000
690.141	0.000
691.141	1.000
692.141	0.000
693.141	0.000
694.141	0.000
695.141	0.000
696.141	1.000
697.141	0.000
698.142	1.000
699.142	2.000
700.142	1.000
701.142	1.000
702.142	1.000
703.142	1.000
704.142	1.000
705.142	2.000
706.142	0.000
707.142	2.000
708.142	1.000
709.142	0.000
710.143	1.000
711.143	0.000
712.143	1.000
713.143	1.000
714.143	0.000
715.143	0.000
716.143	0.000
717.143	1.000
718.143	1.000
719.143	2.000
720.143	1.000
721.143	2.000
722.144	0.000
723.144	0.000
724.144	0.000
725.144	0.000
726.144	0.000
727.144	0.000
728.144	1.000
729.144	0.000
730.144	0.000
731.144	1.000
732.144	0.000
733.144	2.000
734.145	1.000
735.145	0.000
736.145	0.000
737.145	0.000
738.145	0.000
739.145	2.000
740.145	1.000
741.145	3.000
742.145	1.000
743.145	0.000
744.145	0.000
745.145	2.000
746.146	0.000
747.146	0.000
748.146	0.000
749.146	2.000
750.146	0.000
751.146	1.000
752.146	0.000
753.146	0.000
754.146	0.000
755.146	1.000
756.146	0.000
757.146	1.000
758.147	2.000
759.147	2.000
760.147	1.000
761.147	0.000
762.147	1.000
763.147	3.000
764.147	1.000
765.147	2.000
766.147	3.000
767.147	1.000
768.147	1.000
769.147	4.000
770.148	1.000
771.148	0.000
772.148	0.000
773.148	2.000
774.148	0.000
775.148	1.000
776.148	0.000
777.148	2.000
778.148	0.000
779.148	1.000
780.148	0.000
781.148	2.000
782.149	0.000
783.149	0.000
784.149	1.000
785.149	0.000
786.149	1.000
787.149	1.000
788.149	2.000
789.149	0.000
790.149	1.000
791.149	3.000
792.149	3.000
793.149	1.000
794.150	1.000
795.150	2.000
796.150	0.000
797.150	0.000
798.150	2.000
799.150	1.000
800.150	0.000
801.150	1.000
802.150	1.000
803.150	1.000
804.150	1.000
805.150	1.000
806.151	1.000
807.151	1.000
808.151	1.000
809.151	0.000
810.151	2.000
811.151	0.000
812.151	0.000
813.151	0.000
814.151	0.000
815.151	0.000
816.151	2.000
817.151	2.000
818.152	1.000
819.152	0.000
820.152	0.000
821.152	1.000
822.152	0.000
823.152	0.000
824.152	0.000
825.152	0.000
826.152	1.000
827.152	1.000
828.152	0.000
829.152	1.000
830.153	0.000
831.153	0.000
832.153	0.000
833.153	1.000
834.153	0.000
835.153	1.000
836.153	2.000
837.153	0.000
838.153	0.000
839.153	1.000
840.153	0.000
841.153	1.000
842.154	3.000
843.154	0.000
844.154	1.000
845.154	1.000
846.154	1.000
847.154	0.000
848.154	1.000
849.154	1.000
850.154	0.000
851.154	1.000
852.154	0.000
853.154	0.000
854.155	2.000
855.155	0.000
856.155	1.000
857.155	1.000
858.155	0.000
859.155	2.000
860.155	1.000
861.155	0.000
862.155	0.000
863.155	2.000
864.155	0.000
865.155	0.000
866.156	2.000
867.156	0.000
868.156	0.000
869.156	2.000
870.156	0.000
871.156	1.000
872.156	3.000
873.156	0.000
874.156	0.000
875.156	0.000
876.156	0.000
877.156	2.000
878.157	0.000
879.157	1.000
880.157	1.000
881.157	1.000
882.157	0.000
883.157	0.000
884.157	0.000
885.157	0.000
886.157	0.000
887.157	1.000
888.157	2.000
889.157	0.000
890.158	0.000
891.158	0.000
892.158	0.000
893.158	0.000
894.158	0.000
895.158	0.000
896.158	0.000
897.158	0.000
898.158	0.000
899.158	0.000
900.158	1.000
901.158	0.000
902.159	0.000
903.159	0.000
904.159	2.000
905.159	0.000
906.159	0.000
907.159	2.000
908.159	2.000
909.159	1.000
910.159	1.000
911.159	1.000
912.159	2.000
913.159	1.000
914.160	2.000
915.160	0.000
916.160	3.000
917.160	2.000
918.160	1.000
919.160	0.000
920.160	1.000
921.160	0.000
922.160	0.000
923.160	3.000
924.160	0.000
925.160	0.000
926.161	0.000
927.161	1.000
928.161	1.000
929.161	1.000
930.161	0.000
931.161	0.000
932.161	0.000
933.161	0.000
934.161	0.000
935.161	2.000
936.161	0.000
937.161	1.000
938.162	1.000
939.162	2.000
940.162	2.000
941.162	1.000
942.162	1.000
943.162	0.000
944.162	0.000
945.162	1.000
946.162	0.000
947.162	1.000
948.162	1.000
949.162	1.000
950.163	1.000
951.163	2.000
952.163	0.000
953.163	0.000
954.163	0.000
955.163	1.000
956.163	0.000
957.163	0.000
958.163	1.000
959.163	0.000
960.163	1.000
961.163	2.000
962.164	0.000
963.164	0.000
964.164	0.000
965.164	1.000
966.164	0.000
967.164	0.000
968.164	1.000
969.164	0.000
970.164	2.000
971.164	1.000
972.164	3.000
973.164	0.000
974.165	1.000
975.165	0.000
976.165	0.000
977.165	1.000
978.165	1.000
979.165	0.000
980.165	2.000
981.165	0.000
982.165	2.000
983.165	1.000
984.165	2.000
985.165	0.000
986.166	2.000
987.166	2.000
988.166	1.000
989.166	1.000
990.166	2.000
991.166	1.000
992.166	1.000
993.166	0.000
994.166	0.000
995.166	0.000
996.166	2.000
997.166	1.000
998.167	1.000
999.167	0.000
1000.167	0.000
1001.167	1.000
1002.167	1.000
1003.167	0.000
1004.167	2.000
1005.167	1.000
1006.167	0.000
1007.167	1.000
1008.167	1.000
1009.167	0.000
1010.168	2.000
1011.168	0.000
1012.168	0.000
1013.168	1.000
1014.168	2.000
1015.168	0.000
1016.168	0.000
1017.168	2.000
1018.168	1.000
1019.168	0.000
1020.168	1.000
1021.168	2.000
1022.169	1.000
1023.169	2.000
1024.169	2.000
1025.169	0.000
1026.169	1.000
1027.169	1.000
1028.169	1.000
1029.169	1.000
1030.169	2.000
1031.169	1.000
1032.169	2.000
1033.169	2.000
1034.170	1.000
1035.170	2.000
1036.170	2.000
1037.170	0.000
1038.170	0.000
1039.170	2.000
1040.170	1.000
1041.170	2.000
1042.170	1.000
1043.170	3.000
1044.170	0.000
1045.170	1.000
1046.171	1.000
1047.171	0.000
1048.171	0.000
1049.171	1.000
1050.171	0.000
1051.171	0.000
1052.171	1.000
1053.171	1.000
1054.171	0.000
1055.171	0.000
1056.171	2.000
1057.171	3.000
1058.172	0.000
1059.172	2.000
1060.172	1.000
1061.172	2.000
1062.172	0.000
1063.172	3.000
1064.172	1.000
1065.172	2.000
1066.172	7.000
1067.172	1.000
1068.172	2.000
1069.172	1.000
1070.173	1.000
1071.173	0.000
1072.173	2.000
1073.173	1.000
1074.173	1.000
1075.173	0.000
1076.173	2.000
1077.173	4.000
1078.173	0.000
1079.173	2.000
1080.173	2.000
1081.173	3.000
1082.174	1.000
1083.174	1.000
1084.174	0.000
1085.174	3.000
1086.174	3.000
1087.174	2.000
1088.174	1.000
1089.174	0.000
1090.174	1.000
1091.174	4.000
1092.174	0.000
1093.174	1.000
1094.175	2.000
1095.175	1.000
1096.175	4.000
1097.175	1.000
1098.175	0.000
1099.175	0.000
1100.175	2.000
1101.175	3.000
1102.175	2.000
1103.175	3.000
1104.175	0.000
1105.175	1.000
1106.176	0.000
1107.176	0.000
1108.176	0.000
1109.176	1.000
1110.176	3.000
1111.176	2.000
1112.176	2.000
1113.176	4.000
1114.176	1.000
1115.176	2.000
1116.176	0.000
1117.176	3.000
1118.177	1.000
1119.177	3.000
1120.177	2.000
1121.177	2.000
1122.177	2.000
1123.177	3.000
1124.177	1.000
1125.177	1.000
1126.177	0.000
1127.177	0.000
1128.177	0.000
1129.177	3.000
1130.178	1.000
1131.178	1.000
1132.178	4.000
1133.178	1.000
1134.178	2.000
1135.178	1.000
1136.178	1.000
1137.178	1.000
1138.178	0.000
1139.178	0.000
1140.178	2.000
1141.178	0.000
1142.179	1.000
1143.179	1.000
1144.179	2.000
1145.179	2.000
1146.179	0.000
1147.179	2.000
1148.179	1.000
1149.179	1.000
1150.179	1.000
1151.179	0.000
1152.179	2.000
1153.179	1.000
1154.180	1.000
1155.180	1.000
1156.180	1.000
1157.180	2.000
1158.180	1.000
1159.180	0.000
1160.180	1.000
1161.180	1.000
1162.180	0.000
1163.180	2.000
1164.180	0.000
1165.180	3.000
1166.181	1.000
1167.181	1.000
1168.181	4.000
1169.181	1.000
1170.181	2.000
1171.181	3.000
1172.181	0.000
1173.181	2.000
1174.181	5.000
1175.181	2.000
1176.181	3.000
1177.181	4.000
1178.182	2.000
1179.182	2.000
1180.182	1.000
1181.182	3.000
1182.182	3.000
1183.182	0.000
1184.182	2.000
1185.182	1.000
1186.182	0.000
1187.182	3.000
1188.182	1.000
1189.182	0.000
1190.183	3.000
1191.183	1.000
1192.183	3.000
1193.183	0.000
1194.183	1.000
1195.183	0.000
1196.183	1.000
1197.183	0.000
1198.183	2.000
1199.183	1.000
1200.183	1.000
1201.183	2.000
1202.184	1.000
1203.184	1.000
1204.184	0.000
1205.184	2.000
1206.184	1.000
1207.184	1.000
1208.184	5.000
1209.184	1.000
1210.184	2.000
1211.184	1.000
1212.184	1.000
1213.184	1.000
1214.185	0.000
1215.185	1.000
1216.185	1.000
1217.185	3.000
1218.185	4.000
1219.185	2.000
1220.185	3.000
1221.185	1.000
1222.185	2.000
1223.185	2.000
1224.185	0.000
1225.185	2.000
1226.186	1.000
1227.186	0.000
1228.186	2.000
1229.186	1.000
1230.186	0.000
1231.186	0.000
1232.186	3.000
1233.186	2.000
1234.186	0.000
1235.186	1.000
1236.186	4.000
1237.186	2.000
1238.187	1.000
1239.187	2.000
1240.187	1.000
1241.187	0.000
1242.187	2.000
1243.187	1.000
1244.187	1.000
1245.187	4.000
1246.187	2.000
1247.187	4.000
1248.187	2.000
1249.187	7.000
1250.188	1.000
1251.188	1.000
1252.188	2.000
1253.188	0.000
1254.188	6.000
1255.188	2.000
1256.188	1.000
1257.188	2.000
1258.188	2.000
1259.188	6.000
1260.188	4.000
1261.188	3.000
1262.189	1.000
1263.189	4.000
1264.189	3.000
1265.189	4.000
1266.189	4.000
1267.189	6.000
1268.189	8.000
1269.189	8.000
1270.189	5.000
1271.189	7.000
1272.189	10.000
1273.189	3.000
1274.190	2.000
1275.190	4.000
1276.190	9.000
1277.190	1.000
1278.190	11.000
1279.190	10.000
1280.190	11.000
1281.190	8.000
1282.190	7.000
1283.190	12.000
1284.190	9.000
1285.190	10.000
1286.191	12.000
1287.191	15.000
1288.191	12.000
1289.191	12.000
1290.191	9.000
1291.191	10.000
1292.191	6.000
1293.191	15.000
1294.191	10.000
1295.191	15.000
1296.191	13.000
1297.191	14.000
1298.192	22.000
1299.192	15.000
1300.192	21.000
1301.192	24.000
1302.192	23.000
1303.192	18.000
1304.192	18.000
1305.192	14.000
1306.192	15.000
1307.192	35.000
1308.192	23.000
1309.192	19.000
1310.193	23.000
1311.193	25.000
1312.193	19.000
1313.193	24.000
1314.193	26.000
1315.193	26.000
1316.193	25.000
1317.193	27.000
1318.193	33.000
1319.193	35.000
1320.193	34.000
1321.193	49.000
1322.194	40.000
1323.194	36.000
1324.194	43.000
1325.194	49.000
1326.194	49.000
1327.194	42.000
1328.194	46.000
1329.194	52.000
1330.194	60.000
1331.194	51.000
1332.194	51.000
1333.194	54.000
1334.195	61.000
1335.195	63.000
1336.195	65.000
1337.195	61.000
1338.195	59.000
1339.195	77.000
1340.195	68.000
1341.195	78.000
1342.195	70.000
1343.195	80.000
1344.195	74.000
1345.195	90.000
1346.196	96.000
1347.196	91.000
1348.196	94.000
1349.196	106.000
1350.196	116.000
1351.196	109.000
1352.196	102.000
1353.196	93.000
1354.196	112.000
1355.196	116.000
1356.196	95.000
1357.196	116.000
1358.197	128.000
1359.197	112.000
1360.197	121.000
1361.197	121.000
1362.197	141.000
1363.197	131.000
1364.197	151.000
1365.197	156.000
1366.197	149.000
1367.197	162.000
1368.197	184.000
1369.197	162.000
1370.198	177.000
1371.198	172.000
1372.198	200.000
1373.198	210.000
1374.198	200.000
1375.198	200.000
1376.198	202.000
1377.198	246.000
1378.198	221.000
1379.198	251.000
1380.198	219.000
1381.198	252.000
1382.199	253.000
1383.199	254.000
1384.199	234.000
1385.199	286.000
1386.199	271.000
1387.199	260.000
1388.199	280.000
1389.199	287.000
1390.199	293.000
1391.199	297.000
1392.199	294.000
1393.199	331.000
1394.200	337.000
1395.200	307.000
1396.200	329.000
1397.200	341.000
1398.200	334.000
1399.200	350.000
1400.200	388.000
1401.200	363.000
1402.200	418.000
1403.200	416.000
1404.200	441.000
1405.200	412.000
1406.201	416.000
1407.201	432.000
1408.201	459.000
1409.201	466.000
1410.201	443.000
1411.201	491.000
1412.201	428.000
1413.201	451.000
1414.201	521.000
1415.201	551.000
1416.201	536.000
1417.201	556.000
1418.202	533.000
1419.202	530.000
1420.202	612.000
1421.202	589.000
1422.202	537.000
1423.202	606.000
1424.202	633.000
1425.202	649.000
1426.202	654.000
1427.202	628.000
1428.202	675.000
1429.202	644.000
1430.203	658.000
1431.203	693.000
1432.203	767.000
1433.203	695.000
1434.203	757.000
1435.203	825.000
1436.203	710.000
1437.203	796.000
1438.203	773.000
1439.203	776.000
1440.203	752.000
1441.203	815.000
1442.204	814.000
1443.204	809.000
1444.204	853.000
1445.204	826.000
1446.204	839.000
1447.204	873.000
1448.204	861.000
1449.204	956.000
1450.204	905.000
1451.204	944.000
1452.204	947.000
1453.204	931.000
1454.205	965.000
1455.205	997.000
1456.205	1040.000
1457.205	1062.000
1458.205	1056.000
1459.205	1013.000
1460.205	1078.000
1461.205	1129.000
1462.205	1112.000
1463.205	1145.000
1464.205	1090.000
1465.205	1140.000
1466.206	1155.000
1467.206	1209.000
1468.206	1169.000
1469.206	1210.000
1470.206	1156.000
1471.206	1291.000
1472.206	1157.000
1473.206	1232.000
1474.206	1260.000
1475.206	1245.000
1476.206	1262.000
1477.206	1212.000
1478.207	1266.000
1479.207	1313.000
1480.207	1272.000
1481.207	1284.000
1482.207	1395.000
1483.207	1292.000
1484.207	1370.000
1485.207	1309.000
1486.207	1334.000
1487.207	1423.000
1488.207	1407.000
1489.207	1318.000
1490.208	1400.000
1491.208	1384.000
1492.208	1426.000
1493.208	1439.000
1494.208	1457.000
1495.208	1431.000
1496.208	1380.000
1497.208	1405.000
1498.208	1426.000
1499.208	1460.000
1500.208	1518.000
1501.208	1529.000
1502.209	1478.000
1503.209	1425.000
1504.209	1449.000
1505.209	1510.000
1506.209	1502.000
1507.209	1541.000
1508.209	1552.000
1509.209	1483.000
1510.209	1507.000
1511.209	1498.000
1512.209	1489.000
1513.209	1585.000
1514.210	1522.000
1515.210	1532.000
1516.210	1523.000
1517.210	1530.000
1518.210	1441.000
1519.210	1420.000
1520.210	1454.000
1521.210	1478.000
1522.210	1529.000
1523.210	1442.000
1524.210	1578.000
1525.210	1452.000
1526.211	1492.000
1527.211	1463.000
1528.211	1467.000
1529.211	1474.000
1530.211	1420.000
1531.211	1503.000
1532.211	1446.000
1533.211	1467.000
1534.211	1454.000
1535.211	1491.000
1536.211	1411.000
1537.211	1416.000
1538.212	1343.000
1539.212	1434.000
1540.212	1351.000
1541.212	1375.000
1542.212	1376.000
1543.212	1390.000
1544.212	1425.000
1545.212	1340.000
1546.212	1326.000
1547.212	1252.000
1548.212	1320.000
1549.212	1335.000
1550.213	1325.000
1551.213	1326.000
1552.213	1328.000
1553.213	1276.000
1554.213	1294.000
1555.213	1256.000
1556.213	1245.000
1557.213	1250.000
1558.213	1197.000
1559.213	1236.000
1560.213	1153.000
1561.213	1081.000
1562.214	1159.000
1563.214	1148.000
1564.214	1156.000
1565.214	1105.000
1566.214	1203.000
1567.214	1070.000
1568.214	1099.000
1569.214	1060.000
1570.214	1091.000
1571.214	1098.000
1572.214	1022.000
1573.214	1017.000
1574.215	1017.000
1575.215	986.000
1576.215	1003.000
1577.215	957.000
1578.215	961.000
1579.215	955.000
1580.215	965.000
1581.215	863.000
1582.215	880.000
1583.215	932.000
1584.215	877.000
1585.215	833.000
1586.216	865.000
1587.216	801.000
1588.216	799.000
1589.216	788.000
1590.216	809.000
1591.216	737.000
1592.216	748.000
1593.216	785.000
1594.216	716.000
1595.216	704.000
1596.216	721.000
1597.216	672.000
1598.217	706.000
1599.217	642.000
1600.217	643.000
1601.217	674.000
1602.217	669.000
1603.217	589.000
1604.217	587.000
1605.217	551.000
1606.217	601.000
1607.217	583.000
1608.217	562.000
1609.217	537.000
1610.218	559.000
1611.218	498.000
1612.218	477.000
1613.218	484.000
1614.218	491.000
1615.218	453.000
1616.218	414.000
1617.218	436.000
1618.218	467.000
1619.218	465.000
1620.218	395.000
1621.218	417.000
1622.219	425.000
1623.219	387.000
1624.219	399.000
1625.219	356.000
1626.219	364.000
1627.219	349.000
1628.219	354.000
1629.219	350.000
1630.219	313.000
1631.219	340.000
1632.219	275.000
1633.219	323.000
1634.220	321.000
1635.220	263.000
1636.220	273.000
1637.220	272.000
1638.220	266.000
1639.220	256.000
1640.220	244.000
1641.220	265.000
1642.220	232.000
1643.220	227.000
1644.220	240.000
1645.220	200.000
1646.221	232.000
1647.221	208.000
1648.221	197.000
1649.221	219.000
1650.221	177.000
1651.221	194.000
1652.221	179.000
1653.221	172.000
1654.221	183.000
1655.221	162.000
1656.221	144.000
1657.221	162.000
1658.222	177.000
1659.222	138.000
1660.222	151.000
1661.222	130.000
1662.222	119.000
1663.222	125.000
1664.222	136.000
1665.222	133.000
1666.222	131.000
1667.222	135.000
1668.222	109.000
1669.222	126.000
1670.223	120.000
1671.223	119.000
1672.223	117.000
1673.223	95.000
1674.223	90.000
1675.223	117.000
1676.223	109.000
1677.223	113.000
1678.223	84.000
1679.223	89.000
1680.223	92.000
1681.223	86.000
1682.224	97.000
1683.224	97.000
1684.224	78.000
1685.224	85.000
1686.224	68.000
1687.224	78.000
1688.224	81.000
1689.224	89.000
1690.224	92.000
1691.224	71.000
1692.224	73.000
1693.224	79.000
1694.225	77.000
1695.225	72.000
1696.225	72.000
1697.225	72.000
1698.225	59.000
1699.225	72.000
1700.225	62.000
1701.225	56.000
1702.225	71.000
1703.225	60.000
1704.225	74.000
1705.225	63.000
1706.226	71.000
1707.226	60.000
1708.226	62.000
1709.226	65.000
1710.226	52.000
1711.226	48.000
1712.226	47.000
1713.226	51.000
1714.226	53.000
1715.226	62.000
1716.226	47.000
1717.226	63.000
1718.227	51.000
1719.227	58.000
1720.227	60.000
1721.227	39.000
1722.227	43.000
1723.227	44.000
1724.227	56.000
1725.227	65.000
1726.227	53.000
1727.227	49.000
1728.227	47.000
1729.227	72.000
1730.228	49.000
1731.228	47.000
1732.228	52.000
1733.228	62.000
1734.228	45.000
1735.228	41.000
1736.228	41.000
1737.228	49.000
1738.228	54.000
1739.228	60.000
1740.228	58.000
1741.228	38.000
1742.229	46.000
1743.229	54.000
1744.229	43.000
1745.229	54.000
1746.229	36.000
1747.229	50.000
1748.229	56.000
1749.229	58.000
1750.229	59.000
1751.229	43.000
1752.229	39.000
1753.229	53.000
1754.230	45.000
1755.230	43.000
1756.230	35.000
1757.230	43.000
1758.230	46.000
1759.230	50.000
1760.230	36.000
1761.230	37.000
1762.230	42.000
1763.230	43.000
1764.230	51.000
1765.230	54.000
1766.231	45.000
1767.231	40.000
1768.231	58.000
1769.231	50.000
1770.231	55.000
1771.231	43.000
1772.231	44.000
1773.231	36.000
1774.231	52.000
1775.231	36.000
1776.231	45.000
1777.231	40.000
1778.232	62.000
1779.232	45.000
1780.232	55.000
1781.232	35.000
1782.232	42.000
1783.232	40.000
1784.232	53.000
1785.232	38.000
1786.232	47.000
1787.232	63.000
1788.232	52.000
1789.232	57.000
1790.233	43.000
1791.233	48.000
1792.233	49.000
1793.233	54.000
1794.233	54.000
1795.233	48.000
1796.233	53.000
1797.233	41.000
1798.233	54.000
1799.233	44.000
1800.233	52.000
1801.233	48.000
1802.234	45.000
1803.234	43.000
1804.234	57.000
1805.234	50.000
1806.234	45.000
1807.234	44.000
1808.234	62.000
1809.234	53.000
1810.234	45.000
1811.234	45.000
1812.234	38.000
1813.234	48.000
1814.235	64.000
1815.235	57.000
1816.235	56.000
1817.235	46.000
1818.235	45.000
1819.235	37.000
1820.235	43.000
1821.235	45.000
1822.235	49.000
1823.235	52.000
1824.235	33.000
1825.235	64.000
1826.236	56.000
1827.236	55.000
1828.236	59.000
1829.236	49.000
1830.236	61.000
1831.236	58.000
1832.236	43.000
1833.236	60.000
1834.236	55.000
1835.236	54.000
1836.236	52.000
1837.236	55.000
1838.237	57.000
1839.237	55.000
1840.237	46.000
1841.237	56.000
1842.237	56.000
1843.237	54.000
1844.237	49.000
1845.237	47.000
1846.237	45.000
1847.237	55.000
1848.237	58.000
1849.237	56.000
1850.238	53.000
1851.238	54.000
1852.238	53.000
1853.238	54.000
1854.238	60.000
1855.238	46.000
1856.238	60.000
1857.238	54.000
1858.238	44.000
1859.238	42.000
1860.238	46.000
1861.238	45.000
1862.239	50.000
1863.239	51.000
1864.239	54.000
1865.239	44.000
1866.239	56.000
1867.239	44.000
1868.239	59.000
1869.239	40.000
1870.239	53.000
1871.239	44.000
1872.239	46.000
1873.239	47.000
1874.240	62.000
1875.240	63.000
1876.240	62.000
1877.240	55.000
1878.240	47.000
1879.240	57.000
1880.240	58.000
1881.240	52.000
1882.240	54.000
1883.240	58.000
1884.240	47.000
1885.240	50.000
1886.241	48.000
1887.241	54.000
1888.241	53.000
1889.241	60.000
1890.241	52.000
1891.241	52.000
1892.241	52.000
1893.241	48.000
1894.241	49.000
1895.241	57.000
1896.241	60.000
1897.241	47.000
1898.242	53.000
1899.242	65.000
1900.242	53.000
1901.242	63.000
1902.242	53.000
1903.242	50.000
1904.242	47.000
1905.242	62.000
1906.242	53.000
1907.242	59.000
1908.242	48.000
1909.242	59.000
1910.243	71.000
1911.243	44.000
1912.243	65.000
1913.243	55.000
1914.243	60.000
1915.243	72.000
1916.243	60.000
1917.243	57.000
1918.243	50.000
1919.243	56.000
1920.243	61.000
1921.243	51.000
1922.244	47.000
1923.244	63.000
1924.244	58.000
1925.244	62.000
1926.244	69.000
1927.244	61.000
1928.244	68.000
1929.244	40.000
1930.244	53.000
1931.244	52.000
1932.244	54.000
1933.244	60.000
1934.245	67.000
1935.245	50.000
1936.245	57.000
1937.245	51.000
1938.245	59.000
1939.245	39.000
1940.245	64.000
1941.245	57.000
1942.245	58.000
1943.245	56.000
1944.245	64.000
1945.245	55.000
1946.246	47.000
1947.246	58.000
1948.246	50.000
1949.246	52.000
1950.246	63.000
1951.246	54.000
1952.246	51.000
1953.246	71.000
1954.246	46.000
1955.246	74.000
1956.246	74.000
1957.246	62.000
1958.247	52.000
1959.247	53.000
1960.247	59.000
1961.247	60.000
1962.247	66.000
1963.247	72.000
1964.247	57.000
1965.247	66.000
1966.247	51.000
1967.247	58.000
1968.247	60.000
1969.247	48.000
1970.248	59.000
1971.248	68.000
1972.248	64.000
1973.248	41.000
1974.248	54.000
1975.248	63.000
1976.248	60.000
1977.248	61.000
1978.248	75.000
1979.248	60.000
1980.248	51.000
1981.248	60.000
1982.249	49.000
1983.249	60.000
1984.249	44.000
1985.249	57.000
1986.249	56.000
1987.249	60.000
1988.249	60.000
1989.249	63.000
1990.249	56.000
1991.249	56.000
1992.249	62.000
1993.249	73.000
1994.250	51.000
1995.250	64.000
1996.250	61.000
1997.250	60.000
1998.250	47.000
1999.250	55.000
2000.250	62.000
2001.250	68.000
2002.250	44.000
2003.250	60.000
2004.250	55.000
2005.250	61.000
2006.251	66.000
2007.251	65.000
2008.251	48.000
2009.251	57.000
2010.251	60.000
2011.251	49.000
2012.251	52.000
2013.251	64.000
2014.251	60.000
2015.251	59.000
2016.251	59.000
2017.251	63.000
2018.252	46.000
2019.252	66.000
2020.252	61.000
2021.252	55.000
2022.252	58.000
2023.252	65.000
2024.252	58.000
2025.252	51.000
2026.252	66.000
2027.252	56.000
2028.252	56.000
2029.252	59.000
2030.253	53.000
2031.253	45.000
2032.253	50.000
2033.253	51.000
2034.253	53.000
2035.253	60.000
2036.253	54.000
2037.253	54.000
2038.253	48.000
2039.253	68.000
2040.253	60.000
2041.253	69.000
2042.254	51.000
2043.254	62.000
2044.254	57.000
2045.254	61.000
2046.254	58.000
2047.254	75.000
2048.254	64.000
2049.254	64.000
2050.254	58.000
2051.254	57.000
2052.254	56.000
2053.254	52.000
2054.255	66.000
2055.255	61.000
2056.255	49.000
2057.255	62.000
2058.255	67.000
2059.255	55.000
2060.255	61.000
2061.255	56.000
2062.255	53.000
2063.255	57.000
2064.255	42.000
2065.255	64.000
2066.256	56.000
2067.256	55.000
2068.256	62.000
2069.256	57.000
2070.256	70.000
2071.256	57.000
2072.256	56.000
2073.256	62.000
2074.256	54.000
2075.256	63.000
2076.256	60.000
2077.256	66.000
2078.257	60.000
2079.257	67.000
2080.257	51.000
2081.257	68.000
2082.257	66.000
2083.257	58.000
2084.257	60.000
2085.257	58.000
2086.257	54.000
2087.257	54.000
2088.257	53.000
2089.257	64.000
2090.258	49.000
2091.258	51.000
2092.258	57.000
2093.258	64.000
2094.258	60.000
2095.258	58.000
2096.258	65.000
2097.258	48.000
2098.258	47.000
2099.258	43.000
2100.258	63.000
2101.258	53.000
2102.259	55.000
2103.259	61.000
2104.259	70.000
2105.259	62.000
2106.259	67.000
2107.259	61.000
2108.259	55.000
2109.259	75.000
2110.259	79.000
2111.259	62.000
2112.259	54.000
2113.259	66.000
2114.260	61.000
2115.260	62.000
2116.260	71.000
2117.260	50.000
2118.260	53.000
2119.260	48.000
2120.260	66.000
2121.260	66.000
2122.260	61.000
2123.260	61.000
2124.260	56.000
2125.260	67.000
2126.261	59.000
2127.261	60.000
2128.261	56.000
2129.261	45.000
2130.261	72.000
2131.261	62.000
2132.261	75.000
2133.261	66.000
2134.261	61.000
2135.261	53.000
2136.261	55.000
2137.261	63.000
2138.262	66.000
2139.262	56.000
2140.262	66.000
2141.262	55.000
2142.262	64.000
2143.262	60.000
2144.262	71.000
2145.262	57.000
2146.262	65.000
2147.262	42.000
2148.262	61.000
2149.262	43.000
2150.263	64.000
2151.263	59.000
2152.263	56.000
2153.263	66.000
2154.263	59.000
2155.263	65.000
2156.263	59.000
2157.263	78.000
2158.263	69.000
2159.263	60.000
2160.263	71.000
2161.263	57.000
2162.264	64.000
2163.264	54.000
2164.264	43.000
2165.264	69.000
2166.264	60.000
2167.264	67.000
2168.264	60.000
2169.264	57.000
2170.264	62.000
2171.264	55.000
2172.264	48.000
2173.264	53.000
2174.265	49.000
2175.265	55.000
2176.265	53.000
2177.265	56.000
2178.265	85.000
2179.265	60.000
2180.265	56.000
2181.265	43.000
2182.265	58.000
2183.265	63.000
2184.265	60.000
2185.265	64.000
2186.266	61.000
2187.266	50.000
2188.266	71.000
2189.266	57.000
2190.266	57.000
2191.266	58.000
2192.266	57.000
2193.266	46.000
2194.266	65.000
2195.266	57.000
2196.266	58.000
2197.266	67.000
2198.267	68.000
2199.267	65.000
2200.267	70.000
2201.267	54.000
2202.267	69.000
2203.267	56.000
2204.267	57.000
2205.267	62.000
2206.267	62.000
2207.267	63.000
2208.267	57.000
2209.267	55.000
2210.268	66.000
2211.268	47.000
2212.268	65.000
2213.268	55.000
2214.268	69.000
2215.268	64.000
2216.268	69.000
2217.268	60.000
2218.268	51.000
2219.268	59.000
2220.268	67.000
2221.268	74.000
2222.269	58.000
2223.269	65.000
2224.269	55.000
2225.269	64.000
2226.269	78.000
2227.269	72.000
2228.269	67.000
2229.269	63.000
2230.269	55.000
2231.269	65.000
2232.269	66.000
2233.269	56.000
2234.270	74.000
2235.270	65.000
2236.270	51.000
2237.270	53.000
2238.270	52.000
2239.270	65.000
2240.270	61.000
2241.270	75.000
2242.270	79.000
2243.270	69.000
2244.270	66.000
2245.270	57.000
2246.271	52.000
2247.271	48.000
2248.271	73.000
2249.271	51.000
2250.271	52.000
2251.271	58.000
2252.271	60.000
2253.271	59.000
2254.271	64.000
2255.271	54.000
2256.271	60.000
2257.271	63.000
2258.272	64.000
2259.272	64.000
2260.272	54.000
2261.272	86.000
2262.272	64.000
2263.272	74.000
2264.272	67.000
2265.272	70.000
2266.272	62.000
2267.272	63.000
2268.272	55.000
2269.272	69.000
2270.273	75.000
2271.273	48.000
2272.273	49.000
2273.273	58.000
2274.273	65.000
2275.273	68.000
2276.273	73.000
2277.273	69.000
2278.273	66.000
2279.273	64.000
2280.273	68.000
2281.273	71.000
2282.274	65.000
2283.274	67.000
2284.274	47.000
2285.274	57.000
2286.274	58.000
2287.274	66.000
2288.274	71.000
2289.274	60.000
2290.274	70.000
2291.274	76.000
2292.274	59.000
2293.274	62.000
2294.275	61.000
2295.275	61.000
2296.275	67.000
2297.275	62.000
2298.275	82.000
2299.275	67.000
2300.275	56.000
2301.275	72.000
2302.275	69.000
2303.275	61.000
2304.275	75.000
2305.275	69.000
2306.276	60.000
2307.276	81.000
2308.276	84.000
2309.276	66.000
2310.276	59.000
2311.276	61.000
2312.276	71.000
2313.276	63.000
2314.276	74.000
2315.276	61.000
2316.276	54.000
2317.276	71.000
2318.277	68.000
2319.277	71.000
2320.277	59.000
2321.277	62.000
2322.277	53.000
2323.277	55.000
2324.277	70.000
2325.277	61.000
2326.277	80.000
2327.277	74.000
2328.277	61.000
2329.277	71.000
2330.278	78.000
2331.278	78.000
2332.278	59.000
2333.278	61.000
2334.278	66.000
2335.278	78.000
2336.278	68.000
2337.278	75.000
2338.278	72.000
2339.278	63.000
2340.278	61.000
2341.278	67.000
2342.279	73.000
2343.279	63.000
2344.279	76.000
2345.279	76.000
2346.279	86.000
2347.279	77.000
2348.279	71.000
2349.279	61.000
2350.279	69.000
2351.279	67.000
2352.279	71.000
2353.279	61.000
2354.280	61.000
2355.280	90.000
2356.280	76.000
2357.280	57.000
2358.280	73.000
2359.280	73.000
2360.280	61.000
2361.280	67.000
2362.280	81.000
2363.280	61.000
2364.280	71.000
2365.280	65.000
2366.281	71.000
2367.281	64.000
2368.281	64.000
2369.281	73.000
2370.281	90.000
2371.281	56.000
2372.281	45.000
2373.281	75.000
2374.281	76.000
2375.281	70.000
2376.281	77.000
2377.281	79.000
2378.282	52.000
2379.282	76.000
2380.282	76.000
2381.282	65.000
2382.282	67.000
2383.282	70.000
2384.282	57.000
2385.282	60.000
2386.282	61.000
2387.282	59.000
2388.282	85.000
2389.282	77.000
2390.283	70.000
2391.283	64.000
2392.283	74.000
2393.283	75.000
2394.283	76.000
2395.283	59.000
2396.283	74.000
2397.283	67.000
2398.283	74.000
2399.283	60.000
2400.283	78.000
2401.283	70.000
2402.284	71.000
2403.284	67.000
2404.284	72.000
2405.284	80.000
2406.284	71.000
2407.284	85.000
2408.284	83.000
2409.284	66.000
2410.284	79.000
2411.284	72.000
2412.284	67.000
2413.284	81.000
2414.285	79.000
2415.285	81.000
2416.285	73.000
2417.285	67.000
2418.285	76.000
2419.285	69.000
2420.285	76.000
2421.285	93.000
2422.285	75.000
2423.285	81.000
2424.285	63.000
2425.285	77.000
2426.286	60.000
2427.286	63.000
2428.286	67.000
2429.286	73.000
2430.286	67.000
2431.286	76.000
2432.286	60.000
2433.286	90.000
2434.286	61.000
2435.286	69.000
2436.286	76.000
2437.286	79.000
2438.287	79.000
2439.287	76.000
2440.287	78.000
2441.287	79.000
2442.287	74.000
2443.287	78.000
2444.287	75.000
2445.287	82.000
2446.287	72.000
2447.287	85.000
2448.287	79.000
2449.287	61.000
2450.288	70.000
2451.288	70.000
2452.288	75.000
2453.288	76.000
2454.288	73.000
2455.288	79.000
2456.288	84.000
2457.288	85.000
2458.288	81.000
2459.288	72.000
2460.288	81.000
2461.288	57.000
2462.289	69.000
2463.289	80.000
2464.289	83.000
2465.289	68.000
2466.289	90.000
2467.289	79.000
2468.289	85.000
2469.289	70.000
2470.289	77.000
2471.289	87.000
2472.289	76.000
2473.289	81.000
2474.290	70.000
2475.290	73.000
2476.290	75.000
2477.290	75.000
2478.290	82.000
2479.290	83.000
2480.290	72.000
2481.290	89.000
2482.290	81.000
2483.290	86.000
2484.290	73.000
2485.290	64.000
2486.291	66.000
2487.291	86.000
2488.291	88.000
2489.291	88.000
2490.291	73.000
2491.291	71.000
2492.291	73.000
2493.291	91.000
2494.291	80.000
2495.291	73.000
2496.291	79.000
2497.291	94.000
2498.292	83.000
2499.292	66.000
2500.292	85.000
2501.292	74.000
2502.292	79.000
2503.292	92.000
2504.292	92.000
2505.292	86.000
2506.292	70.000
2507.292	75.000
2508.292	63.000
2509.292	71.000
2510.293	81.000
2511.293	87.000
2512.293	99.000
2513.293	66.000
2514.293	84.000
2515.293	82.000
2516.293	99.000
2517.293	87.000
2518.293	86.000
2519.293	91.000
2520.293	84.000
2521.293	85.000
2522.294	71.000
2523.294	75.000
2524.294	86.000
2525.294	88.000
2526.294	72.000
2527.294	88.000
2528.294	82.000
2529.294	87.000
2530.294	89.000
2531.294	91.000
2532.294	77.000
2533.294	72.000
2534.295	95.000
2535.295	86.000
2536.295	76.000
2537.295	84.000
2538.295	90.000
2539.295	98.000
2540.295	91.000
2541.295	95.000
2542.295	97.000
2543.295	71.000
2544.295	78.000
2545.295	91.000
2546.296	86.000
2547.296	86.000
2548.296	93.000
2549.296	84.000
2550.296	85.000
2551.296	84.000
2552.296	90.000
2553.296	87.000
2554.296	77.000
2555.296	78.000
2556.296	89.000
2557.296	93.000
2558.297	93.000
2559.297	78.000
2560.297	106.000
2561.297	94.000
2562.297	92.000
2563.297	86.000
2564.297	83.000
2565.297	92.000
2566.297	97.000
2567.297	83.000
2568.297	87.000
2569.297	95.000
2570.298	86.000
2571.298	97.000
2572.298	91.000
2573.298	102.000
2574.298	98.000
2575.298	91.000
2576.298	91.000
2577.298	99.000
2578.298	90.000
2579.298	96.000
2580.298	94.000
2581.298	87.000
2582.299	96.000
2583.299	100.000
2584.299	103.000
2585.299	88.000
2586.299	108.000
2587.299	102.000
2588.299	93.000
2589.299	89.000
2590.299	76.000
2591.299	101.000
2592.299	87.000
2593.299	89.000
2594.300	92.000
2595.300	93.000
2596.300	88.000
2597.300	107.000
2598.300	99.000
2599.300	90.000
2600.300	105.000
2601.300	100.000
2602.300	91.000
2603.300	84.000
2604.300	89.000
2605.300	89.000
2606.301	109.000
2607.301	100.000
2608.301	116.000
2609.301	100.000
2610.301	111.000
2611.301	81.000
2612.301	106.000
2613.301	85.000
2614.301	114.000
2615.301	97.000
2616.301	106.000
2617.301	82.000
2618.302	100.000
2619.302	100.000
2620.302	98.000
2621.302	101.000
2622.302	77.000
2623.302	95.000
2624.302	120.000
2625.302	95.000
2626.302	99.000
2627.302	123.000
2628.302	115.000
2629.302	109.000
2630.303	89.000
2631.303	124.000
2632.303	107.000
2633.303	96.000
2634.303	102.000
2635.303	99.000
2636.303	108.000
2637.303	108.000
2638.303	112.000
2639.303	119.000
2640.303	111.000
2641.303	108.000
2642.304	127.000
2643.304	127.000
2644.304	112.000
2645.304	107.000
2646.304	105.000
2647.304	97.000
2648.304	103.000
2649.304	110.000
2650.304	122.000
2651.304	106.000
2652.304	125.000
2653.304	103.000
2654.305	126.000
2655.305	99.000
2656.305	99.000
2657.305	123.000
2658.305	101.000
2659.305	117.000
2660.305	98.000
2661.305	111.000
2662.305	87.000
2663.305	119.000
2664.305	126.000
2665.305	121.000
2666.306	104.000
2667.306	106.000
2668.306	125.000
2669.306	107.000
2670.306	112.000
2671.306	104.000
2672.306	109.000
2673.306	118.000
2674.306	123.000
2675.306	128.000
2676.306	98.000
2677.306	110.000
2678.307	132.000
2679.307	117.000
2680.307	131.000
2681.307	118.000
2682.307	103.000
2683.307	122.000
2684.307	123.000
2685.307	109.000
2686.307	136.000
2687.307	132.000
2688.307	115.000
2689.307	131.000
2690.308	143.000
2691.308	129.000
2692.308	131.000
2693.308	127.000
2694.308	129.000
2695.308	132.000
2696.308	119.000
2697.308	125.000
2698.308	123.000
2699.308	127.000
2700.308	107.000
2701.308	109.000
2702.309	115.000
2703.309	138.000
2704.309	137.000
2705.309	129.000
2706.309	131.000
2707.309	119.000
2708.309	118.000
2709.309	137.000
2710.309	150.000
2711.309	108.000
2712.309	125.000
2713.309	138.000
2714.310	116.000
2715.310	147.000
2716.310	123.000
2717.310	125.000
2718.310	129.000
2719.310	135.000
2720.310	123.000
2721.310	123.000
2722.310	123.000
2723.310	123.000
2724.310	133.000
2725.310	117.000
2726.311	121.000
2727.311	127.000
2728.311	125.000
2729.311	121.000
2730.311	139.000
2731.311	133.000
2732.311	129.000
2733.311	137.000
2734.311	134.000
2735.311	149.000
2736.311	127.000
2737.311	130.000
2738.312	117.000
2739.312	137.000
2740.312	140.000
2741.312	147.000
2742.312	137.000
2743.312	116.000
2744.312	124.000
2745.312	130.000
2746.312	148.000
2747.312	119.000
2748.312	154.000
2749.312	117.000
2750.313	124.000
2751.313	143.000
2752.313	141.000
2753.313	132.000
2754.313	142.000
2755.313	132.000
2756.313	126.000
2757.313	130.000
2758.313	136.000
2759.313	123.000
2760.313	148.000
2761.313	145.000
2762.314	149.000
2763.314	130.000
2764.314	132.000
2765.314	149.000
2766.314	126.000
2767.314	138.000
2768.314	121.000
2769.314	117.000
2770.314	153.000
2771.314	150.000
2772.314	156.000
2773.314	132.000
2774.315	132.000
2775.315	129.000
2776.315	165.000
2777.315	128.000
2778.315	156.000
2779.315	150.000
2780.315	138.000
2781.315	128.000
2782.315	114.000
2783.315	117.000
2784.315	130.000
2785.315	140.000
2786.316	136.000
2787.316	150.000
2788.316	130.000
2789.316	140.000
2790.316	139.000
2791.316	148.000
2792.316	122.000
2793.316	117.000
2794.316	119.000
2795.316	130.000
2796.316	144.000
2797.316	142.000
2798.317	143.000
2799.317	151.000
2800.317	145.000
2801.317	144.000
2802.317	147.000
2803.317	145.000
2804.317	150.000
2805.317	142.000
2806.317	146.000
2807.317	159.000
2808.317	154.000
2809.317	147.000
2810.318	148.000
2811.318	132.000
2812.318	145.000
2813.318	143.000
2814.318	136.000
2815.318	142.000
2816.318	166.000
2817.318	139.000
2818.318	130.000
2819.318	109.000
2820.318	160.000
2821.318	169.000
2822.319	145.000
2823.319	150.000
2824.319	158.000
2825.319	124.000
2826.319	142.000
2827.319	144.000
2828.319	156.000
2829.319	148.000
2830.319	126.000
2831.319	151.000
2832.319	162.000
2833.319	137.000
2834.320	154.000
2835.320	149.000
2836.320	150.000
2837.320	165.000
2838.320	151.000
2839.320	171.000
2840.320	160.000
2841.320	159.000
2842.320	156.000
2843.320	168.000
2844.320	162.000
2845.320	125.000
2846.321	170.000
2847.321	145.000
2848.321	148.000
2849.321	155.000
2850.321	130.000
2851.321	162.000
2852.321	161.000
2853.321	159.000
2854.321	176.000
2855.321	139.000
2856.321	185.000
2857.321	166.000
2858.322	169.000
2859.322	162.000
2860.322	176.000
2861.322	173.000
2862.322	157.000
2863.322	171.000
2864.322	162.000
2865.322	197.000
2866.322	193.000
2867.322	156.000
2868.322	150.000
2869.322	155.000
2870.323	157.000
2871.323	212.000
2872.323	168.000
2873.323	161.000
2874.323	182.000
2875.323	198.000
2876.323	191.000
2877.323	188.000
2878.323	176.000
2879.323	193.000
2880.323	216.000
2881.323	183.000
2882.324	201.000
2883.324	189.000
2884.324	205.000
2885.324	164.000
2886.324	174.000
2887.324	198.000
2888.324	185.000
2889.324	201.000
2890.324	224.000
2891.324	195.000
2892.324	177.000
2893.324	182.000
2894.325	202.000
2895.325	193.000
2896.325	204.000
2897.325	227.000
2898.325	203.000
2899.325	182.000
2900.325	188.000
2901.325	194.000
2902.325	192.000
2903.325	206.000
2904.325	208.000
2905.325	214.000
2906.326	200.000
2907.326	226.000
2908.326	238.000
2909.326	202.000
2910.326	184.000
2911.326	215.000
2912.326	199.000
2913.326	227.000
2914.326	221.000
2915.326	229.000
2916.326	212.000
2917.326	249.000
2918.327	227.000
2919.327	246.000
2920.327	230.000
2921.327	225.000
2922.327	227.000
2923.327	210.000
2924.327	232.000
2925.327	243.000
2926.327	245.000
2927.327	219.000
2928.327	209.000
2929.327	227.000
2930.328	220.000
2931.328	262.000
2932.328	238.000
2933.328	216.000
2934.328	266.000
2935.328	264.000
2936.328	233.000
2937.328	237.000
2938.328	223.000
2939.328	248.000
2940.328	244.000
2941.328	294.000
2942.329	258.000
2943.329	265.000
2944.329	262.000
2945.329	231.000
2946.329	242.000
2947.329	233.000
2948.329	244.000
2949.329	261.000
2950.329	279.000
2951.329	250.000
2952.329	248.000
2953.329	293.000
2954.330	278.000
2955.330	263.000
2956.330	248.000
2957.330	264.000
2958.330	267.000
2959.330	240.000
2960.330	272.000
2961.330	249.000
2962.330	266.000
2963.330	266.000
2964.330	281.000
2965.330	272.000
2966.331	272.000
2967.331	300.000
2968.331	286.000
2969.331	264.000
2970.331	264.000
2971.331	276.000
2972.331	260.000
2973.331	268.000
2974.331	257.000
2975.331	266.000
2976.331	316.000
2977.331	303.000
2978.332	275.000
2979.332	281.000
2980.332	280.000
2981.332	274.000
2982.332	256.000
2983.332	261.000
2984.332	267.000
2985.332	261.000
2986.332	254.000
2987.332	282.000
2988.332	286.000
2989.332	254.000
2990.333	298.000
2991.333	306.000
2992.333	283.000
2993.333	280.000
2994.333	252.000
2995.333	274.000
2996.333	301.000
2997.333	301.000
2998.333	308.000
2999.333	270.000
3000.333	277.000
3001.333	292.000
3002.334	276.000
3003.334	300.000
3004.334	291.000
3005.334	286.000
3006.334	274.000
3007.334	276.000
3008.334	295.000
3009.334	303.000
3010.334	311.000
3011.334	288.000
3012.334	269.000
3013.334	293.000
3014.335	292.000
3015.335	279.000
3016.335	280.000
3017.335	265.000
3018.335	261.000
3019.335	285.000
3020.335	268.000
3021.335	308.000
3022.335	263.000
3023.335	278.000
3024.335	263.000
3025.335	289.000
3026.336	288.000
3027.336	275.000
3028.336	261.000
3029.336	289.000
3030.336	277.000
3031.336	266.000
3032.336	261.000
3033.336	258.000
3034.336	295.000
3035.336	286.000
3036.336	245.000
3037.336	257.000
3038.337	273.000
3039.337	252.000
3040.337	263.000
3041.337	267.000
3042.337	221.000
3043.337	253.000
3044.337	268.000
3045.337	278.000
3046.337	269.000
3047.337	236.000
3048.337	264.000
3049.337	256.000
3050.338	233.000
3051.338	219.000
3052.338	243.000
3053.338	226.000
3054.338	235.000
3055.338	230.000
3056.338	226.000
3057.338	252.000
3058.338	216.000
3059.338	209.000
3060.338	209.000
3061.338	234.000
3062.339	228.000
3063.339	245.000
3064.339	238.000
3065.339	235.000
3066.339	244.000
3067.339	218.000
3068.339	223.000
3069.339	203.000
3070.339	240.000
3071.339	228.000
3072.339	220.000
3073.339	186.000
3074.340	203.000
3075.340	194.000
3076.340	206.000
3077.340	196.000
3078.340	203.000
3079.340	214.000
3080.340	217.000
3081.340	212.000
3082.340	208.000
3083.340	212.000
3084.340	203.000
3085.340	179.000
3086.341	239.000
3087.341	191.000
3088.341	185.000
3089.341	194.000
3090.341	214.000
3091.341	191.000
3092.341	208.000
3093.341	173.000
3094.341	177.000
3095.341	154.000
3096.341	184.000
3097.341	191.000
3098.342	171.000
3099.342	186.000
3100.342	167.000
3101.342	190.000
3102.342	153.000
3103.342	153.000
3104.342	185.000
3105.342	177.000
3106.342	163.000
3107.342	161.000
3108.342	141.000
3109.342	148.000
3110.343	168.000
3111.343	151.000
3112.343	165.000
3113.343	179.000
3114.343	152.000
3115.343	139.000
3116.343	151.000
3117.343	119.000
3118.343	132.000
3119.343	130.000
3120.343	132.000
3121.343	149.000
3122.344	145.000
3123.344	116.000
3124.344	121.000
3125.344	134.000
3126.344	146.000
3127.344	116.000
3128.344	114.000
3129.344	134.000
3130.344	128.000
3131.344	118.000
3132.344	127.000
3133.344	124.000
3134.345	124.000
3135.345	118.000
3136.345	126.000
3137.345	117.000
3138.345	114.000
3139.345	124.000
3140.345	119.000
3141.345	103.000
3142.345	116.000
3143.345	116.000
3144.345	98.000
3145.345	102.000
3146.346	113.000
3147.346	111.000
3148.346	104.000
3149.346	106.000
3150.346	114.000
3151.346	94.000
3152.346	104.000
3153.346	81.000
3154.346	107.000
3155.346	106.000
3156.346	91.000
3157.346	93.000
3158.347	98.000
3159.347	82.000
3160.347	87.000
3161.347	83.000
3162.347	80.000
3163.347	83.000
3164.347	88.000
3165.347	88.000
3166.347	114.000
3167.347	85.000
3168.347	80.000
3169.347	98.000
3170.348	75.000
3171.348	79.000
3172.348	86.000
3173.348	79.000
3174.348	82.000
3175.348	63.000
3176.348	92.000
3177.348	78.000
3178.348	78.000
3179.348	72.000
3180.348	82.000
3181.348	64.000
3182.349	67.000
3183.349	83.000
3184.349	65.000
3185.349	77.000
3186.349	79.000
3187.349	65.000
3188.349	78.000
3189.349	66.000
3190.349	75.000
3191.349	70.000
3192.349	66.000
3193.349	62.000
3194.350	65.000
3195.350	68.000
3196.350	85.000
3197.350	64.000
3198.350	64.000
3199.350	78.000
3200.350	58.000
3201.350	59.000
3202.350	61.000
3203.350	51.000
3204.350	66.000
3205.350	65.000
3206.351	56.000
3207.351	65.000
3208.351	55.000
3209.351	61.000
3210.351	60.000
3211.351	52.000
3212.351	61.000
3213.351	54.000
3214.351	62.000
3215.351	54.000
3216.351	57.000
3217.351	58.000
3218.352	55.000
3219.352	55.000
3220.352	43.000
3221.352	60.000
3222.352	54.000
3223.352	58.000
3224.352	59.000
3225.352	57.000
3226.352	54.000
3227.352	50.000
3228.352	63.000
3229.352	46.000
3230.353	56.000
3231.353	61.000
3232.353	50.000
3233.353	53.000
3234.353	51.000
3235.353	53.000
3236.353	55.000
3237.353	39.000
3238.353	52.000
3239.353	42.000
3240.353	63.000
3241.353	48.000
3242.354	51.000
3243.354	54.000
3244.354	39.000
3245.354	56.000
3246.354	49.000
3247.354	53.000
3248.354	47.000
3249.354	49.000
3250.354	50.000
3251.354	39.000
3252.354	60.000
3253.354	47.000
3254.355	62.000
3255.355	48.000
3256.355	59.000
3257.355	59.000
3258.355	30.000
3259.355	53.000
3260.355	52.000
3261.355	50.000
3262.355	53.000
3263.355	47.000
3264.355	47.000
3265.355	43.000
3266.356	44.000
3267.356	51.000
3268.356	46.000
3269.356	38.000
3270.356	47.000
3271.356	46.000
3272.356	50.000
3273.356	45.000
3274.356	48.000
3275.356	50.000
3276.356	59.000
3277.356	51.000
3278.357	54.000
3279.357	44.000
3280.357	47.000
3281.357	49.000
3282.357	64.000
3283.357	52.000
3284.357	49.000
3285.357	55.000
3286.357	39.000
3287.357	58.000
3288.357	50.000
3289.357	54.000
3290.358	46.000
3291.358	57.000
3292.358	34.000
3293.358	36.000
3294.358	54.000
3295.358	60.000
3296.358	38.000
3297.358	42.000
3298.358	46.000
3299.358	57.000
3300.358	53.000
3301.358	66.000
3302.359	53.000
3303.359	43.000
3304.359	43.000
3305.359	55.000
3306.359	44.000
3307.359	48.000
3308.359	37.000
3309.359	35.000
3310.359	44.000
3311.359	47.000
3312.359	58.000
3313.359	52.000
3314.360	47.000
3315.360	35.000
3316.360	47.000
3317.360	62.000
3318.360	48.000
3319.360	54.000
3320.360	36.000
3321.360	53.000
3322.360	51.000
3323.360	45.000
3324.360	62.000
3325.360	59.000
3326.361	54.000
3327.361	57.000
3328.361	46.000
3329.361	51.000
3330.361	46.000
3331.361	62.000
3332.361	49.000
3333.361	48.000
3334.361	50.000
3335.361	44.000
3336.361	57.000
3337.361	48.000
3338.362	43.000
3339.362	52.000
3340.362	51.000
3341.362	58.000
3342.362	41.000
3343.362	54.000
3344.362	47.000
3345.362	64.000
3346.362	53.000
3347.362	59.000
3348.362	45.000
3349.362	42.000
3350.363	42.000
3351.363	62.000
3352.363	62.000
3353.363	49.000
3354.363	51.000
3355.363	45.000
3356.363	47.000
3357.363	57.000
3358.363	45.000
3359.363	61.000
3360.363	53.000
3361.363	49.000
3362.364	55.000
3363.364	48.000
3364.364	57.000
3365.364	60.000
3366.364	67.000
3367.364	42.000
3368.364	58.000
3369.364	51.000
3370.364	51.000
3371.364	52.000
3372.364	53.000
3373.364	48.000
3374.365	52.000
3375.365	43.000
3376.365	56.000
3377.365	45.000
3378.365	55.000
3379.365	52.000
3380.365	59.000
3381.365	55.000
3382.365	53.000
3383.365	39.000
3384.365	50.000
3385.365	47.000
3386.366	49.000
3387.366	42.000
3388.366	53.000
3389.366	57.000
3390.366	64.000
3391.366	44.000
3392.366	39.000
3393.366	55.000
3394.366	35.000
3395.366	63.000
3396.366	66.000
3397.366	58.000
3398.367	46.000
3399.367	56.000
3400.367	53.000
3401.367	49.000
3402.367	52.000
3403.367	51.000
3404.367	56.000
3405.367	49.000
3406.367	55.000
3407.367	49.000
3408.367	46.000
3409.367	63.000
3410.368	52.000
3411.368	46.000
3412.368	64.000
3413.368	53.000
3414.368	55.000
3415.368	40.000
3416.368	57.000
3417.368	49.000
3418.368	43.000
3419.368	51.000
3420.368	38.000
3421.368	52.000
3422.369	43.000
3423.369	44.000
3424.369	55.000
3425.369	48.000
3426.369	51.000
3427.369	58.000
3428.369	51.000
3429.369	55.000
3430.369	47.000
3431.369	65.000
3432.369	68.000
3433.369	51.000
3434.370	52.000
3435.370	60.000
3436.370	64.000
3437.370	63.000
3438.370	81.000
3439.370	52.000
3440.370	49.000
3441.370	44.000
3442.370	55.000
3443.370	56.000
3444.370	41.000
3445.370	72.000
3446.371	55.000
3447.371	66.000
3448.371	58.000
3449.371	52.000
3450.371	56.000
3451.371	52.000
3452.371	53.000
3453.371	53.000
3454.371	58.000
3455.371	59.000
3456.371	50.000
3457.371	65.000
3458.372	63.000
3459.372	58.000
3460.372	52.000
3461.372	50.000
3462.372	50.000
3463.372	55.000
3464.372	59.000
3465.372	53.000
3466.372	59.000
3467.372	66.000
3468.372	56.000
3469.372	55.000
3470.373	64.000
3471.373	54.000
3472.373	59.000
3473.373	46.000
3474.373	52.000
3475.373	62.000
3476.373	48.000
3477.373	63.000
3478.373	53.000
3479.373	59.000
3480.373	64.000
3481.373	58.000
3482.374	68.000
3483.374	49.000
3484.374	51.000
3485.374	39.000
3486.374	52.000
3487.374	53.000
3488.374	44.000
3489.374	63.000
3490.374	52.000
3491.374	56.000
3492.374	53.000
3493.374	54.000
3494.375	46.000
3495.375	51.000
3496.375	49.000
3497.375	71.000
3498.375	60.000
3499.375	49.000
3500.375	51.000
3501.375	49.000
3502.375	60.000
3503.375	53.000
3504.375	51.000
3505.375	54.000
3506.376	57.000
3507.376	62.000
3508.376	62.000
3509.376	44.000
3510.376	59.000
3511.376	63.000
3512.376	55.000
3513.376	57.000
3514.376	55.000
3515.376	52.000
3516.376	49.000
3517.376	47.000
3518.377	65.000
3519.377	52.000
3520.377	52.000
3521.377	64.000
3522.377	63.000
3523.377	74.000
3524.377	57.000
3525.377	60.000
3526.377	65.000
3527.377	55.000
3528.377	53.000
3529.377	65.000
3530.378	47.000
3531.378	59.000
3532.378	57.000
3533.378	53.000
3534.378	59.000
3535.378	53.000
3536.378	50.000
3537.378	59.000
3538.378	57.000
3539.378	56.000
3540.378	52.000
3541.378	59.000
3542.379	63.000
3543.379	61.000
3544.379	46.000
3545.379	73.000
3546.379	52.000
3547.379	47.000
3548.379	57.000
3549.379	49.000
3550.379	64.000
3551.379	59.000
3552.379	56.000
3553.379	62.000
3554.380	59.000
3555.380	46.000
3556.380	54.000
3557.380	47.000
3558.380	50.000
3559.380	75.000
3560.380	75.000
3561.380	50.000
3562.380	67.000
3563.380	51.000
3564.380	72.000
3565.380	51.000
3566.381	59.000
3567.381	58.000
3568.381	54.000
3569.381	52.000
3570.381	67.000
3571.381	51.000
3572.381	57.000
3573.381	60.000
3574.381	44.000
3575.381	66.000
3576.381	60.000
3577.381	56.000
3578.382	63.000
3579.382	51.000
3580.382	63.000
3581.382	46.000
3582.382	70.000
3583.382	54.000
3584.382	65.000
3585.382	46.000
3586.382	68.000
3587.382	53.000
3588.382	63.000
3589.382	56.000
3590.383	62.000
3591.383	59.000
3592.383	57.000
3593.383	51.000
3594.383	51.000
3595.383	56.000
3596.383	51.000
3597.383	44.000
3598.383	60.000
3599.383	63.000
3600.383	56.000
3601.383	42.000
3602.384	58.000
3603.384	46.000
3604.384	53.000
3605.384	54.000
3606.384	56.000
3607.384	45.000
3608.384	58.000
3609.384	68.000
3610.384	60.000
3611.384	60.000
3612.384	51.000
3613.384	45.000
3614.385	63.000
3615.385	41.000
3616.385	57.000
3617.385	60.000
3618.385	62.000
3619.385	52.000
3620.385	58.000
3621.385	61.000
3622.385	43.000
3623.385	60.000
3624.385	53.000
3625.385	60.000
3626.386	60.000
3627.386	55.000
3628.386	45.000
3629.386	64.000
3630.386	44.000
3631.386	49.000
3632.386	49.000
3633.386	49.000
3634.386	66.000
3635.386	62.000
3636.386	49.000
3637.386	69.000
3638.387	47.000
3639.387	79.000
3640.387	45.000
3641.387	56.000
3642.387	47.000
3643.387	56.000
3644.387	41.000
3645.387	64.000
3646.387	48.000
3647.387	55.000
3648.387	71.000
3649.387	58.000
3650.388	56.000
3651.388	53.000
3652.388	48.000
3653.388	54.000
3654.388	52.000
3655.388	50.000
3656.388	59.000
3657.388	51.000
3658.388	48.000
3659.388	49.000
3660.388	51.000
3661.388	48.000
3662.389	62.000
3663.389	66.000
3664.389	54.000
3665.389	53.000
3666.389	52.000
3667.389	62.000
3668.389	55.000
3669.389	56.000
3670.389	60.000
3671.389	67.000
3672.389	49.000
3673.389	44.000
3674.390	51.000
3675.390	63.000
3676.390	55.000
3677.390	49.000
3678.390	46.000
3679.390	56.000
3680.390	58.000
3681.390	52.000
3682.390	43.000
3683.390	52.000
3684.390	40.000
3685.390	53.000
3686.391	59.000
3687.391	56.000
3688.391	47.000
3689.391	58.000
3690.391	48.000
3691.391	51.000
3692.391	45.000
3693.391	55.000
3694.391	69.000
3695.391	42.000
3696.391	58.000
3697.391	55.000
3698.392	59.000
3699.392	63.000
3700.392	69.000
3701.392	63.000
3702.392	48.000
3703.392	49.000
3704.392	57.000
3705.392	45.000
3706.392	50.000
3707.392	54.000
3708.392	58.000
3709.392	47.000
3710.393	54.000
3711.393	60.000
3712.393	49.000
3713.393	46.000
3714.393	44.000
3715.393	51.000
3716.393	62.000
3717.393	75.000
3718.393	53.000
3719.393	52.000
3720.393	64.000
3721.393	58.000
3722.394	53.000
3723.394	48.000
3724.394	59.000
3725.394	58.000
3726.394	57.000
3727.394	57.000
3728.394	55.000
3729.394	62.000
3730.394	50.000
3731.394	57.000
3732.394	43.000
3733.394	57.000
3734.395	45.000
3735.395	56.000
3736.395	60.000
3737.395	55.000
3738.395	77.000
3739.395	53.000
3740.395	52.000
3741.395	45.000
3742.395	51.000
3743.395	49.000
3744.395	51.000
3745.395	49.000
3746.396	51.000
3747.396	53.000
3748.396	48.000
3749.396	37.000
3750.396	52.000
3751.396	59.000
3752.396	52.000
3753.396	42.000
3754.396	44.000
3755.396	52.000
3756.396	51.000
3757.396	53.000
3758.397	58.000
3759.397	46.000
3760.397	45.000
3761.397	42.000
3762.397	61.000
3763.397	56.000
3764.397	48.000
3765.397	56.000
3766.397	65.000
3767.397	61.000
3768.397	47.000
3769.397	60.000
3770.398	57.000
3771.398	44.000
3772.398	55.000
3773.398	70.000
3774.398	59.000
3775.398	60.000
3776.398	51.000
3777.398	60.000
3778.398	45.000
3779.398	60.000
3780.398	51.000
3781.398	65.000
3782.399	57.000
3783.399	63.000
3784.399	61.000
3785.399	53.000
3786.399	49.000
3787.399	51.000
3788.399	59.000
3789.399	55.000
3790.399	46.000
3791.399	44.000
3792.399	57.000
3793.399	52.000
3794.400	56.000
3795.400	39.000
3796.400	46.000
3797.400	50.000
3798.400	58.000
3799.400	46.000
3800.400	46.000
3801.400	53.000
3802.400	63.000
3803.400	56.000
3804.400	50.000
3805.400	43.000
3806.401	41.000
3807.401	63.000
3808.401	44.000
3809.401	49.000
3810.401	61.000
3811.401	50.000
3812.401	61.000
3813.401	51.000
3814.401	47.000
3815.401	50.000
3816.401	55.000
3817.401	49.000
3818.402	52.000
3819.402	48.000
3820.402	54.000
3821.402	53.000
3822.402	34.000
3823.402	42.000
3824.402	46.000
3825.402	55.000
3826.402	46.000
3827.402	54.000
3828.402	50.000
3829.402	56.000
3830.403	64.000
3831.403	53.000
3832.403	43.000
3833.403	68.000
3834.403	57.000
3835.403	59.000
3836.403	57.000
3837.403	60.000
3838.403	60.000
3839.403	54.000
3840.403	66.000
3841.403	48.000
3842.404	57.000
3843.404	45.000
3844.404	49.000
3845.404	54.000
3846.404	57.000
3847.404	46.000
3848.404	44.000
3849.404	42.000
3850.404	52.000
3851.404	59.000
3852.404	51.000
3853.404	54.000
3854.405	66.000
3855.405	59.000
3856.405	44.000
3857.405	56.000
3858.405	48.000
3859.405	74.000
3860.405	57.000
3861.405	57.000
3862.405	49.000
3863.405	50.000
3864.405	57.000
3865.405	65.000
3866.406	65.000
3867.406	55.000
3868.406	50.000
3869.406	59.000
3870.406	50.000
3871.406	64.000
3872.406	57.000
3873.406	51.000
3874.406	48.000
3875.406	56.000
3876.406	58.000
3877.406	53.000
3878.407	49.000
3879.407	58.000
3880.407	53.000
3881.407	57.000
3882.407	77.000
3883.407	47.000
3884.407	57.000
3885.407	68.000
3886.407	64.000
3887.407	50.000
3888.407	63.000
3889.407	47.000
3890.408	41.000
3891.408	54.000
3892.408	68.000
3893.408	57.000
3894.408	69.000
3895.408	56.000
3896.408	56.000
3897.408	50.000
3898.408	68.000
3899.408	54.000
3900.408	65.000
3901.408	60.000
3902.409	47.000
3903.409	55.000
3904.409	57.000
3905.409	42.000
3906.409	64.000
3907.409	55.000
3908.409	56.000
3909.409	72.000
3910.409	68.000
3911.409	56.000
3912.409	40.000
3913.409	57.000
3914.410	52.000
3915.410	47.000
3916.410	61.000
3917.410	64.000
3918.410	50.000
3919.410	37.000
3920.410	63.000
3921.410	59.000
3922.410	69.000
3923.410	59.000
3924.410	68.000
3925.410	68.000
3926.411	76.000
3927.411	60.000
3928.411	63.000
3929.411	56.000
3930.411	61.000
3931.411	70.000
3932.411	67.000
3933.411	52.000
3934.411	70.000
3935.411	57.000
3936.411	55.000
3937.411	63.000
3938.412	47.000
3939.412	46.000
3940.412	59.000
3941.412	73.000
3942.412	55.000
3943.412	52.000
3944.412	42.000
3945.412	52.000
3946.412	63.000
3947.412	47.000
3948.412	65.000
3949.412	51.000
3950.413	50.000
3951.413	58.000
3952.413	63.000
3953.413	68.000
3954.413	46.000
3955.413	58.000
3956.413	40.000
3957.413	63.000
3958.413	71.000
3959.413	53.000
3960.413	60.000
3961.413	59.000
3962.414	67.000
3963.414	80.000
3964.414	78.000
3965.414	69.000
3966.414	66.000
3967.414	56.000
3968.414	71.000
3969.414	60.000
3970.414	68.000
3971.414	52.000
3972.414	56.000
3973.414	62.000
3974.415	60.000
3975.415	63.000
3976.415	61.000
3977.415	58.000
3978.415	62.000
3979.415	70.000
3980.415	67.000
3981.415	54.000
3982.415	53.000
3983.415	65.000
3984.415	66.000
3985.415	65.000
3986.416	66.000
3987.416	49.000
3988.416	61.000
3989.416	56.000
3990.416	59.000
3991.416	68.000
3992.416	59.000
3993.416	58.000
3994.416	60.000
3995.416	65.000
3996.416	62.000
3997.416	77.000
3998.417	60.000
3999.417	65.000
4000.417	63.000
4001.417	62.000
4002.417	56.000
4003.417	68.000
4004.417	57.000
4005.417	63.000
4006.417	62.000
4007.417	67.000
4008.417	62.000
4009.417	71.000
4010.418	72.000
4011.418	70.000
4012.418	63.000
4013.418	58.000
4014.418	74.000
4015.418	73.000
4016.418	78.000
4017.418	65.000
4018.418	73.000
4019.418	63.000
4020.418	68.000
4021.418	88.000
4022.419	68.000
4023.419	56.000
4024.419	86.000
4025.419	71.000
4026.419	64.000
4027.419	61.000
4028.419	59.000
4029.419	58.000
4030.419	59.000
4031.419	68.000
4032.419	62.000
4033.419	81.000
4034.420	82.000
4035.420	68.000
4036.420	57.000
4037.420	76.000
4038.420	70.000
4039.420	62.000
4040.420	68.000
4041.420	64.000
4042.420	69.000
4043.420	57.000
4044.420	65.000
4045.420	69.000
4046.421	75.000
4047.421	63.000
4048.421	72.000
4049.421	61.000
4050.421	67.000
4051.421	67.000
4052.421	61.000
4053.421	71.000
4054.421	67.000
4055.421	81.000
4056.421	55.000
4057.421	78.000
4058.422	69.000
4059.422	67.000
4060.422	71.000
4061.422	61.000
4062.422	77.000
4063.422	80.000
4064.422	57.000
4065.422	66.000
4066.422	55.000
4067.422	82.000
4068.422	84.000
4069.422	87.000
4070.423	66.000
4071.423	67.000
4072.423	77.000
4073.423	80.000
4074.423	73.000
4075.423	63.000
4076.423	60.000
4077.423	83.000
4078.423	71.000
4079.423	70.000
4080.423	80.000
4081.423	85.000
4082.424	69.000
4083.424	69.000
4084.424	62.000
4085.424	77.000
4086.424	71.000
4087.424	77.000
4088.424	63.000
4089.424	74.000
4090.424	52.000
4091.424	75.000
4092.424	63.000
4093.424	66.000
4094.425	76.000
4095.425	67.000
4096.425	79.000
4097.425	69.000
4098.425	70.000
4099.425	60.000
4100.425	69.000
4101.425	65.000
4102.425	68.000
4103.425	70.000
4104.425	56.000
4105.425	71.000
4106.426	93.000
4107.426	78.000
4108.426	72.000
4109.426	77.000
4110.426	64.000
4111.426	75.000
4112.426	79.000
4113.426	77.000
4114.426	67.000
4115.426	71.000
4116.426	78.000
4117.426	63.000
4118.427	81.000
4119.427	77.000
4120.427	84.000
4121.427	81.000
4122.427	63.000
4123.427	79.000
4124.427	72.000
4125.427	62.000
4126.427	71.000
4127.427	93.000
4128.427	77.000
4129.427	80.000
4130.428	72.000
4131.428	74.000
4132.428	65.000
4133.428	68.000
4134.428	84.000
4135.428	82.000
4136.428	69.000
4137.428	61.000
4138.428	67.000
4139.428	73.000
4140.428	72.000
4141.428	73.000
4142.429	79.000
4143.429	81.000
4144.429	70.000
4145.429	82.000
4146.429	60.000
4147.429	83.000
4148.429	71.000
4149.429	74.000
4150.429	80.000
4151.429	77.000
4152.429	72.000
4153.429	77.000
4154.430	67.000
4155.430	91.000
4156.430	79.000
4157.430	78.000
4158.430	65.000
4159.430	77.000
4160.430	72.000
4161.430	61.000
4162.430	73.000
4163.430	88.000
4164.430	81.000
4165.430	73.000
4166.431	81.000
4167.431	82.000
4168.431	70.000
4169.431	68.000
4170.431	92.000
4171.431	71.000
4172.431	84.000
4173.431	83.000
4174.431	72.000
4175.431	82.000
4176.431	70.000
4177.431	55.000
4178.432	77.000
4179.432	80.000
4180.432	75.000
4181.432	72.000
4182.432	81.000
4183.432	75.000
4184.432	81.000
4185.432	67.000
4186.432	81.000
4187.432	59.000
4188.432	81.000
4189.432	83.000
4190.433	72.000
4191.433	76.000
4192.433	73.000
4193.433	75.000
4194.433	82.000
4195.433	102.000
4196.433	83.000
4197.433	71.000
4198.433	68.000
4199.433	84.000
4200.433	81.000
4201.433	78.000
4202.434	80.000
4203.434	68.000
4204.434	78.000
4205.434	62.000
4206.434	83.000
4207.434	64.000
4208.434	74.000
4209.434	86.000
4210.434	73.000
4211.434	68.000
4212.434	66.000
4213.434	75.000
4214.435	76.000
4215.435	70.000
4216.435	80.000
4217.435	76.000
4218.435	81.000
4219.435	82.000
4220.435	87.000
4221.435	72.000
4222.435	65.000
4223.435	66.000
4224.435	81.000
4225.435	58.000
4226.436	73.000
4227.436	83.000
4228.436	95.000
4229.436	93.000
4230.436	74.000
4231.436	70.000
4232.436	83.000
4233.436	79.000
4234.436	76.000
4235.436	66.000
4236.436	70.000
4237.436	66.000
4238.437	59.000
4239.437	74.000
4240.437	75.000
4241.437	69.000
4242.437	73.000
4243.437	81.000
4244.437	74.000
4245.437	72.000
4246.437	67.000
4247.437	81.000
4248.437	74.000
4249.437	81.000
4250.438	72.000
4251.438	77.000
4252.438	62.000
4253.438	71.000
4254.438	79.000
4255.438	61.000
4256.438	63.000
4257.438	74.000
4258.438	77.000
4259.438	55.000
4260.438	58.000
4261.438	65.000
4262.439	77.000
4263.439	76.000
4264.439	78.000
4265.439	66.000
4266.439	62.000
4267.439	96.000
4268.439	75.000
4269.439	71.000
4270.439	76.000
4271.439	75.000
4272.439	65.000
4273.439	63.000
4274.440	68.000
4275.440	63.000
4276.440	69.000
4277.440	70.000
4278.440	62.000
4279.440	82.000
4280.440	62.000
4281.440	78.000
4282.440	67.000
4283.440	75.000
4284.440	74.000
4285.440	89.000
4286.441	72.000
4287.441	73.000
4288.441	67.000
4289.441	81.000
4290.441	67.000
4291.441	74.000
4292.441	64.000
4293.441	77.000
4294.441	64.000
4295.441	83.000
4296.441	66.000
4297.441	61.000
4298.442	78.000
4299.442	76.000
4300.442	94.000
4301.442	78.000
4302.442	61.000
4303.442	75.000
4304.442	70.000
4305.442	67.000
4306.442	84.000
4307.442	77.000
4308.442	86.000
4309.442	75.000
4310.443	75.000
4311.443	81.000
4312.443	60.000
4313.443	69.000
4314.443	88.000
4315.443	70.000
4316.443	72.000
4317.443	79.000
4318.443	67.000
4319.443	79.000
4320.443	77.000
4321.443	74.000
4322.444	58.000
4323.444	80.000
4324.444	71.000
4325.444	76.000
4326.444	80.000
4327.444	83.000
4328.444	88.000
4329.444	78.000
4330.444	82.000
4331.444	75.000
4332.444	80.000
4333.444	77.000
4334.445	76.000
4335.445	77.000
4336.445	65.000
4337.445	69.000
4338.445	72.000
4339.445	69.000
4340.445	79.000
4341.445	80.000
4342.445	72.000
4343.445	79.000
4344.445	85.000
4345.445	83.000
4346.446	72.000
4347.446	63.000
4348.446	83.000
4349.446	89.000
4350.446	75.000
4351.446	85.000
4352.446	69.000
4353.446	72.000
4354.446	97.000
4355.446	53.000
4356.446	82.000
4357.446	77.000
4358.447	73.000
4359.447	73.000
4360.447	70.000
4361.447	71.000
4362.447	76.000
4363.447	79.000
4364.447	60.000
4365.447	73.000
4366.447	76.000
4367.447	74.000
4368.447	78.000
4369.447	69.000
4370.448	89.000
4371.448	78.000
4372.448	77.000
4373.448	75.000
4374.448	79.000
4375.448	76.000
4376.448	75.000
4377.448	70.000
4378.448	67.000
4379.448	60.000
4380.448	65.000
4381.448	64.000
4382.449	72.000
4383.449	76.000
4384.449	78.000
4385.449	85.000
4386.449	79.000
4387.449	71.000
4388.449	71.000
4389.449	64.000
4390.449	79.000
4391.449	96.000
4392.449	75.000
4393.449	68.000
4394.450	74.000
4395.450	59.000
4396.450	80.000
4397.450	63.000
4398.450	74.000
4399.450	88.000
4400.450	67.000
4401.450	81.000
4402.450	91.000
4403.450	83.000
4404.450	83.000
4405.450	77.000
4406.451	70.000
4407.451	83.000
4408.451	91.000
4409.451	69.000
4410.451	85.000
4411.451	84.000
4412.451	80.000
4413.451	68.000
4414.451	77.000
4415.451	93.000
4416.451	63.000
4417.451	74.000
4418.452	79.000
4419.452	80.000
4420.452	69.000
4421.452	73.000
4422.452	73.000
4423.452	81.000
4424.452	85.000
4425.452	75.000
4426.452	79.000
4427.452	88.000
4428.452	91.000
4429.452	75.000
4430.453	69.000
4431.453	91.000
4432.453	78.000
4433.453	93.000
4434.453	62.000
4435.453	77.000
4436.453	95.000
4437.453	87.000
4438.453	91.000
4439.453	72.000
4440.453	86.000
4441.453	82.000
4442.454	84.000
4443.454	87.000
4444.454	83.000
4445.454	94.000
4446.454	96.000
4447.454	91.000
4448.454	82.000
4449.454	79.000
4450.454	98.000
4451.454	101.000
4452.454	91.000
4453.454	101.000
4454.455	85.000
4455.455	80.000
4456.455	67.000
4457.455	82.000
4458.455	84.000
4459.455	68.000
4460.455	69.000
4461.455	84.000
4462.455	75.000
4463.455	70.000
4464.455	111.000
4465.455	75.000
4466.456	86.000
4467.456	83.000
4468.456	92.000
4469.456	88.000
4470.456	78.000
4471.456	79.000
4472.456	92.000
4473.456	81.000
4474.456	73.000
4475.456	97.000
4476.456	67.000
4477.456	92.000
4478.457	96.000
4479.457	79.000
4480.457	86.000
4481.457	90.000
4482.457	68.000
4483.457	72.000
4484.457	84.000
4485.457	82.000
4486.457	87.000
4487.457	89.000
4488.457	99.000
4489.457	85.000
4490.458	91.000
4491.458	77.000
4492.458	88.000
4493.458	80.000
4494.458	66.000
4495.458	84.000
4496.458	79.000
4497.458	90.000
4498.458	84.000
4499.458	77.000
4500.458	85.000
4501.458	94.000
4502.459	86.000
4503.459	88.000
4504.459	84.000
4505.459	81.000
4506.459	93.000
4507.459	80.000
4508.459	83.000
4509.459	91.000
4510.459	78.000
4511.459	89.000
4512.459	80.000
4513.459	75.000
4514.460	96.000
4515.460	79.000
4516.460	85.000
4517.460	62.000
4518.460	77.000
4519.460	77.000
4520.460	78.000
4521.460	73.000
4522.460	81.000
4523.460	61.000
4524.460	84.000
4525.460	96.000
4526.461	92.000
4527.461	81.000
4528.461	82.000
4529.461	67.000
4530.461	71.000
4531.461	91.000
4532.461	71.000
4533.461	67.000
4534.461	83.000
4535.461	79.000
4536.461	74.000
4537.461	100.000
4538.462	83.000
4539.462	90.000
4540.462	69.000
4541.462	81.000
4542.462	74.000
4543.462	73.000
4544.462	80.000
4545.462	68.000
4546.462	72.000
4547.462	67.000
4548.462	82.000
4549.462	65.000
4550.463	85.000
4551.463	75.000
4552.463	77.000
4553.463	74.000
4554.463	59.000
4555.463	80.000
4556.463	86.000
4557.463	93.000
4558.463	78.000
4559.463	80.000
4560.463	67.000
4561.463	67.000
4562.464	67.000
4563.464	64.000
4564.464	88.000
4565.464	79.000
4566.464	70.000
4567.464	61.000
4568.464	82.000
4569.464	71.000
4570.464	69.000
4571.464	81.000
4572.464	64.000
4573.464	67.000
4574.465	82.000
4575.465	85.000
4576.465	66.000
4577.465	87.000
4578.465	57.000
4579.465	67.000
4580.465	59.000
4581.465	59.000
4582.465	87.000
4583.465	77.000
4584.465	79.000
4585.465	67.000
4586.466	73.000
4587.466	54.000
4588.466	52.000
4589.466	67.000
4590.466	61.000
4591.466	62.000
4592.466	71.000
4593.466	64.000
4594.466	70.000
4595.466	61.000
4596.466	68.000
4597.466	62.000
4598.467	58.000
4599.467	65.000
4600.467	68.000
4601.467	70.000
4602.467	80.000
4603.467	64.000
4604.467	66.000
4605.467	59.000
4606.467	62.000
4607.467	54.000
4608.467	57.000
4609.467	50.000
4610.468	51.000
4611.468	49.000
4612.468	79.000
4613.468	60.000
4614.468	54.000
4615.468	64.000
4616.468	72.000
4617.468	65.000
4618.468	67.000
4619.468	59.000
4620.468	72.000
4621.468	56.000
4622.469	56.000
4623.469	35.000
4624.469	49.000
4625.469	65.000
4626.469	47.000
4627.469	65.000
4628.469	56.000
4629.469	60.000
4630.469	48.000
4631.469	54.000
4632.469	56.000
4633.469	39.000
4634.470	52.000
4635.470	51.000
4636.470	55.000
4637.470	60.000
4638.470	45.000
4639.470	57.000
4640.470	53.000
4641.470	62.000
4642.470	55.000
4643.470	51.000
4644.470	67.000
4645.470	43.000
4646.471	41.000
4647.471	48.000
4648.471	38.000
4649.471	54.000
4650.471	52.000
4651.471	45.000
4652.471	53.000
4653.471	51.000
4654.471	57.000
4655.471	49.000
4656.471	58.000
4657.471	50.000
4658.472	56.000
4659.472	62.000
4660.472	47.000
4661.472	50.000
4662.472	44.000
4663.472	48.000
4664.472	50.000
4665.472	51.000
4666.472	51.000
4667.472	37.000
4668.472	48.000
4669.472	42.000
4670.473	43.000
4671.473	48.000
4672.473	44.000
4673.473	43.000
4674.473	45.000
4675.473	52.000
4676.473	36.000
4677.473	61.000
4678.473	41.000
4679.473	39.000
4680.473	40.000
4681.473	51.000
4682.474	52.000
4683.474	55.000
4684.474	39.000
4685.474	33.000
4686.474	33.000
4687.474	43.000
4688.474	45.000
4689.474	29.000
4690.474	45.000
4691.474	41.000
4692.474	39.000
4693.474	49.000
4694.475	49.000
4695.475	53.000
4696.475	45.000
4697.475	40.000
4698.475	46.000
4699.475	45.000
4700.475	32.000
4701.475	49.000
4702.475	35.000
4703.475	35.000
4704.475	37.000
4705.475	33.000
4706.476	41.000
4707.476	46.000
4708.476	34.000
4709.476	44.000
4710.476	41.000
4711.476	41.000
4712.476	46.000
4713.476	41.000
4714.476	47.000
4715.476	45.000
4716.476	32.000
4717.476	42.000
4718.477	38.000
4719.477	27.000
4720.477	36.000
4721.477	45.000
4722.477	49.000
4723.477	45.000
4724.477	37.000
4725.477	34.000
4726.477	39.000
4727.477	30.000
4728.477	40.000
4729.477	30.000
4730.478	47.000
4731.478	33.000
4732.478	36.000
4733.478	35.000
4734.478	44.000
4735.478	45.000
4736.478	46.000
4737.478	38.000
4738.478	39.000
4739.478	37.000
4740.478	34.000
4741.478	38.000
4742.479	35.000
4743.479	40.000
4744.479	33.000
4745.479	61.000
4746.479	42.000
4747.479	28.000
4748.479	35.000
4749.479	35.000
4750.479	37.000
4751.479	34.000
4752.479	37.000
4753.479	35.000
4754.480	37.000
4755.480	36.000
4756.480	50.000
4757.480	31.000
4758.480	36.000
4759.480	41.000
4760.480	37.000
4761.480	43.000
4762.480	47.000
4763.480	50.000
4764.480	40.000
4765.480	37.000
4766.481	33.000
4767.481	36.000
4768.481	41.000
4769.481	40.000
4770.481	38.000
4771.481	43.000
4772.481	40.000
4773.481	42.000
4774.481	38.000
4775.481	39.000
4776.481	31.000
4777.481	35.000
4778.482	41.000
4779.482	31.000
4780.482	31.000
4781.482	39.000
4782.482	35.000
4783.482	39.000
4784.482	35.000
4785.482	36.000
4786.482	27.000
4787.482	38.000
4788.482	50.000
4789.482	40.000
4790.483	35.000
4791.483	35.000
4792.483	33.000
4793.483	39.000
4794.483	46.000
4795.483	45.000
4796.483	37.000
4797.483	45.000
4798.483	42.000
4799.483	51.000
4800.483	41.000
4801.483	42.000
4802.484	35.000
4803.484	40.000
4804.484	35.000
4805.484	34.000
4806.484	46.000
4807.484	32.000
4808.484	37.000
4809.484	54.000
4810.484	34.000
4811.484	22.000
4812.484	30.000
4813.484	37.000
4814.485	37.000
4815.485	42.000
4816.485	37.000
4817.485	52.000
4818.485	34.000
4819.485	30.000
4820.485	33.000
4821.485	36.000
4822.485	38.000
4823.485	46.000
4824.485	25.000
4825.485	43.000
4826.486	40.000
4827.486	40.000
4828.486	21.000
4829.486	45.000
4830.486	39.000
4831.486	28.000
4832.486	32.000
4833.486	42.000
4834.486	37.000
4835.486	34.000
4836.486	33.000
4837.486	33.000
4838.487	36.000
4839.487	34.000
4840.487	24.000
4841.487	33.000
4842.487	28.000
4843.487	44.000
4844.487	43.000
4845.487	51.000
4846.487	40.000
4847.487	36.000
4848.487	32.000
4849.487	36.000
4850.488	32.000
4851.488	49.000
4852.488	36.000
4853.488	39.000
4854.488	27.000
4855.488	50.000
4856.488	39.000
4857.488	37.000
4858.488	38.000
4859.488	27.000
4860.488	46.000
4861.488	34.000
4862.489	51.000
4863.489	34.000
4864.489	41.000
4865.489	42.000
4866.489	33.000
4867.489	29.000
4868.489	39.000
4869.489	40.000
4870.489	38.000
4871.489	41.000
4872.489	45.000
4873.489	41.000
4874.490	33.000
4875.490	51.000
4876.490	48.000
4877.490	35.000
4878.490	41.000
4879.490	40.000
4880.490	41.000
4881.490	35.000
4882.490	39.000
4883.490	34.000
4884.490	27.000
4885.490	43.000
4886.491	41.000
4887.491	52.000
4888.491	40.000
4889.491	38.000
4890.491	43.000
4891.491	38.000
4892.491	30.000
4893.491	45.000
4894.491	50.000
4895.491	44.000
4896.491	37.000
4897.491	42.000
4898.492	42.000
4899.492	43.000
4900.492	35.000
4901.492	27.000
4902.492	42.000
4903.492	43.000
4904.492	37.000
4905.492	38.000
4906.492	36.000
4907.492	45.000
4908.492	33.000
4909.492	43.000
4910.493	27.000
4911.493	29.000
4912.493	42.000
4913.493	40.000
4914.493	42.000
4915.493	38.000
4916.493	33.000
4917.493	32.000
4918.493	42.000
4919.493	29.000
4920.493	37.000
4921.493	52.000
4922.494	33.000
4923.494	36.000
4924.494	34.000
4925.494	40.000
4926.494	36.000
4927.494	43.000
4928.494	39.000
4929.494	40.000
4930.494	46.000
4931.494	45.000
4932.494	38.000
4933.494	46.000
4934.495	36.000
4935.495	40.000
4936.495	40.000
4937.495	28.000
4938.495	43.000
4939.495	34.000
4940.495	45.000
4941.495	32.000
4942.495	33.000
4943.495	36.000
4944.495	38.000
4945.495	46.000
4946.496	45.000
4947.496	40.000
4948.496	30.000
4949.496	40.000
4950.496	28.000
4951.496	45.000
4952.496	38.000
4953.496	36.000
4954.496	39.000
4955.496	40.000
4956.496	38.000
4957.496	43.000
4958.497	39.000
4959.497	41.000
4960.497	41.000
4961.497	39.000
4962.497	27.000
4963.497	35.000
4964.497	30.000
4965.497	37.000
4966.497	40.000
4967.497	35.000
4968.497	33.000
4969.497	37.000
4970.498	35.000
4971.498	41.000
4972.498	46.000
4973.498	29.000
4974.498	54.000
4975.498	45.000
4976.498	21.000
4977.498	31.000
4978.498	25.000
4979.498	31.000
4980.498	39.000
4981.498	32.000
4982.499	34.000
4983.499	45.000
4984.499	43.000
4985.499	36.000
4986.499	46.000
4987.499	38.000
4988.499	34.000
4989.499	46.000
4990.499	36.000
4991.499	36.000
4992.499	36.000
4993.499	51.000
4994.500	35.000
4995.500	37.000
4996.500	37.000
4997.500	34.000
4998.500	30.000
4999.500	45.000
