-1000.000	0.000
-999.000	0.000
-998.000	0.000
-997.000	0.000
-995.999	0.000
-994.999	0.000
-993.999	0.000
-992.999	0.000
-991.999	0.000
-990.999	0.000
-989.999	0.000
-988.999	0.000
-987.998	0.000
-986.998	0.000
-985.998	0.000
-984.998	0.000
-983.998	0.000
-982.998	0.000
-981.998	0.000
-980.998	0.000
-979.997	0.000
-978.997	0.000
-977.997	0.000
-976.997	0.000
-975.997	0.000
-974.997	0.000
-973.997	0.000
-972.997	0.000
-971.996	0.000
-970.996	0.000
-969.996	0.000
-968.996	0.000
-967.996	0.000
-966.996	0.000
-965.996	0.000
-964.996	0.000
-963.995	0.000
-962.995	0.000
-961.995	0.000
-960.995	0.000
-959.995	0.000
-958.995	0.000
-957.995	0.000
-956.995	0.000
-955.994	0.000
-954.994	0.000
-953.994	0.000
-952.994	0.000
-951.994	0.000
-950.994	0.000
-949.994	0.000
-948.994	0.000
-947.993	0.000
-946.993	0.000
-945.993	0.000
-944.993	0.000
-943.993	0.000
-942.993	0.000
-941.993	0.000
-940.993	0.000
-939.992	0.000
-938.992	0.000
-937.992	0.000
-936.992	0.000
-935.992	0.000
-934.992	0.000
-933.992	0.000
-932.992	0.000
-931.991	0.000
-930.991	0.000
-929.991	0.000
-928.991	0.000
-927.991	0.000
-926.991	0.000
-925.991	0.000
-924.991	0.000
-923.990	0.000
-922.990	0.000
-921.990	0.000
-920.990	0.000
-919.990	0.000
-918.990	0.000
-917.990	0.000
-916.990	0.000
-915.989	0.000
-914.989	0.000
-913.989	0.000
-912.989	0.000
-911.989	0.000
-910.989	0.000
-909.989	0.000
-908.989	0.000
-907.988	0.000
-906.988	0.000
-905.988	0.000
-904.988	0.000
-903.988	0.000
-902.988	0.000
-901.988	0.000
-900.988	0.000
-899.987	0.000
-898.987	0.000
-897.987	0.000
-896.987	0.000
-895.987	0.000
-894.987	0.000
-893.987	0.000
-892.987	0.000
-891.986	0.000
-890.986	0.000
-889.986	0.000
-888.986	0.000
-887.986	0.000
-886.986	0.000
-885.986	0.000
-884.986	0.000
-883.985	0.000
-882.985	0.000
-881.985	0.000
-880.985	0.000
-879.985	0.000
-878.985	0.000
-877.985	0.000
-876.985	0.000
-875.984	0.000
-874.984	0.000
-873.984	0.000
-872.984	0.000
-871.984	0.000
-870.984	0.000
-869.984	0.000
-868.984	0.000
-867.983	0.000
-866.983	0.000
-865.983	0.000
-864.983	0.000
-863.983	0.000
-862.983	0.000
-861.983	0.000
-860.983	0.000
-859.982	0.000
-858.982	0.000
-857.982	0.000
-856.982	0.000
-855.982	0.000
-854.982	0.000
-853.982	0.000
-852.982	0.000
-851.981	0.000
-850.981	0.000
-849.981	0.000
-848.981	0.000
-847.981	0.000
-846.981	0.000
-845.981	0.000
-844.981	0.000
-843.980	0.000
-842.980	0.000
-841.980	0.000
-840.980	0.000
-839.980	0.000
-838.980	0.000
-837.980	0.000
-836.980	0.000
-835.979	0.000
-834.979	0.000
-833.979	0.000
-832.979	0.000
-831.979	0.000
-830.979	0.000
-829.979	0.000
-828.979	0.000
-827.978	0.000
-826.978	0.000
-825.978	0.000
-824.978	0.000
-823.978	0.000
-822.978	0.000
-821.978	0.000
-820.978	0.000
-819.977	0.000
-818.977	0.000
-817.977	0.000
-816.977	0.000
-815.977	0.000
-814.977	0.000
-813.977	0.000
-812.977	0.000
-811.976	0.000
-810.976	0.000
-809.976	0.000
-808.976	0.000
-807.976	0.000
-806.976	0.000
-805.976	0.000
-804.976	0.000
-803.975	0.000
-802.975	0.000
-801.975	0.000
-800.975	0.000
-799.975	0.000
-798.975	0.000
-797.975	0.000
-796.975	0.000
-795.974	0.000
-794.974	0.000
-793.974	0.000
-792.974	0.000
-791.974	0.000
-790.974	0.000
-789.974	0.000
-788.974	0.000
-787.973	0.000
-786.973	0.000
-785.973	0.000
-784.973	0.000
-783.973	0.000
-782.973	0.000
-781.973	0.000
-780.973	0.000
-779.972	0.000
-778.972	0.000
-777.972	0.000
-776.972	0.000
-775.972	0.000
-774.972	0.000
-773.972	0.000
-772.972	0.000
-771.971	0.000
-770.971	0.000
-769.971	0.000
-768.971	0.000
-767.971	0.000
-766.971	0.000
-765.971	0.000
-764.971	0.000
-763.970	0.000
-762.970	0.000
-761.970	0.000
-760.970	0.000
-759.970	0.000
-758.970	0.000
-757.970	0.000
-756.970	0.000
-755.969	0.000
-754.969	0.000
-753.969	0.000
-752.969	0.000
-751.969	0.000
-750.969	0.000
-749.969	0.000
-748.969	0.000
-747.968	0.000
-746.968	0.000
-745.968	0.000
-744.968	0.000
-743.968	0.000
-742.968	0.000
-741.968	0.000
-740.968	0.000
-739.967	0.000
-738.967	0.000
-737.967	0.000
-736.967	0.000
-735.967	0.000
-734.967	0.000
-733.967	0.000
-732.967	0.000
-731.966	0.000
-730.966	0.000
-729.966	0.000
-728.966	0.000
-727.966	0.000
-726.966	0.000
-725.966	0.000
-724.966	0.000
-723.965	0.000
-722.965	0.000
-721.965	0.000
-720.965	0.000
-719.965	0.000
-718.965	0.000
-717.965	0.000
-716.965	0.000
-715.964	0.000
-714.964	0.000
-713.964	0.000
-712.964	0.000
-711.964	0.000
-710.964	0.000
-709.964	0.000
-708.964	0.000
-707.963	0.000
-706.963	0.000
-705.963	0.000
-704.963	0.000
-703.963	0.000
-702.963	0.000
-701.963	0.000
-700.963	0.000
-699.962	0.000
-698.962	0.000
-697.962	0.000
-696.962	0.000
-695.962	0.000
-694.962	0.000
-693.962	0.000
-692.962	0.000
-691.961	0.000
-690.961	0.000
-689.961	0.000
-688.961	0.000
-687.961	0.000
-686.961	0.000
-685.961	0.000
-684.961	0.000
-683.960	0.000
-682.960	0.000
-681.960	0.000
-680.960	0.000
-679.960	0.000
-678.960	0.000
-677.960	0.000
-676.960	0.000
-675.959	0.000
-674.959	0.000
-673.959	0.000
-672.959	0.000
-671.959	0.000
-670.959	0.000
-669.959	0.000
-668.959	0.000
-667.958	0.000
-666.958	0.000
-665.958	0.000
-664.958	0.000
-663.958	0.000
-662.958	0.000
-661.958	0.000
-660.958	0.000
-659.957	0.000
-658.957	0.000
-657.957	0.000
-656.957	0.000
-655.957	0.000
-654.957	0.000
-653.957	0.000
-652.957	0.000
-651.956	0.000
-650.956	0.000
-649.956	0.000
-648.956	0.000
-647.956	0.000
-646.956	0.000
-645.956	0.000
-644.956	0.000
-643.955	0.000
-642.955	0.000
-641.955	0.000
-640.955	0.000
-639.955	0.000
-638.955	0.000
-637.955	0.000
-636.955	0.000
-635.954	0.000
-634.954	0.000
-633.954	0.000
-632.954	0.000
-631.954	0.000
-630.954	0.000
-629.954	0.000
-628.954	0.000
-627.953	0.000
-626.953	0.000
-625.953	0.000
-624.953	0.000
-623.953	0.000
-622.953	0.000
-621.953	0.000
-620.953	0.000
-619.952	0.000
-618.952	0.000
-617.952	0.000
-616.952	0.000
-615.952	0.000
-614.952	0.000
-613.952	0.000
-612.952	0.000
-611.951	0.000
-610.951	0.000
-609.951	0.000
-608.951	0.000
-607.951	0.000
-606.951	0.000
-605.951	0.000
-604.951	0.000
-603.950	0.000
-602.950	0.000
-601.950	0.000
-600.950	0.000
-599.950	0.000
-598.950	0.000
-597.950	0.000
-596.950	0.000
-595.949	0.000
-594.949	0.000
-593.949	0.000
-592.949	0.000
-591.949	0.000
-590.949	0.000
-589.949	0.000
-588.949	0.000
-587.948	0.000
-586.948	0.000
-585.948	0.000
-584.948	0.000
-583.948	0.000
-582.948	0.000
-581.948	0.000
-580.948	0.000
-579.947	0.000
-578.947	0.000
-577.947	0.000
-576.947	0.000
-575.947	0.000
-574.947	0.000
-573.947	0.000
-572.947	0.000
-571.946	0.000
-570.946	0.000
-569.946	0.000
-568.946	0.000
-567.946	0.000
-566.946	0.000
-565.946	0.000
-564.946	0.000
-563.945	0.000
-562.945	0.000
-561.945	0.000
-560.945	0.000
-559.945	0.000
-558.945	0.000
-557.945	0.000
-556.945	0.000
-555.944	0.000
-554.944	0.000
-553.944	0.000
-552.944	0.000
-551.944	0.000
-550.944	0.000
-549.944	0.000
-548.944	0.000
-547.943	0.000
-546.943	0.000
-545.943	0.000
-544.943	0.000
-543.943	0.000
-542.943	0.000
-541.943	0.000
-540.943	0.000
-539.942	0.000
-538.942	0.000
-537.942	0.000
-536.942	0.000
-535.942	0.000
-534.942	0.000
-533.942	0.000
-532.942	0.000
-531.941	0.000
-530.941	0.000
-529.941	0.000
-528.941	0.000
-527.941	0.000
-526.941	0.000
-525.941	0.000
-524.941	0.000
-523.940	0.000
-522.940	0.000
-521.940	0.000
-520.940	0.000
-519.940	0.000
-518.940	0.000
-517.940	0.000
-516.940	0.000
-515.939	0.000
-514.939	0.000
-513.939	0.000
-512.939	0.000
-511.939	0.000
-510.939	0.000
-509.939	0.000
-508.939	0.000
-507.938	0.000
-506.938	0.000
-505.938	0.000
-504.938	0.000
-503.938	0.000
-502.938	0.000
-501.938	0.000
-500.938	0.000
-499.937	0.000
-498.937	0.000
-497.937	0.000
-496.937	0.000
-495.937	0.000
-494.937	0.000
-493.937	0.000
-492.937	0.000
-491.936	0.000
-490.936	0.000
-489.936	0.000
-488.936	0.000
-487.936	0.000
-486.936	0.000
-485.936	0.000
-484.936	0.000
-483.935	0.000
-482.935	0.000
-481.935	0.000
-480.935	0.000
-479.935	0.000
-478.935	0.000
-477.935	0.000
-476.935	0.000
-475.934	0.000
-474.934	0.000
-473.934	0.000
-472.934	0.000
-471.934	0.000
-470.934	0.000
-469.934	0.000
-468.934	0.000
-467.933	0.000
-466.933	0.000
-465.933	0.000
-464.933	0.000
-463.933	0.000
-462.933	0.000
-461.933	0.000
-460.933	0.000
-459.932	0.000
-458.932	0.000
-457.932	0.000
-456.932	0.000
-455.932	0.000
-454.932	0.000
-453.932	0.000
-452.932	0.000
-451.931	0.000
-450.931	0.000
-449.931	0.000
-448.931	0.000
-447.931	0.000
-446.931	0.000
-445.931	0.000
-444.931	0.000
-443.930	0.000
-442.930	0.000
-441.930	0.000
-440.930	0.000
-439.930	0.000
-438.930	0.000
-437.930	0.000
-436.930	0.000
-435.929	0.000
-434.929	0.000
-433.929	0.000
-432.929	0.000
-431.929	0.000
-430.929	0.000
-429.929	0.000
-428.929	0.000
-427.928	0.000
-426.928	0.000
-425.928	0.000
-424.928	0.000
-423.928	0.000
-422.928	0.000
-421.928	0.000
-420.928	0.000
-419.927	0.000
-418.927	0.000
-417.927	0.000
-416.927	0.000
-415.927	0.000
-414.927	0.000
-413.927	0.000
-412.927	0.000
-411.926	0.000
-410.926	0.000
-409.926	0.000
-408.926	0.000
-407.926	0.000
-406.926	0.000
-405.926	0.000
-404.926	0.000
-403.925	0.000
-402.925	0.000
-401.925	0.000
-400.925	0.000
-399.925	0.000
-398.925	0.000
-397.925	0.000
-396.925	0.000
-395.924	0.000
-394.924	0.000
-393.924	0.000
-392.924	0.000
-391.924	0.000
-390.924	0.000
-389.924	0.000
-388.924	0.000
-387.923	0.000
-386.923	0.000
-385.923	0.000
-384.923	0.000
-383.923	0.000
-382.923	0.000
-381.923	0.000
-380.923	0.000
-379.922	0.000
-378.922	0.000
-377.922	0.000
-376.922	0.000
-375.922	0.000
-374.922	0.000
-373.922	0.000
-372.922	0.000
-371.921	0.000
-370.921	0.000
-369.921	0.000
-368.921	0.000
-367.921	0.000
-366.921	0.000
-365.921	0.000
-364.921	0.000
-363.920	0.000
-362.920	0.000
-361.920	0.000
-360.920	0.000
-359.920	0.000
-358.920	0.000
-357.920	0.000
-356.920	0.000
-355.919	0.000
-354.919	0.000
-353.919	0.000
-352.919	0.000
-351.919	0.000
-350.919	0.000
-349.919	0.000
-348.919	0.000
-347.918	0.000
-346.918	0.000
-345.918	0.000
-344.918	0.000
-343.918	0.000
-342.918	0.000
-341.918	0.000
-340.918	0.000
-339.917	0.000
-338.917	0.000
-337.917	0.000
-336.917	0.000
-335.917	0.000
-334.917	0.000
-333.917	0.000
-332.917	0.000
-331.916	0.000
-330.916	0.000
-329.916	0.000
-328.916	0.000
-327.916	0.000
-326.916	0.000
-325.916	0.000
-324.916	0.000
-323.915	0.000
-322.915	0.000
-321.915	0.000
-320.915	0.000
-319.915	0.000
-318.915	0.000
-317.915	0.000
-316.915	0.000
-315.914	0.000
-314.914	0.000
-313.914	0.000
-312.914	0.000
-311.914	0.000
-310.914	0.000
-309.914	0.000
-308.914	0.000
-307.913	0.000
-306.913	0.000
-305.913	0.000
-304.913	0.000
-303.913	0.000
-302.913	0.000
-301.913	0.000
-300.913	0.000
-299.912	0.000
-298.912	0.000
-297.912	0.000
-296.912	0.000
-295.912	0.000
-294.912	0.000
-293.912	0.000
-292.912	0.000
-291.911	0.000
-290.911	0.000
-289.911	0.000
-288.911	0.000
-287.911	0.000
-286.911	0.000
-285.911	0.000
-284.911	0.000
-283.910	0.000
-282.910	0.000
-281.910	0.000
-280.910	0.000
-279.910	0.000
-278.910	0.000
-277.910	0.000
-276.910	0.000
-275.909	0.000
-274.909	0.000
-273.909	0.000
-272.909	0.000
-271.909	0.000
-270.909	0.000
-269.909	0.000
-268.909	0.000
-267.908	0.000
-266.908	0.000
-265.908	0.000
-264.908	0.000
-263.908	0.000
-262.908	0.000
-261.908	0.000
-260.908	0.000
-259.907	0.000
-258.907	0.000
-257.907	0.000
-256.907	0.000
-255.907	0.000
-254.907	0.000
-253.907	0.000
-252.907	0.000
-251.906	0.000
-250.906	0.000
-249.906	0.000
-248.906	0.000
-247.906	0.000
-246.906	0.000
-245.906	0.000
-244.906	0.000
-243.905	0.000
-242.905	0.000
-241.905	0.000
-240.905	0.000
-239.905	0.000
-238.905	0.000
-237.905	0.000
-236.905	0.000
-235.904	0.000
-234.904	0.000
-233.904	0.000
-232.904	0.000
-231.904	0.000
-230.904	0.000
-229.904	0.000
-228.904	0.000
-227.903	0.000
-226.903	0.000
-225.903	0.000
-224.903	0.000
-223.903	0.000
-222.903	0.000
-221.903	0.000
-220.903	0.000
-219.902	0.000
-218.902	0.000
-217.902	0.000
-216.902	0.000
-215.902	0.000
-214.902	0.000
-213.902	0.000
-212.902	0.000
-211.901	0.000
-210.901	0.000
-209.901	0.000
-208.901	0.000
-207.901	0.000
-206.901	0.000
-205.901	0.000
-204.901	0.000
-203.900	0.000
-202.900	0.000
-201.900	0.000
-200.900	0.000
-199.900	0.000
-198.900	0.000
-197.900	0.000
-196.900	0.000
-195.899	0.000
-194.899	0.000
-193.899	0.000
-192.899	0.000
-191.899	0.000
-190.899	0.000
-189.899	0.000
-188.899	0.000
-187.898	0.000
-186.898	0.000
-185.898	0.000
-184.898	0.000
-183.898	0.000
-182.898	0.000
-181.898	0.000
-180.898	0.000
-179.897	0.000
-178.897	0.000
-177.897	0.000
-176.897	0.000
-175.897	0.000
-174.897	0.000
-173.897	0.000
-172.897	0.000
-171.896	0.000
-170.896	0.000
-169.896	0.000
-168.896	1.000
-167.896	0.000
-166.896	0.000
-165.896	0.000
-164.896	0.000
-163.895	0.000
-162.895	0.000
-161.895	0.000
-160.895	0.000
-159.895	0.000
-158.895	0.000
-157.895	0.000
-156.895	0.000
-155.894	0.000
-154.894	0.000
-153.894	0.000
-152.894	0.000
-151.894	0.000
-150.894	0.000
-149.894	2.000
-148.894	1.000
-147.893	0.000
-146.893	0.000
-145.893	1.000
-144.893	1.000
-143.893	0.000
-142.893	0.000
-141.893	1.000
-140.893	0.000
-139.892	0.000
-138.892	1.000
-137.892	0.000
-136.892	2.000
-135.892	0.000
-134.892	1.000
-133.892	3.000
-132.892	2.000
-131.891	0.000
-130.891	2.000
-129.891	0.000
-128.891	3.000
-127.891	0.000
-126.891	1.000
-125.891	2.000
-124.891	1.000
-123.890	1.000
-122.890	1.000
-121.890	0.000
-120.890	2.000
-119.890	3.000
-118.890	1.000
-117.890	4.000
-116.890	7.000
-115.889	5.000
-114.889	2.000
-113.889	5.000
-112.889	5.000
-111.889	3.000
-110.889	3.000
-109.889	7.000
-108.889	6.000
-107.888	6.000
-106.888	10.000
-105.888	6.000
-104.888	9.000
-103.888	4.000
-102.888	5.000
-101.888	7.000
-100.888	9.000
-99.887	11.000
-98.887	19.000
-97.887	6.000
-96.887	8.000
-95.887	18.000
-94.887	11.000
-93.887	11.000
-92.887	12.000
-91.886	10.000
-90.886	13.000
-89.886	14.000
-88.886	9.000
-87.886	13.000
-86.886	18.000
-85.886	22.000
-84.886	20.000
-83.885	22.000
-82.885	17.000
-81.885	25.000
-80.885	26.000
-79.885	25.000
-78.885	22.000
-77.885	26.000
-76.885	28.000
-75.884	28.000
-74.884	26.000
-73.884	40.000
-72.884	32.000
-71.884	28.000
-70.884	31.000
-69.884	38.000
-68.884	36.000
-67.883	47.000
-66.883	46.000
-65.883	26.000
-64.883	45.000
-63.883	54.000
-62.883	37.000
-61.883	48.000
-60.883	43.000
-59.882	47.000
-58.882	53.000
-57.882	57.000
-56.882	50.000
-55.882	53.000
-54.882	61.000
-53.882	60.000
-52.882	69.000
-51.881	68.000
-50.881	78.000
-49.881	73.000
-48.881	73.000
-47.881	72.000
-46.881	85.000
-45.881	83.000
-44.881	99.000
-43.880	81.000
-42.880	72.000
-41.880	97.000
-40.880	94.000
-39.880	102.000
-38.880	101.000
-37.880	108.000
-36.880	100.000
-35.879	104.000
-34.879	121.000
-33.879	120.000
-32.879	112.000
-31.879	132.000
-30.879	139.000
-29.879	123.000
-28.879	89.000
-27.878	123.000
-26.878	124.000
-25.878	126.000
-24.878	153.000
-23.878	151.000
-22.878	129.000
-21.878	164.000
-20.878	155.000
-19.877	156.000
-18.877	159.000
-17.877	138.000
-16.877	128.000
-15.877	158.000
-14.877	174.000
-13.877	159.000
-12.877	162.000
-11.876	152.000
-10.876	145.000
-9.876	174.000
-8.876	156.000
-7.876	161.000
-6.876	170.000
-5.876	170.000
-4.876	158.000
-3.875	171.000
-2.875	195.000
-1.875	179.000
-0.875	167.000
0.125	171.000
1.125	183.000
2.125	198.000
3.125	183.000
4.126	192.000
5.126	190.000
6.126	165.000
7.126	167.000
8.126	208.000
9.126	179.000
10.126	173.000
11.126	157.000
12.127	179.000
13.127	157.000
14.127	172.000
15.127	167.000
16.127	190.000
17.127	170.000
18.127	178.000
19.127	180.000
20.128	200.000
21.128	155.000
22.128	177.000
23.128	162.000
24.128	181.000
25.128	171.000
26.128	155.000
27.128	162.000
28.129	148.000
29.129	123.000
30.129	151.000
31.129	154.000
32.129	146.000
33.129	145.000
34.129	146.000
35.129	144.000
36.130	150.000
37.130	168.000
38.130	135.000
39.130	130.000
40.130	145.000
41.130	111.000
42.130	110.000
43.130	122.000
44.131	119.000
45.131	115.000
46.131	117.000
47.131	116.000
48.131	111.000
49.131	119.000
50.131	120.000
51.131	100.000
52.132	94.000
53.132	99.000
54.132	96.000
55.132	120.000
56.132	95.000
57.132	99.000
58.132	90.000
59.132	85.000
60.133	76.000
61.133	77.000
62.133	69.000
63.133	77.000
64.133	81.000
65.133	67.000
66.133	73.000
67.133	68.000
68.134	73.000
69.134	68.000
70.134	67.000
71.134	72.000
72.134	56.000
73.134	51.000
74.134	52.000
75.134	34.000
76.135	53.000
77.135	50.000
78.135	50.000
79.135	41.000
80.135	48.000
81.135	46.000
82.135	38.000
83.135	47.000
84.136	36.000
85.136	36.000
86.136	39.000
87.136	31.000
88.136	26.000
89.136	29.000
90.136	38.000
91.136	28.000
92.137	35.000
93.137	25.000
94.137	31.000
95.137	26.000
96.137	19.000
97.137	25.000
98.137	26.000
99.137	20.000
100.138	23.000
101.138	20.000
102.138	15.000
103.138	21.000
104.138	25.000
105.138	18.000
106.138	18.000
107.138	22.000
108.139	14.000
109.139	16.000
110.139	12.000
111.139	11.000
112.139	14.000
113.139	10.000
114.139	14.000
115.139	12.000
116.140	13.000
117.140	10.000
118.140	5.000
119.140	9.000
120.140	8.000
121.140	8.000
122.140	5.000
123.140	7.000
124.141	8.000
125.141	4.000
126.141	9.000
127.141	5.000
128.141	5.000
129.141	3.000
130.141	5.000
131.141	3.000
132.142	7.000
133.142	5.000
134.142	2.000
135.142	5.000
136.142	4.000
137.142	2.000
138.142	4.000
139.142	4.000
140.143	1.000
141.143	0.000
142.143	4.000
143.143	2.000
144.143	1.000
145.143	3.000
146.143	2.000
147.143	2.000
148.144	5.000
149.144	1.000
150.144	2.000
151.144	2.000
152.144	0.000
153.144	2.000
154.144	2.000
155.144	0.000
156.145	1.000
157.145	1.000
158.145	0.000
159.145	0.000
160.145	0.000
161.145	0.000
162.145	1.000
163.145	0.000
164.146	1.000
165.146	3.000
166.146	0.000
167.146	1.000
168.146	1.000
169.146	1.000
170.146	0.000
171.146	0.000
172.147	1.000
173.147	1.000
174.147	0.000
175.147	0.000
176.147	1.000
177.147	2.000
178.147	0.000
179.147	2.000
180.148	1.000
181.148	0.000
182.148	3.000
183.148	1.000
184.148	0.000
185.148	2.000
186.148	1.000
187.148	1.000
188.149	0.000
189.149	0.000
190.149	0.000
191.149	0.000
192.149	1.000
193.149	0.000
194.149	0.000
195.149	2.000
196.150	0.000
197.150	1.000
198.150	0.000
199.150	0.000
200.150	0.000
201.150	0.000
202.150	0.000
203.150	0.000
204.151	2.000
205.151	1.000
206.151	0.000
207.151	0.000
208.151	2.000
209.151	3.000
210.151	1.000
211.151	0.000
212.152	0.000
213.152	0.000
214.152	1.000
215.152	1.000
216.152	0.000
217.152	2.000
218.152	0.000
219.152	0.000
220.153	0.000
221.153	0.000
222.153	0.000
223.153	0.000
224.153	0.000
225.153	3.000
226.153	0.000
227.153	0.000
228.154	0.000
229.154	0.000
230.154	0.000
231.154	0.000
232.154	0.000
233.154	0.000
234.154	0.000
235.154	1.000
236.155	0.000
237.155	0.000
238.155	0.000
239.155	0.000
240.155	1.000
241.155	0.000
242.155	0.000
243.155	0.000
244.156	1.000
245.156	1.000
246.156	0.000
247.156	0.000
248.156	0.000
249.156	0.000
250.156	1.000
251.156	2.000
252.157	0.000
253.157	2.000
254.157	1.000
255.157	1.000
256.157	2.000
257.157	1.000
258.157	1.000
259.157	0.000
260.158	1.000
261.158	1.000
262.158	0.000
263.158	0.000
264.158	2.000
265.158	0.000
266.158	0.000
267.158	1.000
268.159	0.000
269.159	0.000
270.159	0.000
271.159	1.000
272.159	0.000
273.159	0.000
274.159	0.000
275.159	0.000
276.160	0.000
277.160	0.000
278.160	0.000
279.160	2.000
280.160	2.000
281.160	0.000
282.160	1.000
283.160	0.000
284.161	1.000
285.161	0.000
286.161	0.000
287.161	0.000
288.161	0.000
289.161	1.000
290.161	0.000
291.161	0.000
292.162	1.000
293.162	1.000
294.162	1.000
295.162	0.000
296.162	1.000
297.162	0.000
298.162	0.000
299.162	0.000
300.163	3.000
301.163	0.000
302.163	1.000
303.163	0.000
304.163	2.000
305.163	2.000
306.163	0.000
307.163	1.000
308.164	0.000
309.164	0.000
310.164	0.000
311.164	0.000
312.164	0.000
313.164	0.000
314.164	0.000
315.164	0.000
316.165	2.000
317.165	1.000
318.165	0.000
319.165	2.000
320.165	0.000
321.165	1.000
322.165	2.000
323.165	1.000
324.166	1.000
325.166	0.000
326.166	0.000
327.166	0.000
328.166	1.000
329.166	0.000
330.166	1.000
331.166	1.000
332.167	0.000
333.167	0.000
334.167	0.000
335.167	1.000
336.167	0.000
337.167	1.000
338.167	1.000
339.167	1.000
340.168	0.000
341.168	1.000
342.168	0.000
343.168	1.000
344.168	0.000
345.168	2.000
346.168	1.000
347.168	0.000
348.169	0.000
349.169	2.000
350.169	0.000
351.169	0.000
352.169	1.000
353.169	0.000
354.169	0.000
355.169	1.000
356.170	0.000
357.170	1.000
358.170	0.000
359.170	0.000
360.170	0.000
361.170	1.000
362.170	0.000
363.170	0.000
364.171	2.000
365.171	0.000
366.171	1.000
367.171	0.000
368.171	2.000
369.171	0.000
370.171	0.000
371.171	2.000
372.172	0.000
373.172	1.000
374.172	0.000
375.172	0.000
376.172	1.000
377.172	2.000
378.172	1.000
379.172	1.000
380.173	2.000
381.173	1.000
382.173	4.000
383.173	0.000
384.173	1.000
385.173	0.000
386.173	0.000
387.173	0.000
388.174	2.000
389.174	0.000
390.174	0.000
391.174	2.000
392.174	1.000
393.174	1.000
394.174	1.000
395.174	0.000
396.175	0.000
397.175	1.000
398.175	0.000
399.175	1.000
400.175	0.000
401.175	1.000
402.175	0.000
403.175	0.000
404.176	0.000
405.176	0.000
406.176	0.000
407.176	0.000
408.176	0.000
409.176	0.000
410.176	0.000
411.176	0.000
412.177	0.000
413.177	0.000
414.177	0.000
415.177	0.000
416.177	2.000
417.177	0.000
418.177	3.000
419.177	0.000
420.178	0.000
421.178	0.000
422.178	1.000
423.178	0.000
424.178	2.000
425.178	0.000
426.178	1.000
427.178	0.000
428.179	0.000
429.179	1.000
430.179	0.000
431.179	0.000
432.179	0.000
433.179	1.000
434.179	1.000
435.179	2.000
436.180	3.000
437.180	0.000
438.180	0.000
439.180	0.000
440.180	1.000
441.180	3.000
442.180	2.000
443.180	2.000
444.181	0.000
445.181	0.000
446.181	1.000
447.181	1.000
448.181	1.000
449.181	1.000
450.181	3.000
451.181	0.000
452.182	1.000
453.182	1.000
454.182	0.000
455.182	0.000
456.182	0.000
457.182	1.000
458.182	0.000
459.182	0.000
460.183	0.000
461.183	0.000
462.183	0.000
463.183	1.000
464.183	0.000
465.183	2.000
466.183	2.000
467.183	1.000
468.184	1.000
469.184	0.000
470.184	1.000
471.184	0.000
472.184	1.000
473.184	2.000
474.184	0.000
475.184	2.000
476.185	0.000
477.185	1.000
478.185	0.000
479.185	0.000
480.185	1.000
481.185	0.000
482.185	0.000
483.185	0.000
484.186	0.000
485.186	1.000
486.186	0.000
487.186	0.000
488.186	2.000
489.186	0.000
490.186	1.000
491.186	1.000
492.187	1.000
493.187	1.000
494.187	1.000
495.187	0.000
496.187	1.000
497.187	1.000
498.187	0.000
499.187	0.000
500.188	0.000
501.188	1.000
502.188	0.000
503.188	0.000
504.188	0.000
505.188	0.000
506.188	1.000
507.188	0.000
508.189	1.000
509.189	0.000
510.189	0.000
511.189	1.000
512.189	0.000
513.189	1.000
514.189	0.000
515.189	0.000
516.190	0.000
517.190	0.000
518.190	3.000
519.190	0.000
520.190	1.000
521.190	0.000
522.190	0.000
523.190	2.000
524.191	0.000
525.191	1.000
526.191	0.000
527.191	0.000
528.191	0.000
529.191	0.000
530.191	1.000
531.191	1.000
532.192	0.000
533.192	2.000
534.192	1.000
535.192	2.000
536.192	0.000
537.192	4.000
538.192	1.000
539.192	0.000
540.193	2.000
541.193	2.000
542.193	0.000
543.193	0.000
544.193	0.000
545.193	1.000
546.193	0.000
547.193	1.000
548.194	0.000
549.194	0.000
550.194	0.000
551.194	2.000
552.194	0.000
553.194	0.000
554.194	0.000
555.194	2.000
556.195	0.000
557.195	0.000
558.195	0.000
559.195	2.000
560.195	0.000
561.195	0.000
562.195	0.000
563.195	0.000
564.196	2.000
565.196	1.000
566.196	1.000
567.196	0.000
568.196	0.000
569.196	0.000
570.196	0.000
571.196	0.000
572.197	0.000
573.197	0.000
574.197	2.000
575.197	0.000
576.197	0.000
577.197	1.000
578.197	0.000
579.197	0.000
580.198	1.000
581.198	2.000
582.198	3.000
583.198	0.000
584.198	0.000
585.198	1.000
586.198	0.000
587.198	0.000
588.199	1.000
589.199	1.000
590.199	0.000
591.199	1.000
592.199	0.000
593.199	1.000
594.199	1.000
595.199	1.000
596.200	0.000
597.200	0.000
598.200	1.000
599.200	1.000
600.200	0.000
601.200	0.000
602.200	0.000
603.200	2.000
604.201	0.000
605.201	1.000
606.201	0.000
607.201	2.000
608.201	0.000
609.201	0.000
610.201	0.000
611.201	0.000
612.202	1.000
613.202	0.000
614.202	1.000
615.202	0.000
616.202	0.000
617.202	2.000
618.202	1.000
619.202	0.000
620.203	0.000
621.203	1.000
622.203	0.000
623.203	0.000
624.203	1.000
625.203	0.000
626.203	0.000
627.203	0.000
628.204	1.000
629.204	1.000
630.204	1.000
631.204	2.000
632.204	0.000
633.204	0.000
634.204	0.000
635.204	0.000
636.205	1.000
637.205	2.000
638.205	0.000
639.205	0.000
640.205	1.000
641.205	0.000
642.205	1.000
643.205	1.000
644.206	2.000
645.206	3.000
646.206	1.000
647.206	0.000
648.206	1.000
649.206	0.000
650.206	0.000
651.206	0.000
652.207	0.000
653.207	0.000
654.207	0.000
655.207	0.000
656.207	0.000
657.207	1.000
658.207	3.000
659.207	0.000
660.208	1.000
661.208	2.000
662.208	1.000
663.208	0.000
664.208	1.000
665.208	1.000
666.208	0.000
667.208	1.000
668.209	2.000
669.209	0.000
670.209	1.000
671.209	2.000
672.209	0.000
673.209	1.000
674.209	1.000
675.209	1.000
676.210	0.000
677.210	1.000
678.210	1.000
679.210	1.000
680.210	0.000
681.210	2.000
682.210	0.000
683.210	0.000
684.211	0.000
685.211	1.000
686.211	0.000
687.211	0.000
688.211	1.000
689.211	0.000
690.211	0.000
691.211	1.000
692.212	1.000
693.212	1.000
694.212	0.000
695.212	2.000
696.212	0.000
697.212	1.000
698.212	1.000
699.212	0.000
700.213	1.000
701.213	0.000
702.213	0.000
703.213	0.000
704.213	0.000
705.213	0.000
706.213	1.000
707.213	0.000
708.214	0.000
709.214	0.000
710.214	1.000
711.214	1.000
712.214	1.000
713.214	0.000
714.214	0.000
715.214	1.000
716.215	2.000
717.215	1.000
718.215	2.000
719.215	1.000
720.215	2.000
721.215	1.000
722.215	0.000
723.215	1.000
724.216	2.000
725.216	0.000
726.216	0.000
727.216	0.000
728.216	1.000
729.216	1.000
730.216	3.000
731.216	0.000
732.217	0.000
733.217	0.000
734.217	3.000
735.217	0.000
736.217	1.000
737.217	2.000
738.217	1.000
739.217	1.000
740.218	0.000
741.218	1.000
742.218	1.000
743.218	2.000
744.218	1.000
745.218	2.000
746.218	0.000
747.218	0.000
748.219	1.000
749.219	2.000
750.219	0.000
751.219	0.000
752.219	0.000
753.219	4.000
754.219	2.000
755.219	0.000
756.220	1.000
757.220	0.000
758.220	0.000
759.220	2.000
760.220	1.000
761.220	0.000
762.220	0.000
763.220	1.000
764.221	0.000
765.221	2.000
766.221	0.000
767.221	1.000
768.221	1.000
769.221	1.000
770.221	1.000
771.221	3.000
772.222	0.000
773.222	1.000
774.222	0.000
775.222	0.000
776.222	3.000
777.222	1.000
778.222	0.000
779.222	2.000
780.223	2.000
781.223	4.000
782.223	1.000
783.223	0.000
784.223	0.000
785.223	2.000
786.223	1.000
787.223	3.000
788.224	1.000
789.224	1.000
790.224	0.000
791.224	3.000
792.224	0.000
793.224	1.000
794.224	0.000
795.224	0.000
796.225	0.000
797.225	0.000
798.225	1.000
799.225	1.000
800.225	0.000
801.225	1.000
802.225	3.000
803.225	0.000
804.226	1.000
805.226	0.000
806.226	0.000
807.226	0.000
808.226	1.000
809.226	1.000
810.226	1.000
811.226	1.000
812.227	0.000
813.227	0.000
814.227	1.000
815.227	0.000
816.227	0.000
817.227	0.000
818.227	2.000
819.227	0.000
820.228	2.000
821.228	0.000
822.228	1.000
823.228	0.000
824.228	1.000
825.228	0.000
826.228	1.000
827.228	2.000
828.229	1.000
829.229	0.000
830.229	1.000
831.229	2.000
832.229	0.000
833.229	1.000
834.229	0.000
835.229	0.000
836.230	0.000
837.230	2.000
838.230	1.000
839.230	2.000
840.230	0.000
841.230	0.000
842.230	0.000
843.230	2.000
844.231	1.000
845.231	0.000
846.231	1.000
847.231	0.000
848.231	1.000
849.231	1.000
850.231	1.000
851.231	1.000
852.232	1.000
853.232	2.000
854.232	1.000
855.232	2.000
856.232	0.000
857.232	0.000
858.232	1.000
859.232	3.000
860.233	1.000
861.233	1.000
862.233	1.000
863.233	2.000
864.233	1.000
865.233	1.000
866.233	1.000
867.233	0.000
868.234	2.000
869.234	2.000
870.234	1.000
871.234	0.000
872.234	1.000
873.234	0.000
874.234	0.000
875.234	0.000
876.235	1.000
877.235	0.000
878.235	2.000
879.235	0.000
880.235	0.000
881.235	0.000
882.235	0.000
883.235	1.000
884.236	0.000
885.236	0.000
886.236	2.000
887.236	0.000
888.236	0.000
889.236	3.000
890.236	3.000
891.236	2.000
892.237	1.000
893.237	1.000
894.237	1.000
895.237	3.000
896.237	0.000
897.237	1.000
898.237	0.000
899.237	0.000
900.238	0.000
901.238	2.000
902.238	0.000
903.238	1.000
904.238	0.000
905.238	2.000
906.238	1.000
907.238	2.000
908.239	2.000
909.239	0.000
910.239	0.000
911.239	0.000
912.239	1.000
913.239	0.000
914.239	0.000
915.239	0.000
916.240	1.000
917.240	1.000
918.240	0.000
919.240	0.000
920.240	1.000
921.240	0.000
922.240	2.000
923.240	0.000
924.241	0.000
925.241	1.000
926.241	3.000
927.241	0.000
928.241	1.000
929.241	1.000
930.241	1.000
931.241	0.000
932.242	0.000
933.242	0.000
934.242	0.000
935.242	0.000
936.242	1.000
937.242	1.000
938.242	2.000
939.242	2.000
940.243	3.000
941.243	0.000
942.243	4.000
943.243	0.000
944.243	0.000
945.243	1.000
946.243	0.000
947.243	1.000
948.244	0.000
949.244	1.000
950.244	3.000
951.244	0.000
952.244	0.000
953.244	1.000
954.244	1.000
955.244	0.000
956.245	2.000
957.245	0.000
958.245	2.000
959.245	0.000
960.245	0.000
961.245	2.000
962.245	2.000
963.245	1.000
964.246	1.000
965.246	1.000
966.246	1.000
967.246	2.000
968.246	2.000
969.246	3.000
970.246	1.000
971.246	0.000
972.247	3.000
973.247	0.000
974.247	1.000
975.247	2.000
976.247	3.000
977.247	0.000
978.247	1.000
979.247	1.000
980.248	1.000
981.248	0.000
982.248	0.000
983.248	1.000
984.248	0.000
985.248	2.000
986.248	2.000
987.248	0.000
988.249	1.000
989.249	2.000
990.249	3.000
991.249	3.000
992.249	2.000
993.249	4.000
994.249	2.000
995.249	2.000
996.250	0.000
997.250	2.000
998.250	0.000
999.250	3.000
1000.250	0.000
1001.250	5.000
1002.250	3.000
1003.250	2.000
1004.251	3.000
1005.251	0.000
1006.251	0.000
1007.251	1.000
1008.251	1.000
1009.251	1.000
1010.251	0.000
1011.251	1.000
1012.252	0.000
1013.252	4.000
1014.252	0.000
1015.252	0.000
1016.252	1.000
1017.252	0.000
1018.252	1.000
1019.252	1.000
1020.253	1.000
1021.253	1.000
1022.253	2.000
1023.253	1.000
1024.253	1.000
1025.253	2.000
1026.253	0.000
1027.253	0.000
1028.254	0.000
1029.254	1.000
1030.254	1.000
1031.254	2.000
1032.254	0.000
1033.254	0.000
1034.254	1.000
1035.254	0.000
1036.255	1.000
1037.255	0.000
1038.255	2.000
1039.255	1.000
1040.255	0.000
1041.255	1.000
1042.255	0.000
1043.255	0.000
1044.256	2.000
1045.256	1.000
1046.256	1.000
1047.256	2.000
1048.256	0.000
1049.256	0.000
1050.256	0.000
1051.256	3.000
1052.257	0.000
1053.257	2.000
1054.257	1.000
1055.257	1.000
1056.257	2.000
1057.257	1.000
1058.257	1.000
1059.257	0.000
1060.258	1.000
1061.258	2.000
1062.258	1.000
1063.258	1.000
1064.258	2.000
1065.258	3.000
1066.258	3.000
1067.258	1.000
1068.259	1.000
1069.259	0.000
1070.259	1.000
1071.259	2.000
1072.259	1.000
1073.259	0.000
1074.259	1.000
1075.259	1.000
1076.260	2.000
1077.260	1.000
1078.260	1.000
1079.260	2.000
1080.260	2.000
1081.260	1.000
1082.260	5.000
1083.260	0.000
1084.261	2.000
1085.261	1.000
1086.261	0.000
1087.261	1.000
1088.261	1.000
1089.261	1.000
1090.261	3.000
1091.261	1.000
1092.262	2.000
1093.262	1.000
1094.262	1.000
1095.262	0.000
1096.262	0.000
1097.262	1.000
1098.262	2.000
1099.262	1.000
1100.263	2.000
1101.263	2.000
1102.263	0.000
1103.263	0.000
1104.263	1.000
1105.263	0.000
1106.263	1.000
1107.263	2.000
1108.264	2.000
1109.264	4.000
1110.264	1.000
1111.264	3.000
1112.264	2.000
1113.264	0.000
1114.264	0.000
1115.264	1.000
1116.265	1.000
1117.265	0.000
1118.265	0.000
1119.265	0.000
1120.265	2.000
1121.265	2.000
1122.265	1.000
1123.265	0.000
1124.266	2.000
1125.266	1.000
1126.266	3.000
1127.266	2.000
1128.266	5.000
1129.266	0.000
1130.266	2.000
1131.266	3.000
1132.267	0.000
1133.267	1.000
1134.267	2.000
1135.267	0.000
1136.267	1.000
1137.267	0.000
1138.267	2.000
1139.267	1.000
1140.268	2.000
1141.268	8.000
1142.268	0.000
1143.268	2.000
1144.268	1.000
1145.268	1.000
1146.268	3.000
1147.268	1.000
1148.269	1.000
1149.269	2.000
1150.269	2.000
1151.269	4.000
1152.269	0.000
1153.269	1.000
1154.269	3.000
1155.269	0.000
1156.270	0.000
1157.270	2.000
1158.270	0.000
1159.270	3.000
1160.270	2.000
1161.270	1.000
1162.270	0.000
1163.270	1.000
1164.271	2.000
1165.271	2.000
1166.271	3.000
1167.271	2.000
1168.271	1.000
1169.271	1.000
1170.271	5.000
1171.271	3.000
1172.272	1.000
1173.272	1.000
1174.272	2.000
1175.272	6.000
1176.272	1.000
1177.272	2.000
1178.272	1.000
1179.272	5.000
1180.273	2.000
1181.273	2.000
1182.273	5.000
1183.273	3.000
1184.273	2.000
1185.273	3.000
1186.273	5.000
1187.273	7.000
1188.274	6.000
1189.274	4.000
1190.274	1.000
1191.274	3.000
1192.274	10.000
1193.274	10.000
1194.274	3.000
1195.274	4.000
1196.275	8.000
1197.275	3.000
1198.275	6.000
1199.275	8.000
1200.275	9.000
1201.275	5.000
1202.275	4.000
1203.275	4.000
1204.276	6.000
1205.276	14.000
1206.276	7.000
1207.276	8.000
1208.276	9.000
1209.276	18.000
1210.276	12.000
1211.276	16.000
1212.277	17.000
1213.277	11.000
1214.277	22.000
1215.277	8.000
1216.277	11.000
1217.277	10.000
1218.277	14.000
1219.277	13.000
1220.278	16.000
1221.278	23.000
1222.278	19.000
1223.278	19.000
1224.278	22.000
1225.278	21.000
1226.278	21.000
1227.278	22.000
1228.279	28.000
1229.279	30.000
1230.279	26.000
1231.279	13.000
1232.279	29.000
1233.279	33.000
1234.279	27.000
1235.279	30.000
1236.280	25.000
1237.280	33.000
1238.280	36.000
1239.280	41.000
1240.280	37.000
1241.280	37.000
1242.280	54.000
1243.280	43.000
1244.281	52.000
1245.281	49.000
1246.281	53.000
1247.281	48.000
1248.281	51.000
1249.281	41.000
1250.281	66.000
1251.281	56.000
1252.282	48.000
1253.282	56.000
1254.282	55.000
1255.282	75.000
1256.282	72.000
1257.282	65.000
1258.282	73.000
1259.282	71.000
1260.283	81.000
1261.283	81.000
1262.283	69.000
1263.283	107.000
1264.283	96.000
1265.283	80.000
1266.283	100.000
1267.283	116.000
1268.284	95.000
1269.284	107.000
1270.284	105.000
1271.284	104.000
1272.284	126.000
1273.284	136.000
1274.284	128.000
1275.284	139.000
1276.285	132.000
1277.285	132.000
1278.285	157.000
1279.285	150.000
1280.285	162.000
1281.285	133.000
1282.285	158.000
1283.285	179.000
1284.286	167.000
1285.286	180.000
1286.286	183.000
1287.286	171.000
1288.286	208.000
1289.286	185.000
1290.286	210.000
1291.286	200.000
1292.287	223.000
1293.287	227.000
1294.287	247.000
1295.287	225.000
1296.287	260.000
1297.287	257.000
1298.287	280.000
1299.287	269.000
1300.288	305.000
1301.288	278.000
1302.288	309.000
1303.288	317.000
1304.288	328.000
1305.288	315.000
1306.288	339.000
1307.288	355.000
1308.289	359.000
1309.289	380.000
1310.289	388.000
1311.289	420.000
1312.289	418.000
1313.289	388.000
1314.289	391.000
1315.289	408.000
1316.290	441.000
1317.290	459.000
1318.290	448.000
1319.290	478.000
1320.290	436.000
1321.290	496.000
1322.290	517.000
1323.290	529.000
1324.291	542.000
1325.291	558.000
1326.291	570.000
1327.291	601.000
1328.291	555.000
1329.291	580.000
1330.291	625.000
1331.291	613.000
1332.292	619.000
1333.292	653.000
1334.292	705.000
1335.292	630.000
1336.292	693.000
1337.292	740.000
1338.292	716.000
1339.292	741.000
1340.293	745.000
1341.293	799.000
1342.293	780.000
1343.293	772.000
1344.293	783.000
1345.293	811.000
1346.293	817.000
1347.293	889.000
1348.294	848.000
1349.294	849.000
1350.294	928.000
1351.294	973.000
1352.294	932.000
1353.294	969.000
1354.294	975.000
1355.294	1027.000
1356.295	1002.000
1357.295	1086.000
1358.295	1080.000
1359.295	1097.000
1360.295	1095.000
1361.295	1106.000
1362.295	1134.000
1363.295	1205.000
1364.296	1154.000
1365.296	1117.000
1366.296	1241.000
1367.296	1218.000
1368.296	1266.000
1369.296	1230.000
1370.296	1314.000
1371.296	1367.000
1372.297	1351.000
1373.297	1363.000
1374.297	1420.000
1375.297	1483.000
1376.297	1367.000
1377.297	1387.000
1378.297	1497.000
1379.297	1480.000
1380.298	1487.000
1381.298	1482.000
1382.298	1657.000
1383.298	1528.000
1384.298	1543.000
1385.298	1575.000
1386.298	1642.000
1387.298	1586.000
1388.299	1691.000
1389.299	1658.000
1390.299	1728.000
1391.299	1674.000
1392.299	1772.000
1393.299	1803.000
1394.299	1809.000
1395.299	1879.000
1396.300	1846.000
1397.300	1821.000
1398.300	1829.000
1399.300	1903.000
1400.300	1923.000
1401.300	1863.000
1402.300	1890.000
1403.300	1956.000
1404.301	1959.000
1405.301	1884.000
1406.301	1949.000
1407.301	1973.000
1408.301	2014.000
1409.301	2032.000
1410.301	2087.000
1411.301	2009.000
1412.302	2073.000
1413.302	2132.000
1414.302	2117.000
1415.302	2033.000
1416.302	2102.000
1417.302	2097.000
1418.302	2092.000
1419.302	2196.000
1420.303	2146.000
1421.303	2058.000
1422.303	2076.000
1423.303	2114.000
1424.303	2191.000
1425.303	2127.000
1426.303	2177.000
1427.303	2177.000
1428.304	2207.000
1429.304	2203.000
1430.304	2157.000
1431.304	2252.000
1432.304	2354.000
1433.304	2218.000
1434.304	2235.000
1435.304	2328.000
1436.305	2277.000
1437.305	2212.000
1438.305	2230.000
1439.305	2149.000
1440.305	2195.000
1441.305	2205.000
1442.305	2214.000
1443.305	2267.000
1444.306	2220.000
1445.306	2317.000
1446.306	2242.000
1447.306	2161.000
1448.306	2220.000
1449.306	2185.000
1450.306	2248.000
1451.306	2280.000
1452.307	2228.000
1453.307	2193.000
1454.307	2166.000
1455.307	2152.000
1456.307	2188.000
1457.307	2205.000
1458.307	2174.000
1459.307	2179.000
1460.308	2108.000
1461.308	2033.000
1462.308	2157.000
1463.308	2070.000
1464.308	2032.000
1465.308	2112.000
1466.308	1990.000
1467.308	2095.000
1468.309	2004.000
1469.309	2011.000
1470.309	1962.000
1471.309	1995.000
1472.309	1957.000
1473.309	1926.000
1474.309	2012.000
1475.309	1973.000
1476.310	1967.000
1477.310	1880.000
1478.310	1873.000
1479.310	1791.000
1480.310	1798.000
1481.310	1877.000
1482.310	1853.000
1483.310	1767.000
1484.311	1721.000
1485.311	1795.000
1486.311	1794.000
1487.311	1713.000
1488.311	1777.000
1489.311	1631.000
1490.311	1663.000
1491.311	1657.000
1492.312	1544.000
1493.312	1589.000
1494.312	1524.000
1495.312	1574.000
1496.312	1582.000
1497.312	1395.000
1498.312	1501.000
1499.312	1409.000
1500.313	1435.000
1501.313	1328.000
1502.313	1334.000
1503.313	1391.000
1504.313	1349.000
1505.313	1326.000
1506.313	1350.000
1507.313	1295.000
1508.314	1257.000
1509.314	1263.000
1510.314	1282.000
1511.314	1185.000
1512.314	1185.000
1513.314	1143.000
1514.314	1190.000
1515.314	1110.000
1516.315	1096.000
1517.315	1125.000
1518.315	1065.000
1519.315	1053.000
1520.315	1072.000
1521.315	965.000
1522.315	961.000
1523.315	926.000
1524.316	916.000
1525.316	902.000
1526.316	884.000
1527.316	888.000
1528.316	869.000
1529.316	846.000
1530.316	869.000
1531.316	784.000
1532.317	784.000
1533.317	806.000
1534.317	790.000
1535.317	764.000
1536.317	736.000
1537.317	709.000
1538.317	680.000
1539.317	711.000
1540.318	693.000
1541.318	646.000
1542.318	629.000
1543.318	622.000
1544.318	625.000
1545.318	607.000
1546.318	602.000
1547.318	562.000
1548.319	530.000
1549.319	543.000
1550.319	544.000
1551.319	529.000
1552.319	479.000
1553.319	480.000
1554.319	452.000
1555.319	440.000
1556.320	489.000
1557.320	446.000
1558.320	427.000
1559.320	428.000
1560.320	385.000
1561.320	367.000
1562.320	357.000
1563.320	372.000
1564.321	381.000
1565.321	408.000
1566.321	344.000
1567.321	352.000
1568.321	312.000
1569.321	324.000
1570.321	306.000
1571.321	320.000
1572.322	291.000
1573.322	275.000
1574.322	276.000
1575.322	284.000
1576.322	287.000
1577.322	250.000
1578.322	253.000
1579.322	239.000
1580.323	221.000
1581.323	246.000
1582.323	219.000
1583.323	210.000
1584.323	229.000
1585.323	231.000
1586.323	206.000
1587.323	226.000
1588.324	187.000
1589.324	185.000
1590.324	181.000
1591.324	198.000
1592.324	164.000
1593.324	151.000
1594.324	172.000
1595.324	187.000
1596.325	172.000
1597.325	172.000
1598.325	145.000
1599.325	158.000
1600.325	171.000
1601.325	131.000
1602.325	124.000
1603.325	152.000
1604.326	157.000
1605.326	123.000
1606.326	138.000
1607.326	143.000
1608.326	135.000
1609.326	135.000
1610.326	132.000
1611.326	121.000
1612.327	122.000
1613.327	129.000
1614.327	120.000
1615.327	109.000
1616.327	114.000
1617.327	125.000
1618.327	120.000
1619.327	113.000
1620.328	107.000
1621.328	106.000
1622.328	101.000
1623.328	112.000
1624.328	85.000
1625.328	102.000
1626.328	109.000
1627.328	96.000
1628.329	92.000
1629.329	95.000
1630.329	95.000
1631.329	108.000
1632.329	101.000
1633.329	88.000
1634.329	81.000
1635.329	78.000
1636.330	87.000
1637.330	96.000
1638.330	79.000
1639.330	84.000
1640.330	68.000
1641.330	73.000
1642.330	82.000
1643.330	89.000
1644.331	91.000
1645.331	76.000
1646.331	70.000
1647.331	95.000
1648.331	82.000
1649.331	83.000
1650.331	87.000
1651.331	74.000
1652.332	94.000
1653.332	86.000
1654.332	72.000
1655.332	98.000
1656.332	77.000
1657.332	67.000
1658.332	78.000
1659.332	74.000
1660.333	67.000
1661.333	69.000
1662.333	89.000
1663.333	69.000
1664.333	72.000
1665.333	75.000
1666.333	77.000
1667.333	90.000
1668.334	91.000
1669.334	91.000
1670.334	89.000
1671.334	75.000
1672.334	68.000
1673.334	56.000
1674.334	81.000
1675.334	80.000
1676.335	70.000
1677.335	74.000
1678.335	72.000
1679.335	69.000
1680.335	75.000
1681.335	89.000
1682.335	68.000
1683.335	91.000
1684.336	76.000
1685.336	90.000
1686.336	67.000
1687.336	67.000
1688.336	65.000
1689.336	81.000
1690.336	78.000
1691.336	75.000
1692.337	64.000
1693.337	73.000
1694.337	72.000
1695.337	64.000
1696.337	70.000
1697.337	79.000
1698.337	65.000
1699.337	65.000
1700.338	74.000
1701.338	81.000
1702.338	69.000
1703.338	66.000
1704.338	75.000
1705.338	79.000
1706.338	82.000
1707.338	69.000
1708.339	73.000
1709.339	103.000
1710.339	86.000
1711.339	79.000
1712.339	80.000
1713.339	72.000
1714.339	69.000
1715.339	94.000
1716.340	84.000
1717.340	76.000
1718.340	60.000
1719.340	59.000
1720.340	82.000
1721.340	88.000
1722.340	74.000
1723.340	80.000
1724.341	67.000
1725.341	81.000
1726.341	69.000
1727.341	95.000
1728.341	65.000
1729.341	76.000
1730.341	77.000
1731.341	85.000
1732.342	84.000
1733.342	78.000
1734.342	91.000
1735.342	69.000
1736.342	73.000
1737.342	87.000
1738.342	59.000
1739.342	86.000
1740.343	73.000
1741.343	70.000
1742.343	70.000
1743.343	74.000
1744.343	68.000
1745.343	85.000
1746.343	75.000
1747.343	76.000
1748.344	78.000
1749.344	79.000
1750.344	77.000
1751.344	76.000
1752.344	83.000
1753.344	89.000
1754.344	74.000
1755.344	87.000
1756.345	77.000
1757.345	93.000
1758.345	62.000
1759.345	68.000
1760.345	85.000
1761.345	70.000
1762.345	88.000
1763.345	81.000
1764.346	76.000
1765.346	81.000
1766.346	79.000
1767.346	88.000
1768.346	78.000
1769.346	71.000
1770.346	86.000
1771.346	79.000
1772.347	70.000
1773.347	110.000
1774.347	86.000
1775.347	91.000
1776.347	92.000
1777.347	92.000
1778.347	77.000
1779.347	69.000
1780.348	78.000
1781.348	91.000
1782.348	99.000
1783.348	75.000
1784.348	83.000
1785.348	82.000
1786.348	89.000
1787.348	84.000
1788.349	84.000
1789.349	82.000
1790.349	87.000
1791.349	92.000
1792.349	90.000
1793.349	89.000
1794.349	83.000
1795.349	92.000
1796.350	73.000
1797.350	91.000
1798.350	88.000
1799.350	89.000
1800.350	70.000
1801.350	80.000
1802.350	79.000
1803.350	93.000
1804.351	89.000
1805.351	81.000
1806.351	92.000
1807.351	94.000
1808.351	81.000
1809.351	97.000
1810.351	97.000
1811.351	77.000
1812.352	82.000
1813.352	74.000
1814.352	83.000
1815.352	99.000
1816.352	72.000
1817.352	71.000
1818.352	75.000
1819.352	91.000
1820.353	91.000
1821.353	90.000
1822.353	102.000
1823.353	75.000
1824.353	75.000
1825.353	108.000
1826.353	76.000
1827.353	92.000
1828.354	80.000
1829.354	70.000
1830.354	104.000
1831.354	89.000
1832.354	88.000
1833.354	89.000
1834.354	79.000
1835.354	89.000
1836.355	96.000
1837.355	79.000
1838.355	86.000
1839.355	88.000
1840.355	92.000
1841.355	95.000
1842.355	89.000
1843.355	92.000
1844.356	82.000
1845.356	82.000
1846.356	91.000
1847.356	97.000
1848.356	84.000
1849.356	85.000
1850.356	90.000
1851.356	82.000
1852.357	77.000
1853.357	76.000
1854.357	83.000
1855.357	84.000
1856.357	73.000
1857.357	89.000
1858.357	66.000
1859.357	86.000
1860.358	109.000
1861.358	86.000
1862.358	105.000
1863.358	82.000
1864.358	82.000
1865.358	86.000
1866.358	100.000
1867.358	77.000
1868.359	78.000
1869.359	73.000
1870.359	87.000
1871.359	87.000
1872.359	106.000
1873.359	110.000
1874.359	91.000
1875.359	72.000
1876.360	104.000
1877.360	67.000
1878.360	103.000
1879.360	87.000
1880.360	91.000
1881.360	81.000
1882.360	88.000
1883.360	84.000
1884.361	97.000
1885.361	73.000
1886.361	82.000
1887.361	108.000
1888.361	86.000
1889.361	88.000
1890.361	82.000
1891.361	90.000
1892.362	94.000
1893.362	86.000
1894.362	84.000
1895.362	81.000
1896.362	76.000
1897.362	103.000
1898.362	87.000
1899.362	85.000
1900.363	77.000
1901.363	87.000
1902.363	89.000
1903.363	87.000
1904.363	95.000
1905.363	104.000
1906.363	88.000
1907.363	93.000
1908.364	104.000
1909.364	86.000
1910.364	89.000
1911.364	89.000
1912.364	92.000
1913.364	95.000
1914.364	92.000
1915.364	86.000
1916.365	105.000
1917.365	89.000
1918.365	92.000
1919.365	93.000
1920.365	81.000
1921.365	90.000
1922.365	68.000
1923.365	72.000
1924.366	102.000
1925.366	81.000
1926.366	83.000
1927.366	89.000
1928.366	86.000
1929.366	87.000
1930.366	99.000
1931.366	99.000
1932.367	90.000
1933.367	87.000
1934.367	83.000
1935.367	96.000
1936.367	89.000
1937.367	87.000
1938.367	92.000
1939.367	61.000
1940.368	82.000
1941.368	88.000
1942.368	99.000
1943.368	87.000
1944.368	66.000
1945.368	97.000
1946.368	82.000
1947.368	100.000
1948.369	84.000
1949.369	86.000
1950.369	84.000
1951.369	94.000
1952.369	113.000
1953.369	95.000
1954.369	85.000
1955.369	80.000
1956.370	91.000
1957.370	103.000
1958.370	104.000
1959.370	85.000
1960.370	86.000
1961.370	98.000
1962.370	87.000
1963.370	87.000
1964.371	81.000
1965.371	91.000
1966.371	94.000
1967.371	94.000
1968.371	75.000
1969.371	78.000
1970.371	87.000
1971.371	98.000
1972.372	102.000
1973.372	74.000
1974.372	80.000
1975.372	97.000
1976.372	85.000
1977.372	88.000
1978.372	100.000
1979.372	86.000
1980.373	82.000
1981.373	99.000
1982.373	87.000
1983.373	81.000
1984.373	89.000
1985.373	105.000
1986.373	87.000
1987.373	71.000
1988.374	90.000
1989.374	100.000
1990.374	81.000
1991.374	90.000
1992.374	83.000
1993.374	89.000
1994.374	79.000
1995.374	106.000
1996.375	106.000
1997.375	91.000
1998.375	90.000
1999.375	81.000
2000.375	81.000
2001.375	98.000
2002.375	73.000
2003.375	93.000
2004.376	83.000
2005.376	86.000
2006.376	82.000
2007.376	114.000
2008.376	103.000
2009.376	87.000
2010.376	83.000
2011.376	86.000
2012.377	82.000
2013.377	106.000
2014.377	98.000
2015.377	101.000
2016.377	112.000
2017.377	99.000
2018.377	71.000
2019.377	85.000
2020.378	92.000
2021.378	103.000
2022.378	103.000
2023.378	92.000
2024.378	89.000
2025.378	89.000
2026.378	106.000
2027.378	81.000
2028.379	97.000
2029.379	98.000
2030.379	99.000
2031.379	84.000
2032.379	74.000
2033.379	113.000
2034.379	74.000
2035.379	80.000
2036.380	100.000
2037.380	90.000
2038.380	79.000
2039.380	111.000
2040.380	108.000
2041.380	82.000
2042.380	87.000
2043.380	92.000
2044.381	93.000
2045.381	81.000
2046.381	81.000
2047.381	88.000
2048.381	79.000
2049.381	103.000
2050.381	104.000
2051.381	102.000
2052.382	80.000
2053.382	77.000
2054.382	85.000
2055.382	97.000
2056.382	98.000
2057.382	110.000
2058.382	122.000
2059.382	107.000
2060.383	85.000
2061.383	91.000
2062.383	95.000
2063.383	98.000
2064.383	100.000
2065.383	95.000
2066.383	98.000
2067.383	70.000
2068.384	90.000
2069.384	90.000
2070.384	87.000
2071.384	91.000
2072.384	79.000
2073.384	92.000
2074.384	99.000
2075.384	97.000
2076.385	101.000
2077.385	88.000
2078.385	81.000
2079.385	94.000
2080.385	102.000
2081.385	111.000
2082.385	93.000
2083.385	92.000
2084.386	108.000
2085.386	101.000
2086.386	106.000
2087.386	95.000
2088.386	115.000
2089.386	106.000
2090.386	99.000
2091.386	99.000
2092.387	89.000
2093.387	102.000
2094.387	97.000
2095.387	96.000
2096.387	92.000
2097.387	100.000
2098.387	103.000
2099.387	94.000
2100.388	115.000
2101.388	94.000
2102.388	79.000
2103.388	96.000
2104.388	101.000
2105.388	92.000
2106.388	96.000
2107.388	99.000
2108.389	97.000
2109.389	107.000
2110.389	92.000
2111.389	104.000
2112.389	90.000
2113.389	77.000
2114.389	112.000
2115.389	88.000
2116.390	90.000
2117.390	95.000
2118.390	101.000
2119.390	70.000
2120.390	93.000
2121.390	104.000
2122.390	111.000
2123.390	98.000
2124.391	122.000
2125.391	88.000
2126.391	101.000
2127.391	95.000
2128.391	111.000
2129.391	105.000
2130.391	103.000
2131.391	97.000
2132.392	105.000
2133.392	75.000
2134.392	107.000
2135.392	97.000
2136.392	81.000
2137.392	91.000
2138.392	84.000
2139.392	97.000
2140.393	101.000
2141.393	93.000
2142.393	98.000
2143.393	83.000
2144.393	100.000
2145.393	93.000
2146.393	117.000
2147.393	97.000
2148.394	104.000
2149.394	81.000
2150.394	113.000
2151.394	100.000
2152.394	85.000
2153.394	101.000
2154.394	86.000
2155.394	100.000
2156.395	95.000
2157.395	109.000
2158.395	85.000
2159.395	110.000
2160.395	106.000
2161.395	105.000
2162.395	97.000
2163.395	101.000
2164.396	106.000
2165.396	90.000
2166.396	86.000
2167.396	88.000
2168.396	111.000
2169.396	112.000
2170.396	83.000
2171.396	91.000
2172.397	89.000
2173.397	79.000
2174.397	96.000
2175.397	103.000
2176.397	105.000
2177.397	95.000
2178.397	100.000
2179.397	89.000
2180.398	93.000
2181.398	99.000
2182.398	94.000
2183.398	87.000
2184.398	104.000
2185.398	92.000
2186.398	104.000
2187.398	98.000
2188.399	121.000
2189.399	112.000
2190.399	95.000
2191.399	118.000
2192.399	103.000
2193.399	107.000
2194.399	84.000
2195.399	96.000
2196.400	98.000
2197.400	109.000
2198.400	111.000
2199.400	108.000
2200.400	93.000
2201.400	121.000
2202.400	104.000
2203.400	98.000
2204.401	117.000
2205.401	92.000
2206.401	120.000
2207.401	115.000
2208.401	112.000
2209.401	77.000
2210.401	107.000
2211.401	102.000
2212.402	99.000
2213.402	95.000
2214.402	118.000
2215.402	104.000
2216.402	92.000
2217.402	89.000
2218.402	110.000
2219.402	118.000
2220.403	119.000
2221.403	123.000
2222.403	103.000
2223.403	94.000
2224.403	94.000
2225.403	118.000
2226.403	112.000
2227.403	99.000
2228.404	99.000
2229.404	111.000
2230.404	99.000
2231.404	99.000
2232.404	91.000
2233.404	114.000
2234.404	120.000
2235.404	106.000
2236.405	113.000
2237.405	93.000
2238.405	108.000
2239.405	92.000
2240.405	101.000
2241.405	117.000
2242.405	128.000
2243.405	111.000
2244.406	115.000
2245.406	123.000
2246.406	101.000
2247.406	106.000
2248.406	109.000
2249.406	126.000
2250.406	117.000
2251.406	104.000
2252.407	105.000
2253.407	98.000
2254.407	110.000
2255.407	100.000
2256.407	106.000
2257.407	104.000
2258.407	110.000
2259.407	102.000
2260.408	122.000
2261.408	119.000
2262.408	112.000
2263.408	114.000
2264.408	119.000
2265.408	99.000
2266.408	101.000
2267.408	105.000
2268.409	106.000
2269.409	108.000
2270.409	101.000
2271.409	116.000
2272.409	104.000
2273.409	120.000
2274.409	125.000
2275.409	100.000
2276.410	96.000
2277.410	121.000
2278.410	121.000
2279.410	118.000
2280.410	99.000
2281.410	131.000
2282.410	96.000
2283.410	122.000
2284.411	110.000
2285.411	98.000
2286.411	102.000
2287.411	112.000
2288.411	103.000
2289.411	112.000
2290.411	104.000
2291.411	113.000
2292.412	132.000
2293.412	117.000
2294.412	103.000
2295.412	109.000
2296.412	120.000
2297.412	129.000
2298.412	121.000
2299.412	100.000
2300.413	110.000
2301.413	105.000
2302.413	128.000
2303.413	105.000
2304.413	110.000
2305.413	117.000
2306.413	128.000
2307.413	97.000
2308.414	106.000
2309.414	127.000
2310.414	105.000
2311.414	125.000
2312.414	116.000
2313.414	106.000
2314.414	118.000
2315.414	138.000
2316.415	142.000
2317.415	120.000
2318.415	125.000
2319.415	136.000
2320.415	127.000
2321.415	118.000
2322.415	120.000
2323.415	126.000
2324.416	133.000
2325.416	113.000
2326.416	116.000
2327.416	124.000
2328.416	130.000
2329.416	109.000
2330.416	128.000
2331.416	116.000
2332.417	132.000
2333.417	111.000
2334.417	115.000
2335.417	119.000
2336.417	119.000
2337.417	110.000
2338.417	113.000
2339.417	125.000
2340.418	119.000
2341.418	137.000
2342.418	105.000
2343.418	117.000
2344.418	144.000
2345.418	110.000
2346.418	125.000
2347.418	121.000
2348.419	107.000
2349.419	121.000
2350.419	124.000
2351.419	118.000
2352.419	120.000
2353.419	126.000
2354.419	115.000
2355.419	119.000
2356.420	112.000
2357.420	109.000
2358.420	109.000
2359.420	112.000
2360.420	139.000
2361.420	131.000
2362.420	123.000
2363.420	122.000
2364.421	117.000
2365.421	118.000
2366.421	146.000
2367.421	115.000
2368.421	137.000
2369.421	135.000
2370.421	129.000
2371.421	132.000
2372.422	130.000
2373.422	118.000
2374.422	120.000
2375.422	115.000
2376.422	129.000
2377.422	130.000
2378.422	136.000
2379.422	142.000
2380.423	148.000
2381.423	127.000
2382.423	172.000
2383.423	133.000
2384.423	121.000
2385.423	126.000
2386.423	123.000
2387.423	129.000
2388.424	131.000
2389.424	142.000
2390.424	133.000
2391.424	141.000
2392.424	149.000
2393.424	140.000
2394.424	127.000
2395.424	147.000
2396.425	138.000
2397.425	141.000
2398.425	122.000
2399.425	148.000
2400.425	113.000
2401.425	130.000
2402.425	135.000
2403.425	113.000
2404.426	158.000
2405.426	141.000
2406.426	168.000
2407.426	136.000
2408.426	141.000
2409.426	128.000
2410.426	136.000
2411.426	151.000
2412.427	153.000
2413.427	140.000
2414.427	150.000
2415.427	143.000
2416.427	136.000
2417.427	138.000
2418.427	146.000
2419.427	137.000
2420.428	132.000
2421.428	145.000
2422.428	143.000
2423.428	134.000
2424.428	142.000
2425.428	115.000
2426.428	150.000
2427.428	136.000
2428.429	127.000
2429.429	150.000
2430.429	156.000
2431.429	160.000
2432.429	154.000
2433.429	124.000
2434.429	156.000
2435.429	163.000
2436.430	132.000
2437.430	155.000
2438.430	154.000
2439.430	138.000
2440.430	133.000
2441.430	137.000
2442.430	167.000
2443.430	155.000
2444.431	171.000
2445.431	142.000
2446.431	168.000
2447.431	153.000
2448.431	169.000
2449.431	169.000
2450.431	166.000
2451.431	129.000
2452.432	158.000
2453.432	147.000
2454.432	144.000
2455.432	169.000
2456.432	152.000
2457.432	151.000
2458.432	167.000
2459.432	180.000
2460.433	151.000
2461.433	147.000
2462.433	149.000
2463.433	162.000
2464.433	167.000
2465.433	153.000
2466.433	173.000
2467.433	166.000
2468.434	170.000
2469.434	160.000
2470.434	155.000
2471.434	165.000
2472.434	162.000
2473.434	154.000
2474.434	159.000
2475.434	168.000
2476.435	155.000
2477.435	164.000
2478.435	182.000
2479.435	151.000
2480.435	162.000
2481.435	169.000
2482.435	163.000
2483.435	176.000
2484.436	164.000
2485.436	149.000
2486.436	154.000
2487.436	197.000
2488.436	176.000
2489.436	145.000
2490.436	159.000
2491.436	177.000
2492.437	179.000
2493.437	164.000
2494.437	166.000
2495.437	152.000
2496.437	173.000
2497.437	158.000
2498.437	169.000
2499.437	192.000
2500.438	162.000
2501.438	160.000
2502.438	159.000
2503.438	164.000
2504.438	176.000
2505.438	163.000
2506.438	167.000
2507.438	162.000
2508.439	182.000
2509.439	185.000
2510.439	199.000
2511.439	189.000
2512.439	178.000
2513.439	195.000
2514.439	188.000
2515.439	164.000
2516.440	175.000
2517.440	177.000
2518.440	168.000
2519.440	198.000
2520.440	195.000
2521.440	165.000
2522.440	198.000
2523.440	193.000
2524.441	173.000
2525.441	199.000
2526.441	180.000
2527.441	203.000
2528.441	204.000
2529.441	167.000
2530.441	183.000
2531.441	194.000
2532.442	189.000
2533.442	180.000
2534.442	204.000
2535.442	179.000
2536.442	177.000
2537.442	195.000
2538.442	178.000
2539.442	186.000
2540.443	168.000
2541.443	203.000
2542.443	192.000
2543.443	176.000
2544.443	210.000
2545.443	196.000
2546.443	166.000
2547.443	170.000
2548.444	187.000
2549.444	215.000
2550.444	192.000
2551.444	200.000
2552.444	194.000
2553.444	177.000
2554.444	204.000
2555.444	190.000
2556.445	177.000
2557.445	183.000
2558.445	181.000
2559.445	156.000
2560.445	186.000
2561.445	185.000
2562.445	183.000
2563.445	167.000
2564.446	193.000
2565.446	212.000
2566.446	200.000
2567.446	187.000
2568.446	188.000
2569.446	195.000
2570.446	213.000
2571.446	200.000
2572.447	196.000
2573.447	218.000
2574.447	197.000
2575.447	189.000
2576.447	206.000
2577.447	191.000
2578.447	199.000
2579.447	186.000
2580.448	163.000
2581.448	201.000
2582.448	190.000
2583.448	186.000
2584.448	197.000
2585.448	162.000
2586.448	197.000
2587.448	176.000
2588.449	185.000
2589.449	218.000
2590.449	207.000
2591.449	223.000
2592.449	182.000
2593.449	200.000
2594.449	208.000
2595.449	203.000
2596.450	181.000
2597.450	199.000
2598.450	213.000
2599.450	211.000
2600.450	203.000
2601.450	195.000
2602.450	181.000
2603.450	205.000
2604.451	217.000
2605.451	191.000
2606.451	198.000
2607.451	200.000
2608.451	179.000
2609.451	213.000
2610.451	173.000
2611.451	204.000
2612.452	209.000
2613.452	220.000
2614.452	177.000
2615.452	211.000
2616.452	211.000
2617.452	218.000
2618.452	193.000
2619.452	186.000
2620.453	176.000
2621.453	174.000
2622.453	194.000
2623.453	220.000
2624.453	191.000
2625.453	194.000
2626.453	176.000
2627.453	190.000
2628.454	180.000
2629.454	192.000
2630.454	200.000
2631.454	219.000
2632.454	220.000
2633.454	189.000
2634.454	175.000
2635.454	213.000
2636.455	223.000
2637.455	204.000
2638.455	207.000
2639.455	219.000
2640.455	218.000
2641.455	186.000
2642.455	192.000
2643.455	174.000
2644.456	194.000
2645.456	204.000
2646.456	209.000
2647.456	209.000
2648.456	201.000
2649.456	212.000
2650.456	172.000
2651.456	214.000
2652.457	195.000
2653.457	172.000
2654.457	208.000
2655.457	196.000
2656.457	204.000
2657.457	190.000
2658.457	204.000
2659.457	209.000
2660.458	196.000
2661.458	197.000
2662.458	217.000
2663.458	205.000
2664.458	211.000
2665.458	204.000
2666.458	211.000
2667.458	193.000
2668.459	218.000
2669.459	203.000
2670.459	224.000
2671.459	215.000
2672.459	193.000
2673.459	237.000
2674.459	210.000
2675.459	188.000
2676.460	204.000
2677.460	227.000
2678.460	228.000
2679.460	228.000
2680.460	224.000
2681.460	214.000
2682.460	229.000
2683.460	222.000
2684.461	209.000
2685.461	224.000
2686.461	241.000
2687.461	243.000
2688.461	207.000
2689.461	203.000
2690.461	223.000
2691.461	225.000
2692.462	220.000
2693.462	213.000
2694.462	221.000
2695.462	221.000
2696.462	248.000
2697.462	242.000
2698.462	240.000
2699.462	221.000
2700.463	235.000
2701.463	240.000
2702.463	239.000
2703.463	218.000
2704.463	239.000
2705.463	221.000
2706.463	251.000
2707.463	242.000
2708.464	227.000
2709.464	275.000
2710.464	271.000
2711.464	230.000
2712.464	246.000
2713.464	236.000
2714.464	250.000
2715.464	259.000
2716.465	256.000
2717.465	249.000
2718.465	253.000
2719.465	254.000
2720.465	232.000
2721.465	267.000
2722.465	257.000
2723.465	279.000
2724.466	253.000
2725.466	270.000
2726.466	245.000
2727.466	278.000
2728.466	270.000
2729.466	292.000
2730.466	272.000
2731.466	261.000
2732.467	269.000
2733.467	266.000
2734.467	265.000
2735.467	291.000
2736.467	270.000
2737.467	314.000
2738.467	288.000
2739.467	300.000
2740.468	252.000
2741.468	305.000
2742.468	265.000
2743.468	298.000
2744.468	337.000
2745.468	300.000
2746.468	286.000
2747.468	302.000
2748.469	317.000
2749.469	314.000
2750.469	323.000
2751.469	320.000
2752.469	320.000
2753.469	315.000
2754.469	292.000
2755.469	327.000
2756.470	317.000
2757.470	301.000
2758.470	305.000
2759.470	325.000
2760.470	319.000
2761.470	329.000
2762.470	353.000
2763.470	351.000
2764.471	342.000
2765.471	353.000
2766.471	328.000
2767.471	359.000
2768.471	356.000
2769.471	332.000
2770.471	341.000
2771.471	340.000
2772.472	328.000
2773.472	378.000
2774.472	345.000
2775.472	370.000
2776.472	358.000
2777.472	325.000
2778.472	337.000
2779.472	351.000
2780.473	368.000
2781.473	360.000
2782.473	362.000
2783.473	371.000
2784.473	396.000
2785.473	378.000
2786.473	399.000
2787.473	399.000
2788.474	378.000
2789.474	370.000
2790.474	362.000
2791.474	356.000
2792.474	387.000
2793.474	409.000
2794.474	375.000
2795.474	393.000
2796.475	377.000
2797.475	444.000
2798.475	362.000
2799.475	395.000
2800.475	415.000
2801.475	394.000
2802.475	394.000
2803.475	422.000
2804.476	408.000
2805.476	360.000
2806.476	406.000
2807.476	388.000
2808.476	420.000
2809.476	384.000
2810.476	401.000
2811.476	380.000
2812.477	401.000
2813.477	437.000
2814.477	409.000
2815.477	426.000
2816.477	435.000
2817.477	456.000
2818.477	424.000
2819.477	425.000
2820.478	422.000
2821.478	400.000
2822.478	448.000
2823.478	414.000
2824.478	413.000
2825.478	442.000
2826.478	433.000
2827.478	402.000
2828.479	392.000
2829.479	418.000
2830.479	433.000
2831.479	406.000
2832.479	419.000
2833.479	425.000
2834.479	408.000
2835.479	440.000
2836.480	448.000
2837.480	403.000
2838.480	429.000
2839.480	421.000
2840.480	456.000
2841.480	420.000
2842.480	454.000
2843.480	391.000
2844.481	447.000
2845.481	428.000
2846.481	454.000
2847.481	401.000
2848.481	416.000
2849.481	441.000
2850.481	453.000
2851.481	383.000
2852.482	444.000
2853.482	407.000
2854.482	444.000
2855.482	413.000
2856.482	387.000
2857.482	419.000
2858.482	429.000
2859.482	368.000
2860.483	413.000
2861.483	409.000
2862.483	392.000
2863.483	455.000
2864.483	416.000
2865.483	418.000
2866.483	392.000
2867.483	452.000
2868.484	376.000
2869.484	374.000
2870.484	404.000
2871.484	414.000
2872.484	388.000
2873.484	401.000
2874.484	417.000
2875.484	418.000
2876.485	386.000
2877.485	392.000
2878.485	414.000
2879.485	431.000
2880.485	413.000
2881.485	399.000
2882.485	397.000
2883.485	354.000
2884.486	395.000
2885.486	387.000
2886.486	371.000
2887.486	347.000
2888.486	365.000
2889.486	391.000
2890.486	370.000
2891.486	336.000
2892.487	377.000
2893.487	352.000
2894.487	389.000
2895.487	368.000
2896.487	372.000
2897.487	369.000
2898.487	385.000
2899.487	395.000
2900.488	351.000
2901.488	352.000
2902.488	351.000
2903.488	352.000
2904.488	357.000
2905.488	354.000
2906.488	345.000
2907.488	314.000
2908.489	342.000
2909.489	345.000
2910.489	377.000
2911.489	325.000
2912.489	333.000
2913.489	314.000
2914.489	343.000
2915.489	326.000
2916.490	323.000
2917.490	350.000
2918.490	297.000
2919.490	324.000
2920.490	309.000
2921.490	302.000
2922.490	324.000
2923.490	323.000
2924.491	302.000
2925.491	268.000
2926.491	294.000
2927.491	282.000
2928.491	293.000
2929.491	305.000
2930.491	303.000
2931.491	298.000
2932.492	273.000
2933.492	267.000
2934.492	291.000
2935.492	292.000
2936.492	278.000
2937.492	279.000
2938.492	265.000
2939.492	257.000
2940.493	258.000
2941.493	252.000
2942.493	268.000
2943.493	261.000
2944.493	248.000
2945.493	268.000
2946.493	239.000
2947.493	244.000
2948.494	240.000
2949.494	262.000
2950.494	216.000
2951.494	218.000
2952.494	199.000
2953.494	211.000
2954.494	242.000
2955.494	228.000
2956.495	208.000
2957.495	228.000
2958.495	219.000
2959.495	221.000
2960.495	242.000
2961.495	213.000
2962.495	228.000
2963.495	242.000
2964.496	233.000
2965.496	206.000
2966.496	193.000
2967.496	223.000
2968.496	200.000
2969.496	201.000
2970.496	193.000
2971.496	165.000
2972.497	177.000
2973.497	182.000
2974.497	188.000
2975.497	178.000
2976.497	193.000
2977.497	186.000
2978.497	171.000
2979.497	194.000
2980.498	154.000
2981.498	168.000
2982.498	152.000
2983.498	177.000
2984.498	150.000
2985.498	156.000
2986.498	173.000
2987.498	170.000
2988.499	146.000
2989.499	167.000
2990.499	136.000
2991.499	132.000
2992.499	146.000
2993.499	160.000
2994.499	163.000
2995.499	121.000
2996.500	164.000
2997.500	155.000
2998.500	137.000
2999.500	159.000
