-1000.000	0.000
-999.000	0.000
-998.000	0.000
-997.000	0.000
-995.999	0.000
-994.999	0.000
-993.999	0.000
-992.999	0.000
-991.999	0.000
-990.999	0.000
-989.999	0.000
-988.999	0.000
-987.998	0.000
-986.998	0.000
-985.998	0.000
-984.998	0.000
-983.998	0.000
-982.998	0.000
-981.998	0.000
-980.998	0.000
-979.997	0.000
-978.997	0.000
-977.997	0.000
-976.997	0.000
-975.997	0.000
-974.997	0.000
-973.997	0.000
-972.997	0.000
-971.996	0.000
-970.996	0.000
-969.996	0.000
-968.996	0.000
-967.996	0.000
-966.996	0.000
-965.996	0.000
-964.996	0.000
-963.995	0.000
-962.995	0.000
-961.995	0.000
-960.995	0.000
-959.995	0.000
-958.995	0.000
-957.995	0.000
-956.995	0.000
-955.994	0.000
-954.994	0.000
-953.994	0.000
-952.994	0.000
-951.994	0.000
-950.994	0.000
-949.994	0.000
-948.994	0.000
-947.993	0.000
-946.993	0.000
-945.993	0.000
-944.993	0.000
-943.993	0.000
-942.993	0.000
-941.993	0.000
-940.993	0.000
-939.992	0.000
-938.992	0.000
-937.992	0.000
-936.992	0.000
-935.992	0.000
-934.992	0.000
-933.992	0.000
-932.992	0.000
-931.991	0.000
-930.991	0.000
-929.991	0.000
-928.991	0.000
-927.991	0.000
-926.991	0.000
-925.991	0.000
-924.991	0.000
-923.990	0.000
-922.990	0.000
-921.990	0.000
-920.990	0.000
-919.990	0.000
-918.990	0.000
-917.990	0.000
-916.990	0.000
-915.989	0.000
-914.989	0.000
-913.989	0.000
-912.989	0.000
-911.989	0.000
-910.989	0.000
-909.989	0.000
-908.989	0.000
-907.988	0.000
-906.988	0.000
-905.988	0.000
-904.988	0.000
-903.988	0.000
-902.988	0.000
-901.988	0.000
-900.988	0.000
-899.987	0.000
-898.987	0.000
-897.987	0.000
-896.987	0.000
-895.987	0.000
-894.987	0.000
-893.987	0.000
-892.987	0.000
-891.986	0.000
-890.986	0.000
-889.986	0.000
-888.986	0.000
-887.986	0.000
-886.986	0.000
-885.986	0.000
-884.986	0.000
-883.985	0.000
-882.985	0.000
-881.985	0.000
-880.985	0.000
-879.985	0.000
-878.985	0.000
-877.985	0.000
-876.985	0.000
-875.984	0.000
-874.984	0.000
-873.984	0.000
-872.984	0.000
-871.984	0.000
-870.984	0.000
-869.984	0.000
-868.984	0.000
-867.983	0.000
-866.983	0.000
-865.983	0.000
-864.983	0.000
-863.983	0.000
-862.983	0.000
-861.983	0.000
-860.983	0.000
-859.982	0.000
-858.982	0.000
-857.982	0.000
-856.982	0.000
-855.982	0.000
-854.982	0.000
-853.982	0.000
-852.982	0.000
-851.981	0.000
-850.981	0.000
-849.981	0.000
-848.981	0.000
-847.981	0.000
-846.981	0.000
-845.981	0.000
-844.981	0.000
-843.980	0.000
-842.980	0.000
-841.980	0.000
-840.980	0.000
-839.980	0.000
-838.980	0.000
-837.980	0.000
-836.980	0.000
-835.979	0.000
-834.979	0.000
-833.979	0.000
-832.979	0.000
-831.979	0.000
-830.979	0.000
-829.979	0.000
-828.979	0.000
-827.978	0.000
-826.978	0.000
-825.978	0.000
-824.978	0.000
-823.978	0.000
-822.978	0.000
-821.978	0.000
-820.978	0.000
-819.977	0.000
-818.977	0.000
-817.977	0.000
-816.977	0.000
-815.977	0.000
-814.977	0.000
-813.977	0.000
-812.977	0.000
-811.976	0.000
-810.976	0.000
-809.976	0.000
-808.976	0.000
-807.976	0.000
-806.976	0.000
-805.976	0.000
-804.976	0.000
-803.975	0.000
-802.975	0.000
-801.975	0.000
-800.975	0.000
-799.975	0.000
-798.975	0.000
-797.975	0.000
-796.975	0.000
-795.974	0.000
-794.974	0.000
-793.974	0.000
-792.974	0.000
-791.974	0.000
-790.974	0.000
-789.974	0.000
-788.974	0.000
-787.973	0.000
-786.973	0.000
-785.973	0.000
-784.973	0.000
-783.973	0.000
-782.973	0.000
-781.973	0.000
-780.973	0.000
-779.972	0.000
-778.972	0.000
-777.972	0.000
-776.972	0.000
-775.972	0.000
-774.972	0.000
-773.972	0.000
-772.972	0.000
-771.971	0.000
-770.971	0.000
-769.971	0.000
-768.971	0.000
-767.971	0.000
-766.971	0.000
-765.971	0.000
-764.971	0.000
-763.970	0.000
-762.970	0.000
-761.970	0.000
-760.970	0.000
-759.970	0.000
-758.970	0.000
-757.970	0.000
-756.970	0.000
-755.969	0.000
-754.969	0.000
-753.969	0.000
-752.969	0.000
-751.969	0.000
-750.969	0.000
-749.969	0.000
-748.969	0.000
-747.968	0.000
-746.968	0.000
-745.968	0.000
-744.968	0.000
-743.968	0.000
-742.968	0.000
-741.968	0.000
-740.968	0.000
-739.967	0.000
-738.967	0.000
-737.967	0.000
-736.967	0.000
-735.967	0.000
-734.967	0.000
-733.967	0.000
-732.967	0.000
-731.966	0.000
-730.966	0.000
-729.966	0.000
-728.966	0.000
-727.966	0.000
-726.966	0.000
-725.966	0.000
-724.966	0.000
-723.965	0.000
-722.965	0.000
-721.965	0.000
-720.965	0.000
-719.965	0.000
-718.965	0.000
-717.965	0.000
-716.965	0.000
-715.964	0.000
-714.964	0.000
-713.964	0.000
-712.964	0.000
-711.964	0.000
-710.964	0.000
-709.964	0.000
-708.964	0.000
-707.963	0.000
-706.963	0.000
-705.963	0.000
-704.963	0.000
-703.963	0.000
-702.963	0.000
-701.963	0.000
-700.963	0.000
-699.962	0.000
-698.962	0.000
-697.962	0.000
-696.962	0.000
-695.962	0.000
-694.962	0.000
-693.962	0.000
-692.962	0.000
-691.961	0.000
-690.961	0.000
-689.961	0.000
-688.961	0.000
-687.961	0.000
-686.961	0.000
-685.961	0.000
-684.961	0.000
-683.960	0.000
-682.960	0.000
-681.960	0.000
-680.960	0.000
-679.960	0.000
-678.960	0.000
-677.960	0.000
-676.960	0.000
-675.959	0.000
-674.959	0.000
-673.959	0.000
-672.959	0.000
-671.959	0.000
-670.959	0.000
-669.959	0.000
-668.959	0.000
-667.958	0.000
-666.958	0.000
-665.958	0.000
-664.958	0.000
-663.958	0.000
-662.958	0.000
-661.958	0.000
-660.958	0.000
-659.957	0.000
-658.957	0.000
-657.957	0.000
-656.957	0.000
-655.957	0.000
-654.957	0.000
-653.957	0.000
-652.957	0.000
-651.956	0.000
-650.956	0.000
-649.956	0.000
-648.956	0.000
-647.956	0.000
-646.956	0.000
-645.956	0.000
-644.956	0.000
-643.955	0.000
-642.955	0.000
-641.955	0.000
-640.955	0.000
-639.955	0.000
-638.955	0.000
-637.955	0.000
-636.955	0.000
-635.954	0.000
-634.954	0.000
-633.954	0.000
-632.954	0.000
-631.954	0.000
-630.954	0.000
-629.954	0.000
-628.954	0.000
-627.953	0.000
-626.953	0.000
-625.953	0.000
-624.953	0.000
-623.953	0.000
-622.953	0.000
-621.953	0.000
-620.953	0.000
-619.952	0.000
-618.952	0.000
-617.952	0.000
-616.952	0.000
-615.952	0.000
-614.952	0.000
-613.952	0.000
-612.952	0.000
-611.951	0.000
-610.951	0.000
-609.951	0.000
-608.951	0.000
-607.951	0.000
-606.951	0.000
-605.951	0.000
-604.951	0.000
-603.950	0.000
-602.950	0.000
-601.950	0.000
-600.950	0.000
-599.950	0.000
-598.950	0.000
-597.950	0.000
-596.950	0.000
-595.949	0.000
-594.949	0.000
-593.949	0.000
-592.949	0.000
-591.949	0.000
-590.949	0.000
-589.949	0.000
-588.949	0.000
-587.948	0.000
-586.948	0.000
-585.948	0.000
-584.948	0.000
-583.948	0.000
-582.948	0.000
-581.948	0.000
-580.948	0.000
-579.947	0.000
-578.947	0.000
-577.947	0.000
-576.947	0.000
-575.947	0.000
-574.947	0.000
-573.947	0.000
-572.947	0.000
-571.946	0.000
-570.946	0.000
-569.946	0.000
-568.946	0.000
-567.946	0.000
-566.946	0.000
-565.946	0.000
-564.946	0.000
-563.945	0.000
-562.945	0.000
-561.945	0.000
-560.945	0.000
-559.945	0.000
-558.945	0.000
-557.945	0.000
-556.945	0.000
-555.944	0.000
-554.944	0.000
-553.944	0.000
-552.944	0.000
-551.944	0.000
-550.944	0.000
-549.944	0.000
-548.944	0.000
-547.943	0.000
-546.943	0.000
-545.943	0.000
-544.943	0.000
-543.943	0.000
-542.943	0.000
-541.943	0.000
-540.943	0.000
-539.942	0.000
-538.942	0.000
-537.942	0.000
-536.942	0.000
-535.942	0.000
-534.942	0.000
-533.942	0.000
-532.942	0.000
-531.941	0.000
-530.941	0.000
-529.941	0.000
-528.941	0.000
-527.941	0.000
-526.941	0.000
-525.941	0.000
-524.941	0.000
-523.940	0.000
-522.940	0.000
-521.940	0.000
-520.940	0.000
-519.940	0.000
-518.940	0.000
-517.940	0.000
-516.940	0.000
-515.939	0.000
-514.939	0.000
-513.939	0.000
-512.939	0.000
-511.939	0.000
-510.939	0.000
-509.939	0.000
-508.939	0.000
-507.938	0.000
-506.938	0.000
-505.938	0.000
-504.938	0.000
-503.938	0.000
-502.938	0.000
-501.938	0.000
-500.938	0.000
-499.937	0.000
-498.937	0.000
-497.937	0.000
-496.937	0.000
-495.937	0.000
-494.937	0.000
-493.937	0.000
-492.937	0.000
-491.936	0.000
-490.936	0.000
-489.936	0.000
-488.936	0.000
-487.936	0.000
-486.936	0.000
-485.936	0.000
-484.936	0.000
-483.935	0.000
-482.935	0.000
-481.935	0.000
-480.935	0.000
-479.935	0.000
-478.935	0.000
-477.935	0.000
-476.935	0.000
-475.934	0.000
-474.934	0.000
-473.934	0.000
-472.934	0.000
-471.934	0.000
-470.934	0.000
-469.934	0.000
-468.934	0.000
-467.933	0.000
-466.933	0.000
-465.933	0.000
-464.933	0.000
-463.933	0.000
-462.933	0.000
-461.933	0.000
-460.933	0.000
-459.932	0.000
-458.932	0.000
-457.932	0.000
-456.932	0.000
-455.932	0.000
-454.932	0.000
-453.932	0.000
-452.932	0.000
-451.931	0.000
-450.931	0.000
-449.931	0.000
-448.931	0.000
-447.931	0.000
-446.931	0.000
-445.931	0.000
-444.931	0.000
-443.930	0.000
-442.930	0.000
-441.930	0.000
-440.930	0.000
-439.930	0.000
-438.930	0.000
-437.930	0.000
-436.930	0.000
-435.929	0.000
-434.929	0.000
-433.929	0.000
-432.929	0.000
-431.929	0.000
-430.929	0.000
-429.929	0.000
-428.929	0.000
-427.928	0.000
-426.928	0.000
-425.928	0.000
-424.928	0.000
-423.928	0.000
-422.928	0.000
-421.928	0.000
-420.928	0.000
-419.927	0.000
-418.927	0.000
-417.927	0.000
-416.927	0.000
-415.927	0.000
-414.927	0.000
-413.927	0.000
-412.927	0.000
-411.926	0.000
-410.926	0.000
-409.926	0.000
-408.926	0.000
-407.926	0.000
-406.926	0.000
-405.926	0.000
-404.926	0.000
-403.925	0.000
-402.925	0.000
-401.925	0.000
-400.925	0.000
-399.925	0.000
-398.925	0.000
-397.925	0.000
-396.925	0.000
-395.924	0.000
-394.924	0.000
-393.924	0.000
-392.924	0.000
-391.924	0.000
-390.924	0.000
-389.924	0.000
-388.924	0.000
-387.923	0.000
-386.923	0.000
-385.923	0.000
-384.923	0.000
-383.923	0.000
-382.923	0.000
-381.923	0.000
-380.923	0.000
-379.922	0.000
-378.922	0.000
-377.922	0.000
-376.922	0.000
-375.922	0.000
-374.922	0.000
-373.922	0.000
-372.922	0.000
-371.921	0.000
-370.921	0.000
-369.921	0.000
-368.921	0.000
-367.921	0.000
-366.921	0.000
-365.921	0.000
-364.921	0.000
-363.920	0.000
-362.920	0.000
-361.920	0.000
-360.920	0.000
-359.920	0.000
-358.920	0.000
-357.920	0.000
-356.920	0.000
-355.919	0.000
-354.919	0.000
-353.919	0.000
-352.919	0.000
-351.919	0.000
-350.919	0.000
-349.919	0.000
-348.919	0.000
-347.918	0.000
-346.918	0.000
-345.918	0.000
-344.918	0.000
-343.918	0.000
-342.918	0.000
-341.918	0.000
-340.918	0.000
-339.917	0.000
-338.917	0.000
-337.917	0.000
-336.917	0.000
-335.917	0.000
-334.917	0.000
-333.917	0.000
-332.917	0.000
-331.916	0.000
-330.916	0.000
-329.916	0.000
-328.916	0.000
-327.916	0.000
-326.916	0.000
-325.916	0.000
-324.916	0.000
-323.915	0.000
-322.915	0.000
-321.915	0.000
-320.915	0.000
-319.915	0.000
-318.915	0.000
-317.915	0.000
-316.915	0.000
-315.914	0.000
-314.914	0.000
-313.914	0.000
-312.914	0.000
-311.914	0.000
-310.914	0.000
-309.914	0.000
-308.914	0.000
-307.913	0.000
-306.913	0.000
-305.913	0.000
-304.913	0.000
-303.913	0.000
-302.913	0.000
-301.913	0.000
-300.913	0.000
-299.912	0.000
-298.912	0.000
-297.912	0.000
-296.912	0.000
-295.912	0.000
-294.912	0.000
-293.912	0.000
-292.912	0.000
-291.911	0.000
-290.911	0.000
-289.911	0.000
-288.911	0.000
-287.911	0.000
-286.911	0.000
-285.911	0.000
-284.911	0.000
-283.910	0.000
-282.910	0.000
-281.910	0.000
-280.910	0.000
-279.910	0.000
-278.910	0.000
-277.910	0.000
-276.910	0.000
-275.909	0.000
-274.909	0.000
-273.909	0.000
-272.909	0.000
-271.909	0.000
-270.909	0.000
-269.909	0.000
-268.909	0.000
-267.908	0.000
-266.908	0.000
-265.908	0.000
-264.908	0.000
-263.908	0.000
-262.908	0.000
-261.908	0.000
-260.908	0.000
-259.907	0.000
-258.907	0.000
-257.907	0.000
-256.907	0.000
-255.907	0.000
-254.907	0.000
-253.907	0.000
-252.907	0.000
-251.906	0.000
-250.906	0.000
-249.906	0.000
-248.906	0.000
-247.906	0.000
-246.906	0.000
-245.906	0.000
-244.906	0.000
-243.905	0.000
-242.905	0.000
-241.905	0.000
-240.905	0.000
-239.905	0.000
-238.905	0.000
-237.905	0.000
-236.905	0.000
-235.904	0.000
-234.904	0.000
-233.904	0.000
-232.904	0.000
-231.904	0.000
-230.904	0.000
-229.904	0.000
-228.904	0.000
-227.903	0.000
-226.903	0.000
-225.903	0.000
-224.903	0.000
-223.903	0.000
-222.903	0.000
-221.903	0.000
-220.903	0.000
-219.902	0.000
-218.902	0.000
-217.902	0.000
-216.902	0.000
-215.902	0.000
-214.902	0.000
-213.902	0.000
-212.902	0.000
-211.901	0.000
-210.901	0.000
-209.901	0.000
-208.901	0.000
-207.901	0.000
-206.901	0.000
-205.901	0.000
-204.901	0.000
-203.900	0.000
-202.900	0.000
-201.900	0.000
-200.900	0.000
-199.900	0.000
-198.900	0.000
-197.900	0.000
-196.900	0.000
-195.899	0.000
-194.899	0.000
-193.899	0.000
-192.899	0.000
-191.899	0.000
-190.899	0.000
-189.899	0.000
-188.899	0.000
-187.898	0.000
-186.898	0.000
-185.898	0.000
-184.898	0.000
-183.898	0.000
-182.898	0.000
-181.898	0.000
-180.898	0.000
-179.897	0.000
-178.897	0.000
-177.897	0.000
-176.897	0.000
-175.897	0.000
-174.897	0.000
-173.897	0.000
-172.897	0.000
-171.896	0.000
-170.896	0.000
-169.896	0.000
-168.896	0.000
-167.896	0.000
-166.896	0.000
-165.896	0.000
-164.896	0.000
-163.895	0.000
-162.895	0.000
-161.895	0.000
-160.895	0.000
-159.895	0.000
-158.895	0.000
-157.895	0.000
-156.895	0.000
-155.894	0.000
-154.894	0.000
-153.894	0.000
-152.894	0.000
-151.894	0.000
-150.894	0.000
-149.894	0.000
-148.894	0.000
-147.893	1.000
-146.893	0.000
-145.893	0.000
-144.893	0.000
-143.893	0.000
-142.893	0.000
-141.893	0.000
-140.893	1.000
-139.892	0.000
-138.892	0.000
-137.892	0.000
-136.892	0.000
-135.892	0.000
-134.892	0.000
-133.892	2.000
-132.892	1.000
-131.891	2.000
-130.891	1.000
-129.891	0.000
-128.891	1.000
-127.891	2.000
-126.891	2.000
-125.891	1.000
-124.891	1.000
-123.890	3.000
-122.890	0.000
-121.890	4.000
-120.890	2.000
-119.890	3.000
-118.890	5.000
-117.890	3.000
-116.890	3.000
-115.889	1.000
-114.889	3.000
-113.889	1.000
-112.889	4.000
-111.889	3.000
-110.889	6.000
-109.889	4.000
-108.889	5.000
-107.888	4.000
-106.888	4.000
-105.888	3.000
-104.888	5.000
-103.888	6.000
-102.888	6.000
-101.888	6.000
-100.888	5.000
-99.887	7.000
-98.887	4.000
-97.887	14.000
-96.887	5.000
-95.887	8.000
-94.887	4.000
-93.887	2.000
-92.887	13.000
-91.886	13.000
-90.886	13.000
-89.886	23.000
-88.886	10.000
-87.886	10.000
-86.886	20.000
-85.886	17.000
-84.886	16.000
-83.885	19.000
-82.885	14.000
-81.885	22.000
-80.885	22.000
-79.885	25.000
-78.885	13.000
-77.885	18.000
-76.885	23.000
-75.884	26.000
-74.884	26.000
-73.884	21.000
-72.884	25.000
-71.884	23.000
-70.884	41.000
-69.884	40.000
-68.884	29.000
-67.883	28.000
-66.883	40.000
-65.883	31.000
-64.883	30.000
-63.883	51.000
-62.883	31.000
-61.883	35.000
-60.883	44.000
-59.882	42.000
-58.882	37.000
-57.882	50.000
-56.882	45.000
-55.882	57.000
-54.882	43.000
-53.882	58.000
-52.882	61.000
-51.881	60.000
-50.881	55.000
-49.881	72.000
-48.881	71.000
-47.881	77.000
-46.881	64.000
-45.881	68.000
-44.881	74.000
-43.880	64.000
-42.880	82.000
-41.880	90.000
-40.880	69.000
-39.880	78.000
-38.880	88.000
-37.880	101.000
-36.880	97.000
-35.879	106.000
-34.879	92.000
-33.879	84.000
-32.879	105.000
-31.879	100.000
-30.879	107.000
-29.879	94.000
-28.879	105.000
-27.878	103.000
-26.878	80.000
-25.878	107.000
-24.878	109.000
-23.878	107.000
-22.878	119.000
-21.878	114.000
-20.878	128.000
-19.877	139.000
-18.877	115.000
-17.877	137.000
-16.877	117.000
-15.877	132.000
-14.877	126.000
-13.877	129.000
-12.877	147.000
-11.876	130.000
-10.876	138.000
-9.876	126.000
-8.876	138.000
-7.876	154.000
-6.876	144.000
-5.876	144.000
-4.876	155.000
-3.875	126.000
-2.875	155.000
-1.875	152.000
-0.875	163.000
0.125	141.000
1.125	130.000
2.125	174.000
3.125	130.000
4.126	150.000
5.126	142.000
6.126	153.000
7.126	152.000
8.126	156.000
9.126	120.000
10.126	163.000
11.126	138.000
12.127	128.000
13.127	146.000
14.127	133.000
15.127	165.000
16.127	131.000
17.127	132.000
18.127	161.000
19.127	132.000
20.128	148.000
21.128	134.000
22.128	162.000
23.128	142.000
24.128	122.000
25.128	147.000
26.128	129.000
27.128	120.000
28.129	129.000
29.129	118.000
30.129	122.000
31.129	115.000
32.129	119.000
33.129	96.000
34.129	118.000
35.129	117.000
36.130	109.000
37.130	112.000
38.130	126.000
39.130	107.000
40.130	119.000
41.130	114.000
42.130	104.000
43.130	101.000
44.131	112.000
45.131	79.000
46.131	103.000
47.131	101.000
48.131	105.000
49.131	88.000
50.131	78.000
51.131	90.000
52.132	88.000
53.132	88.000
54.132	83.000
55.132	86.000
56.132	73.000
57.132	65.000
58.132	65.000
59.132	81.000
60.133	66.000
61.133	83.000
62.133	78.000
63.133	59.000
64.133	80.000
65.133	56.000
66.133	62.000
67.133	55.000
68.134	67.000
69.134	52.000
70.134	48.000
71.134	50.000
72.134	49.000
73.134	52.000
74.134	58.000
75.134	46.000
76.135	42.000
77.135	45.000
78.135	45.000
79.135	46.000
80.135	40.000
81.135	42.000
82.135	31.000
83.135	32.000
84.136	33.000
85.136	29.000
86.136	38.000
87.136	26.000
88.136	25.000
89.136	22.000
90.136	23.000
91.136	18.000
92.137	31.000
93.137	26.000
94.137	25.000
95.137	19.000
96.137	19.000
97.137	17.000
98.137	22.000
99.137	15.000
100.138	12.000
101.138	11.000
102.138	18.000
103.138	20.000
104.138	17.000
105.138	11.000
106.138	17.000
107.138	11.000
108.139	11.000
109.139	14.000
110.139	10.000
111.139	15.000
112.139	12.000
113.139	10.000
114.139	14.000
115.139	7.000
116.140	6.000
117.140	1.000
118.140	12.000
119.140	7.000
120.140	9.000
121.140	4.000
122.140	6.000
123.140	8.000
124.141	1.000
125.141	3.000
126.141	4.000
127.141	3.000
128.141	7.000
129.141	3.000
130.141	4.000
131.141	3.000
132.142	2.000
133.142	2.000
134.142	2.000
135.142	1.000
136.142	4.000
137.142	5.000
138.142	1.000
139.142	2.000
140.143	2.000
141.143	1.000
142.143	2.000
143.143	1.000
144.143	0.000
145.143	1.000
146.143	1.000
147.143	3.000
148.144	0.000
149.144	2.000
150.144	2.000
151.144	1.000
152.144	1.000
153.144	3.000
154.144	0.000
155.144	1.000
156.145	2.000
157.145	1.000
158.145	0.000
159.145	1.000
160.145	0.000
161.145	2.000
162.145	0.000
163.145	0.000
164.146	0.000
165.146	1.000
166.146	0.000
167.146	0.000
168.146	0.000
169.146	0.000
170.146	1.000
171.146	0.000
172.147	0.000
173.147	0.000
174.147	0.000
175.147	1.000
176.147	0.000
177.147	1.000
178.147	0.000
179.147	1.000
180.148	0.000
181.148	0.000
182.148	1.000
183.148	0.000
184.148	0.000
185.148	0.000
186.148	1.000
187.148	0.000
188.149	0.000
189.149	0.000
190.149	1.000
191.149	1.000
192.149	0.000
193.149	1.000
194.149	0.000
195.149	1.000
196.150	0.000
197.150	0.000
198.150	0.000
199.150	0.000
200.150	0.000
201.150	1.000
202.150	0.000
203.150	0.000
204.151	0.000
205.151	1.000
206.151	0.000
207.151	1.000
208.151	1.000
209.151	0.000
210.151	0.000
211.151	0.000
212.152	1.000
213.152	1.000
214.152	1.000
215.152	1.000
216.152	0.000
217.152	0.000
218.152	0.000
219.152	0.000
220.153	0.000
221.153	1.000
222.153	0.000
223.153	0.000
224.153	1.000
225.153	0.000
226.153	2.000
227.153	0.000
228.154	0.000
229.154	0.000
230.154	0.000
231.154	0.000
232.154	0.000
233.154	1.000
234.154	0.000
235.154	0.000
236.155	1.000
237.155	0.000
238.155	0.000
239.155	0.000
240.155	0.000
241.155	0.000
242.155	1.000
243.155	0.000
244.156	0.000
245.156	0.000
246.156	0.000
247.156	0.000
248.156	0.000
249.156	0.000
250.156	0.000
251.156	0.000
252.157	0.000
253.157	0.000
254.157	0.000
255.157	0.000
256.157	0.000
257.157	1.000
258.157	0.000
259.157	0.000
260.158	0.000
261.158	0.000
262.158	0.000
263.158	0.000
264.158	0.000
265.158	0.000
266.158	1.000
267.158	2.000
268.159	0.000
269.159	1.000
270.159	0.000
271.159	0.000
272.159	0.000
273.159	0.000
274.159	0.000
275.159	0.000
276.160	1.000
277.160	0.000
278.160	1.000
279.160	0.000
280.160	0.000
281.160	0.000
282.160	0.000
283.160	0.000
284.161	0.000
285.161	0.000
286.161	1.000
287.161	0.000
288.161	0.000
289.161	1.000
290.161	0.000
291.161	0.000
292.162	0.000
293.162	0.000
294.162	0.000
295.162	1.000
296.162	0.000
297.162	0.000
298.162	1.000
299.162	0.000
300.163	0.000
301.163	0.000
302.163	0.000
303.163	0.000
304.163	2.000
305.163	0.000
306.163	0.000
307.163	0.000
308.164	0.000
309.164	0.000
310.164	0.000
311.164	0.000
312.164	1.000
313.164	0.000
314.164	0.000
315.164	0.000
316.165	0.000
317.165	2.000
318.165	0.000
319.165	0.000
320.165	0.000
321.165	0.000
322.165	1.000
323.165	0.000
324.166	0.000
325.166	1.000
326.166	0.000
327.166	0.000
328.166	0.000
329.166	0.000
330.166	0.000
331.166	0.000
332.167	1.000
333.167	0.000
334.167	0.000
335.167	0.000
336.167	0.000
337.167	0.000
338.167	2.000
339.167	2.000
340.168	0.000
341.168	1.000
342.168	0.000
343.168	0.000
344.168	0.000
345.168	0.000
346.168	1.000
347.168	0.000
348.169	0.000
349.169	0.000
350.169	0.000
351.169	0.000
352.169	0.000
353.169	0.000
354.169	0.000
355.169	0.000
356.170	0.000
357.170	0.000
358.170	0.000
359.170	0.000
360.170	1.000
361.170	2.000
362.170	0.000
363.170	0.000
364.171	0.000
365.171	0.000
366.171	0.000
367.171	0.000
368.171	0.000
369.171	1.000
370.171	0.000
371.171	0.000
372.172	0.000
373.172	0.000
374.172	0.000
375.172	1.000
376.172	0.000
377.172	0.000
378.172	0.000
379.172	2.000
380.173	1.000
381.173	0.000
382.173	0.000
383.173	1.000
384.173	0.000
385.173	0.000
386.173	0.000
387.173	1.000
388.174	0.000
389.174	2.000
390.174	1.000
391.174	1.000
392.174	0.000
393.174	0.000
394.174	0.000
395.174	0.000
396.175	0.000
397.175	1.000
398.175	0.000
399.175	0.000
400.175	0.000
401.175	0.000
402.175	0.000
403.175	0.000
404.176	0.000
405.176	0.000
406.176	1.000
407.176	0.000
408.176	0.000
409.176	1.000
410.176	0.000
411.176	1.000
412.177	1.000
413.177	0.000
414.177	0.000
415.177	0.000
416.177	0.000
417.177	0.000
418.177	0.000
419.177	0.000
420.178	0.000
421.178	3.000
422.178	0.000
423.178	0.000
424.178	1.000
425.178	0.000
426.178	1.000
427.178	1.000
428.179	1.000
429.179	1.000
430.179	0.000
431.179	0.000
432.179	0.000
433.179	1.000
434.179	0.000
435.179	0.000
436.180	0.000
437.180	0.000
438.180	0.000
439.180	1.000
440.180	1.000
441.180	1.000
442.180	0.000
443.180	0.000
444.181	0.000
445.181	0.000
446.181	0.000
447.181	1.000
448.181	0.000
449.181	1.000
450.181	1.000
451.181	0.000
452.182	1.000
453.182	0.000
454.182	0.000
455.182	1.000
456.182	0.000
457.182	0.000
458.182	0.000
459.182	1.000
460.183	0.000
461.183	0.000
462.183	0.000
463.183	0.000
464.183	0.000
465.183	0.000
466.183	0.000
467.183	1.000
468.184	2.000
469.184	0.000
470.184	1.000
471.184	0.000
472.184	1.000
473.184	0.000
474.184	1.000
475.184	0.000
476.185	1.000
477.185	0.000
478.185	0.000
479.185	0.000
480.185	1.000
481.185	0.000
482.185	0.000
483.185	0.000
484.186	0.000
485.186	0.000
486.186	0.000
487.186	0.000
488.186	1.000
489.186	0.000
490.186	0.000
491.186	1.000
492.187	1.000
493.187	0.000
494.187	0.000
495.187	0.000
496.187	0.000
497.187	0.000
498.187	0.000
499.187	0.000
500.188	1.000
501.188	0.000
502.188	0.000
503.188	0.000
504.188	0.000
505.188	1.000
506.188	0.000
507.188	0.000
508.189	1.000
509.189	0.000
510.189	1.000
511.189	0.000
512.189	0.000
513.189	0.000
514.189	0.000
515.189	0.000
516.190	0.000
517.190	1.000
518.190	0.000
519.190	0.000
520.190	2.000
521.190	1.000
522.190	1.000
523.190	0.000
524.191	0.000
525.191	1.000
526.191	1.000
527.191	0.000
528.191	0.000
529.191	0.000
530.191	0.000
531.191	0.000
532.192	0.000
533.192	0.000
534.192	1.000
535.192	0.000
536.192	0.000
537.192	0.000
538.192	0.000
539.192	1.000
540.193	0.000
541.193	0.000
542.193	0.000
543.193	0.000
544.193	0.000
545.193	1.000
546.193	1.000
547.193	0.000
548.194	0.000
549.194	0.000
550.194	0.000
551.194	0.000
552.194	0.000
553.194	1.000
554.194	0.000
555.194	0.000
556.195	0.000
557.195	0.000
558.195	2.000
559.195	1.000
560.195	1.000
561.195	0.000
562.195	1.000
563.195	0.000
564.196	0.000
565.196	1.000
566.196	0.000
567.196	0.000
568.196	1.000
569.196	0.000
570.196	1.000
571.196	1.000
572.197	2.000
573.197	0.000
574.197	1.000
575.197	1.000
576.197	0.000
577.197	0.000
578.197	0.000
579.197	0.000
580.198	0.000
581.198	1.000
582.198	1.000
583.198	0.000
584.198	0.000
585.198	1.000
586.198	2.000
587.198	0.000
588.199	0.000
589.199	0.000
590.199	0.000
591.199	0.000
592.199	0.000
593.199	0.000
594.199	0.000
595.199	0.000
596.200	0.000
597.200	1.000
598.200	0.000
599.200	2.000
600.200	0.000
601.200	0.000
602.200	0.000
603.200	0.000
604.201	0.000
605.201	0.000
606.201	2.000
607.201	0.000
608.201	2.000
609.201	0.000
610.201	0.000
611.201	1.000
612.202	0.000
613.202	1.000
614.202	0.000
615.202	0.000
616.202	0.000
617.202	0.000
618.202	0.000
619.202	0.000
620.203	0.000
621.203	0.000
622.203	0.000
623.203	0.000
624.203	0.000
625.203	0.000
626.203	0.000
627.203	1.000
628.204	0.000
629.204	0.000
630.204	1.000
631.204	1.000
632.204	0.000
633.204	0.000
634.204	0.000
635.204	1.000
636.205	0.000
637.205	1.000
638.205	1.000
639.205	0.000
640.205	1.000
641.205	0.000
642.205	0.000
643.205	0.000
644.206	0.000
645.206	0.000
646.206	0.000
647.206	0.000
648.206	0.000
649.206	0.000
650.206	1.000
651.206	0.000
652.207	0.000
653.207	0.000
654.207	2.000
655.207	1.000
656.207	0.000
657.207	1.000
658.207	1.000
659.207	0.000
660.208	1.000
661.208	1.000
662.208	0.000
663.208	0.000
664.208	0.000
665.208	0.000
666.208	0.000
667.208	0.000
668.209	0.000
669.209	0.000
670.209	0.000
671.209	0.000
672.209	2.000
673.209	1.000
674.209	1.000
675.209	0.000
676.210	0.000
677.210	0.000
678.210	0.000
679.210	0.000
680.210	0.000
681.210	0.000
682.210	1.000
683.210	0.000
684.211	0.000
685.211	0.000
686.211	0.000
687.211	1.000
688.211	1.000
689.211	0.000
690.211	1.000
691.211	0.000
692.212	0.000
693.212	1.000
694.212	0.000
695.212	0.000
696.212	2.000
697.212	0.000
698.212	0.000
699.212	0.000
700.213	0.000
701.213	0.000
702.213	0.000
703.213	0.000
704.213	0.000
705.213	0.000
706.213	1.000
707.213	1.000
708.214	1.000
709.214	1.000
710.214	1.000
711.214	1.000
712.214	0.000
713.214	0.000
714.214	0.000
715.214	0.000
716.215	0.000
717.215	0.000
718.215	0.000
719.215	0.000
720.215	0.000
721.215	1.000
722.215	0.000
723.215	0.000
724.216	0.000
725.216	1.000
726.216	1.000
727.216	1.000
728.216	0.000
729.216	1.000
730.216	0.000
731.216	0.000
732.217	0.000
733.217	1.000
734.217	0.000
735.217	0.000
736.217	0.000
737.217	1.000
738.217	1.000
739.217	1.000
740.218	0.000
741.218	0.000
742.218	1.000
743.218	1.000
744.218	0.000
745.218	1.000
746.218	0.000
747.218	0.000
748.219	0.000
749.219	0.000
750.219	0.000
751.219	0.000
752.219	1.000
753.219	0.000
754.219	0.000
755.219	1.000
756.220	1.000
757.220	0.000
758.220	0.000
759.220	0.000
760.220	0.000
761.220	0.000
762.220	2.000
763.220	1.000
764.221	1.000
765.221	0.000
766.221	0.000
767.221	0.000
768.221	0.000
769.221	1.000
770.221	0.000
771.221	0.000
772.222	0.000
773.222	1.000
774.222	0.000
775.222	0.000
776.222	0.000
777.222	0.000
778.222	0.000
779.222	1.000
780.223	1.000
781.223	2.000
782.223	0.000
783.223	0.000
784.223	0.000
785.223	0.000
786.223	0.000
787.223	2.000
788.224	0.000
789.224	0.000
790.224	1.000
791.224	0.000
792.224	0.000
793.224	0.000
794.224	0.000
795.224	0.000
796.225	1.000
797.225	1.000
798.225	1.000
799.225	0.000
800.225	0.000
801.225	0.000
802.225	1.000
803.225	2.000
804.226	0.000
805.226	1.000
806.226	1.000
807.226	0.000
808.226	0.000
809.226	0.000
810.226	0.000
811.226	0.000
812.227	0.000
813.227	1.000
814.227	0.000
815.227	0.000
816.227	0.000
817.227	0.000
818.227	2.000
819.227	0.000
820.228	0.000
821.228	0.000
822.228	1.000
823.228	1.000
824.228	0.000
825.228	0.000
826.228	0.000
827.228	0.000
828.229	0.000
829.229	2.000
830.229	0.000
831.229	2.000
832.229	0.000
833.229	0.000
834.229	0.000
835.229	0.000
836.230	2.000
837.230	1.000
838.230	0.000
839.230	3.000
840.230	0.000
841.230	0.000
842.230	1.000
843.230	1.000
844.231	1.000
845.231	0.000
846.231	0.000
847.231	0.000
848.231	1.000
849.231	0.000
850.231	0.000
851.231	0.000
852.232	2.000
853.232	1.000
854.232	1.000
855.232	0.000
856.232	0.000
857.232	0.000
858.232	0.000
859.232	0.000
860.233	0.000
861.233	0.000
862.233	0.000
863.233	0.000
864.233	1.000
865.233	0.000
866.233	0.000
867.233	0.000
868.234	0.000
869.234	1.000
870.234	0.000
871.234	3.000
872.234	0.000
873.234	2.000
874.234	0.000
875.234	0.000
876.235	0.000
877.235	0.000
878.235	0.000
879.235	0.000
880.235	0.000
881.235	1.000
882.235	0.000
883.235	0.000
884.236	1.000
885.236	0.000
886.236	0.000
887.236	0.000
888.236	0.000
889.236	0.000
890.236	0.000
891.236	0.000
892.237	0.000
893.237	0.000
894.237	1.000
895.237	0.000
896.237	0.000
897.237	0.000
898.237	1.000
899.237	1.000
900.238	1.000
901.238	0.000
902.238	1.000
903.238	0.000
904.238	0.000
905.238	0.000
906.238	1.000
907.238	2.000
908.239	0.000
909.239	0.000
910.239	0.000
911.239	0.000
912.239	1.000
913.239	1.000
914.239	0.000
915.239	1.000
916.240	0.000
917.240	0.000
918.240	0.000
919.240	0.000
920.240	0.000
921.240	2.000
922.240	0.000
923.240	1.000
924.241	1.000
925.241	2.000
926.241	2.000
927.241	0.000
928.241	0.000
929.241	0.000
930.241	0.000
931.241	0.000
932.242	0.000
933.242	0.000
934.242	0.000
935.242	0.000
936.242	0.000
937.242	0.000
938.242	0.000
939.242	1.000
940.243	1.000
941.243	1.000
942.243	0.000
943.243	0.000
944.243	1.000
945.243	0.000
946.243	0.000
947.243	1.000
948.244	1.000
949.244	2.000
950.244	1.000
951.244	0.000
952.244	0.000
953.244	0.000
954.244	1.000
955.244	0.000
956.245	0.000
957.245	0.000
958.245	0.000
959.245	0.000
960.245	2.000
961.245	0.000
962.245	2.000
963.245	1.000
964.246	0.000
965.246	0.000
966.246	4.000
967.246	1.000
968.246	0.000
969.246	0.000
970.246	1.000
971.246	0.000
972.247	2.000
973.247	0.000
974.247	0.000
975.247	0.000
976.247	0.000
977.247	0.000
978.247	0.000
979.247	0.000
980.248	2.000
981.248	0.000
982.248	0.000
983.248	1.000
984.248	1.000
985.248	2.000
986.248	0.000
987.248	0.000
988.249	0.000
989.249	0.000
990.249	0.000
991.249	0.000
992.249	1.000
993.249	0.000
994.249	2.000
995.249	0.000
996.250	1.000
997.250	1.000
998.250	0.000
999.250	1.000
1000.250	0.000
1001.250	0.000
1002.250	0.000
1003.250	0.000
1004.251	0.000
1005.251	0.000
1006.251	0.000
1007.251	0.000
1008.251	0.000
1009.251	0.000
1010.251	0.000
1011.251	1.000
1012.252	0.000
1013.252	1.000
1014.252	0.000
1015.252	0.000
1016.252	0.000
1017.252	1.000
1018.252	1.000
1019.252	1.000
1020.253	0.000
1021.253	0.000
1022.253	1.000
1023.253	1.000
1024.253	0.000
1025.253	2.000
1026.253	0.000
1027.253	0.000
1028.254	0.000
1029.254	0.000
1030.254	0.000
1031.254	0.000
1032.254	1.000
1033.254	1.000
1034.254	1.000
1035.254	1.000
1036.255	2.000
1037.255	0.000
1038.255	1.000
1039.255	0.000
1040.255	0.000
1041.255	1.000
1042.255	0.000
1043.255	0.000
1044.256	0.000
1045.256	0.000
1046.256	1.000
1047.256	0.000
1048.256	0.000
1049.256	0.000
1050.256	1.000
1051.256	1.000
1052.257	0.000
1053.257	1.000
1054.257	0.000
1055.257	1.000
1056.257	0.000
1057.257	0.000
1058.257	0.000
1059.257	2.000
1060.258	0.000
1061.258	0.000
1062.258	0.000
1063.258	0.000
1064.258	2.000
1065.258	0.000
1066.258	0.000
1067.258	1.000
1068.259	0.000
1069.259	0.000
1070.259	1.000
1071.259	2.000
1072.259	0.000
1073.259	0.000
1074.259	0.000
1075.259	1.000
1076.260	0.000
1077.260	0.000
1078.260	0.000
1079.260	0.000
1080.260	0.000
1081.260	0.000
1082.260	0.000
1083.260	1.000
1084.261	0.000
1085.261	0.000
1086.261	0.000
1087.261	0.000
1088.261	0.000
1089.261	0.000
1090.261	0.000
1091.261	0.000
1092.262	0.000
1093.262	0.000
1094.262	0.000
1095.262	0.000
1096.262	1.000
1097.262	1.000
1098.262	1.000
1099.262	2.000
1100.263	2.000
1101.263	0.000
1102.263	1.000
1103.263	1.000
1104.263	0.000
1105.263	0.000
1106.263	0.000
1107.263	1.000
1108.264	1.000
1109.264	0.000
1110.264	0.000
1111.264	0.000
1112.264	0.000
1113.264	0.000
1114.264	1.000
1115.264	0.000
1116.265	1.000
1117.265	0.000
1118.265	0.000
1119.265	0.000
1120.265	2.000
1121.265	0.000
1122.265	1.000
1123.265	0.000
1124.266	0.000
1125.266	0.000
1126.266	0.000
1127.266	0.000
1128.266	0.000
1129.266	1.000
1130.266	1.000
1131.266	0.000
1132.267	1.000
1133.267	1.000
1134.267	0.000
1135.267	2.000
1136.267	1.000
1137.267	0.000
1138.267	1.000
1139.267	1.000
1140.268	1.000
1141.268	0.000
1142.268	1.000
1143.268	2.000
1144.268	1.000
1145.268	2.000
1146.268	0.000
1147.268	1.000
1148.269	0.000
1149.269	1.000
1150.269	0.000
1151.269	0.000
1152.269	0.000
1153.269	0.000
1154.269	1.000
1155.269	2.000
1156.270	0.000
1157.270	0.000
1158.270	0.000
1159.270	0.000
1160.270	1.000
1161.270	0.000
1162.270	1.000
1163.270	0.000
1164.271	1.000
1165.271	1.000
1166.271	1.000
1167.271	0.000
1168.271	0.000
1169.271	0.000
1170.271	0.000
1171.271	1.000
1172.272	0.000
1173.272	1.000
1174.272	0.000
1175.272	1.000
1176.272	2.000
1177.272	0.000
1178.272	2.000
1179.272	0.000
1180.273	0.000
1181.273	0.000
1182.273	0.000
1183.273	1.000
1184.273	1.000
1185.273	1.000
1186.273	0.000
1187.273	0.000
1188.274	0.000
1189.274	0.000
1190.274	1.000
1191.274	0.000
1192.274	0.000
1193.274	1.000
1194.274	0.000
1195.274	0.000
1196.275	1.000
1197.275	2.000
1198.275	0.000
1199.275	2.000
1200.275	0.000
1201.275	0.000
1202.275	0.000
1203.275	0.000
1204.276	1.000
1205.276	0.000
1206.276	0.000
1207.276	1.000
1208.276	1.000
1209.276	1.000
1210.276	1.000
1211.276	0.000
1212.277	0.000
1213.277	0.000
1214.277	0.000
1215.277	0.000
1216.277	0.000
1217.277	0.000
1218.277	1.000
1219.277	0.000
1220.278	0.000
1221.278	1.000
1222.278	0.000
1223.278	0.000
1224.278	0.000
1225.278	0.000
1226.278	0.000
1227.278	0.000
1228.279	0.000
1229.279	0.000
1230.279	1.000
1231.279	1.000
1232.279	0.000
1233.279	0.000
1234.279	0.000
1235.279	0.000
1236.280	0.000
1237.280	0.000
1238.280	0.000
1239.280	1.000
1240.280	1.000
1241.280	1.000
1242.280	1.000
1243.280	2.000
1244.281	0.000
1245.281	0.000
1246.281	1.000
1247.281	3.000
1248.281	0.000
1249.281	0.000
1250.281	0.000
1251.281	3.000
1252.282	0.000
1253.282	1.000
1254.282	1.000
1255.282	0.000
1256.282	0.000
1257.282	0.000
1258.282	0.000
1259.282	0.000
1260.283	1.000
1261.283	0.000
1262.283	2.000
1263.283	1.000
1264.283	0.000
1265.283	0.000
1266.283	2.000
1267.283	0.000
1268.284	1.000
1269.284	0.000
1270.284	2.000
1271.284	0.000
1272.284	0.000
1273.284	0.000
1274.284	1.000
1275.284	0.000
1276.285	1.000
1277.285	1.000
1278.285	0.000
1279.285	2.000
1280.285	0.000
1281.285	0.000
1282.285	1.000
1283.285	2.000
1284.286	0.000
1285.286	1.000
1286.286	2.000
1287.286	1.000
1288.286	0.000
1289.286	0.000
1290.286	1.000
1291.286	1.000
1292.287	1.000
1293.287	0.000
1294.287	1.000
1295.287	1.000
1296.287	3.000
1297.287	1.000
1298.287	0.000
1299.287	0.000
1300.288	0.000
1301.288	0.000
1302.288	0.000
1303.288	0.000
1304.288	0.000
1305.288	1.000
1306.288	0.000
1307.288	0.000
1308.289	0.000
1309.289	1.000
1310.289	1.000
1311.289	1.000
1312.289	1.000
1313.289	1.000
1314.289	2.000
1315.289	0.000
1316.290	0.000
1317.290	1.000
1318.290	1.000
1319.290	0.000
1320.290	0.000
1321.290	0.000
1322.290	1.000
1323.290	1.000
1324.291	0.000
1325.291	0.000
1326.291	1.000
1327.291	0.000
1328.291	1.000
1329.291	2.000
1330.291	0.000
1331.291	1.000
1332.292	3.000
1333.292	1.000
1334.292	2.000
1335.292	0.000
1336.292	1.000
1337.292	1.000
1338.292	1.000
1339.292	0.000
1340.293	3.000
1341.293	4.000
1342.293	1.000
1343.293	0.000
1344.293	0.000
1345.293	0.000
1346.293	1.000
1347.293	0.000
1348.294	0.000
1349.294	0.000
1350.294	0.000
1351.294	2.000
1352.294	1.000
1353.294	0.000
1354.294	1.000
1355.294	0.000
1356.295	1.000
1357.295	1.000
1358.295	0.000
1359.295	2.000
1360.295	1.000
1361.295	2.000
1362.295	1.000
1363.295	1.000
1364.296	1.000
1365.296	2.000
1366.296	0.000
1367.296	3.000
1368.296	0.000
1369.296	2.000
1370.296	0.000
1371.296	2.000
1372.297	1.000
1373.297	1.000
1374.297	1.000
1375.297	1.000
1376.297	2.000
1377.297	1.000
1378.297	2.000
1379.297	1.000
1380.298	0.000
1381.298	2.000
1382.298	0.000
1383.298	1.000
1384.298	1.000
1385.298	1.000
1386.298	0.000
1387.298	2.000
1388.299	2.000
1389.299	1.000
1390.299	0.000
1391.299	2.000
1392.299	1.000
1393.299	0.000
1394.299	1.000
1395.299	2.000
1396.300	1.000
1397.300	0.000
1398.300	0.000
1399.300	0.000
1400.300	1.000
1401.300	0.000
1402.300	0.000
1403.300	2.000
1404.301	2.000
1405.301	0.000
1406.301	0.000
1407.301	3.000
1408.301	0.000
1409.301	2.000
1410.301	0.000
1411.301	1.000
1412.302	3.000
1413.302	3.000
1414.302	1.000
1415.302	3.000
1416.302	2.000
1417.302	0.000
1418.302	2.000
1419.302	2.000
1420.303	1.000
1421.303	0.000
1422.303	2.000
1423.303	1.000
1424.303	0.000
1425.303	3.000
1426.303	1.000
1427.303	1.000
1428.304	2.000
1429.304	2.000
1430.304	3.000
1431.304	3.000
1432.304	4.000
1433.304	6.000
1434.304	7.000
1435.304	3.000
1436.305	3.000
1437.305	3.000
1438.305	3.000
1439.305	4.000
1440.305	1.000
1441.305	6.000
1442.305	2.000
1443.305	5.000
1444.306	6.000
1445.306	8.000
1446.306	5.000
1447.306	4.000
1448.306	2.000
1449.306	4.000
1450.306	4.000
1451.306	4.000
1452.307	6.000
1453.307	3.000
1454.307	7.000
1455.307	6.000
1456.307	7.000
1457.307	10.000
1458.307	5.000
1459.307	9.000
1460.308	7.000
1461.308	12.000
1462.308	6.000
1463.308	10.000
1464.308	6.000
1465.308	10.000
1466.308	5.000
1467.308	10.000
1468.309	10.000
1469.309	13.000
1470.309	15.000
1471.309	8.000
1472.309	13.000
1473.309	14.000
1474.309	14.000
1475.309	16.000
1476.310	13.000
1477.310	22.000
1478.310	10.000
1479.310	23.000
1480.310	17.000
1481.310	18.000
1482.310	20.000
1483.310	23.000
1484.311	16.000
1485.311	16.000
1486.311	26.000
1487.311	34.000
1488.311	26.000
1489.311	24.000
1490.311	23.000
1491.311	24.000
1492.312	23.000
1493.312	33.000
1494.312	34.000
1495.312	26.000
1496.312	15.000
1497.312	29.000
1498.312	44.000
1499.312	34.000
1500.313	30.000
1501.313	36.000
1502.313	39.000
1503.313	48.000
1504.313	44.000
1505.313	54.000
1506.313	48.000
1507.313	46.000
1508.314	43.000
1509.314	44.000
1510.314	49.000
1511.314	42.000
1512.314	48.000
1513.314	58.000
1514.314	52.000
1515.314	58.000
1516.315	56.000
1517.315	65.000
1518.315	62.000
1519.315	66.000
1520.315	76.000
1521.315	66.000
1522.315	91.000
1523.315	85.000
1524.316	93.000
1525.316	92.000
1526.316	87.000
1527.316	108.000
1528.316	83.000
1529.316	90.000
1530.316	118.000
1531.316	101.000
1532.317	103.000
1533.317	114.000
1534.317	111.000
1535.317	138.000
1536.317	118.000
1537.317	115.000
1538.317	112.000
1539.317	117.000
1540.318	137.000
1541.318	145.000
1542.318	158.000
1543.318	138.000
1544.318	131.000
1545.318	170.000
1546.318	184.000
1547.318	170.000
1548.319	173.000
1549.319	171.000
1550.319	176.000
1551.319	181.000
1552.319	187.000
1553.319	163.000
1554.319	207.000
1555.319	194.000
1556.320	182.000
1557.320	229.000
1558.320	241.000
1559.320	221.000
1560.320	231.000
1561.320	221.000
1562.320	219.000
1563.320	249.000
1564.321	249.000
1565.321	270.000
1566.321	265.000
1567.321	262.000
1568.321	283.000
1569.321	281.000
1570.321	326.000
1571.321	317.000
1572.322	294.000
1573.322	305.000
1574.322	325.000
1575.322	328.000
1576.322	337.000
1577.322	336.000
1578.322	365.000
1579.322	350.000
1580.323	346.000
1581.323	387.000
1582.323	362.000
1583.323	395.000
1584.323	397.000
1585.323	393.000
1586.323	439.000
1587.323	393.000
1588.324	460.000
1589.324	437.000
1590.324	403.000
1591.324	442.000
1592.324	470.000
1593.324	424.000
1594.324	478.000
1595.324	525.000
1596.325	488.000
1597.325	521.000
1598.325	532.000
1599.325	545.000
1600.325	550.000
1601.325	536.000
1602.325	597.000
1603.325	587.000
1604.326	599.000
1605.326	598.000
1606.326	600.000
1607.326	605.000
1608.326	623.000
1609.326	653.000
1610.326	645.000
1611.326	683.000
1612.327	621.000
1613.327	608.000
1614.327	644.000
1615.327	678.000
1616.327	730.000
1617.327	712.000
1618.327	737.000
1619.327	752.000
1620.328	701.000
1621.328	795.000
1622.328	705.000
1623.328	715.000
1624.328	731.000
1625.328	743.000
1626.328	809.000
1627.328	801.000
1628.329	776.000
1629.329	823.000
1630.329	827.000
1631.329	811.000
1632.329	843.000
1633.329	805.000
1634.329	912.000
1635.329	865.000
1636.330	903.000
1637.330	930.000
1638.330	886.000
1639.330	910.000
1640.330	908.000
1641.330	900.000
1642.330	927.000
1643.330	997.000
1644.331	1027.000
1645.331	967.000
1646.331	1007.000
1647.331	999.000
1648.331	1045.000
1649.331	1014.000
1650.331	1016.000
1651.331	1043.000
1652.332	1070.000
1653.332	1089.000
1654.332	987.000
1655.332	1036.000
1656.332	1071.000
1657.332	1133.000
1658.332	1091.000
1659.332	1082.000
1660.333	1063.000
1661.333	1155.000
1662.333	1084.000
1663.333	1049.000
1664.333	1154.000
1665.333	1103.000
1666.333	1164.000
1667.333	1174.000
1668.334	1146.000
1669.334	1146.000
1670.334	1158.000
1671.334	1110.000
1672.334	1095.000
1673.334	1196.000
1674.334	1223.000
1675.334	1188.000
1676.335	1134.000
1677.335	1188.000
1678.335	1209.000
1679.335	1138.000
1680.335	1179.000
1681.335	1153.000
1682.335	1198.000
1683.335	1184.000
1684.336	1186.000
1685.336	1193.000
1686.336	1215.000
1687.336	1189.000
1688.336	1232.000
1689.336	1200.000
1690.336	1152.000
1691.336	1212.000
1692.337	1126.000
1693.337	1191.000
1694.337	1164.000
1695.337	1171.000
1696.337	1154.000
1697.337	1146.000
1698.337	1220.000
1699.337	1164.000
1700.338	1172.000
1701.338	1162.000
1702.338	1124.000
1703.338	1135.000
1704.338	1081.000
1705.338	1110.000
1706.338	1164.000
1707.338	1066.000
1708.339	1042.000
1709.339	1094.000
1710.339	1106.000
1711.339	1134.000
1712.339	1098.000
1713.339	1086.000
1714.339	1136.000
1715.339	1095.000
1716.340	1064.000
1717.340	1083.000
1718.340	1066.000
1719.340	1025.000
1720.340	958.000
1721.340	1024.000
1722.340	1017.000
1723.340	997.000
1724.341	984.000
1725.341	973.000
1726.341	968.000
1727.341	991.000
1728.341	932.000
1729.341	1003.000
1730.341	955.000
1731.341	939.000
1732.342	943.000
1733.342	916.000
1734.342	927.000
1735.342	917.000
1736.342	852.000
1737.342	851.000
1738.342	864.000
1739.342	876.000
1740.343	823.000
1741.343	847.000
1742.343	810.000
1743.343	822.000
1744.343	771.000
1745.343	788.000
1746.343	727.000
1747.343	773.000
1748.344	747.000
1749.344	784.000
1750.344	740.000
1751.344	710.000
1752.344	718.000
1753.344	739.000
1754.344	708.000
1755.344	679.000
1756.345	694.000
1757.345	649.000
1758.345	616.000
1759.345	660.000
1760.345	597.000
1761.345	637.000
1762.345	581.000
1763.345	588.000
1764.346	627.000
1765.346	598.000
1766.346	531.000
1767.346	577.000
1768.346	549.000
1769.346	557.000
1770.346	545.000
1771.346	479.000
1772.347	527.000
1773.347	463.000
1774.347	506.000
1775.347	481.000
1776.347	481.000
1777.347	441.000
1778.347	453.000
1779.347	422.000
1780.348	436.000
1781.348	383.000
1782.348	357.000
1783.348	382.000
1784.348	399.000
1785.348	430.000
1786.348	357.000
1787.348	353.000
1788.349	320.000
1789.349	352.000
1790.349	363.000
1791.349	347.000
1792.349	321.000
1793.349	320.000
1794.349	279.000
1795.349	289.000
1796.350	309.000
1797.350	288.000
1798.350	276.000
1799.350	232.000
1800.350	247.000
1801.350	274.000
1802.350	281.000
1803.350	246.000
1804.351	224.000
1805.351	259.000
1806.351	239.000
1807.351	263.000
1808.351	239.000
1809.351	227.000
1810.351	221.000
1811.351	211.000
1812.352	209.000
1813.352	198.000
1814.352	204.000
1815.352	189.000
1816.352	179.000
1817.352	166.000
1818.352	190.000
1819.352	144.000
1820.353	184.000
1821.353	146.000
1822.353	160.000
1823.353	172.000
1824.353	138.000
1825.353	147.000
1826.353	144.000
1827.353	152.000
1828.354	136.000
1829.354	124.000
1830.354	131.000
1831.354	144.000
1832.354	128.000
1833.354	122.000
1834.354	131.000
1835.354	114.000
1836.355	122.000
1837.355	100.000
1838.355	113.000
1839.355	106.000
1840.355	128.000
1841.355	142.000
1842.355	112.000
1843.355	128.000
1844.356	99.000
1845.356	81.000
1846.356	85.000
1847.356	86.000
1848.356	79.000
1849.356	92.000
1850.356	101.000
1851.356	96.000
1852.357	78.000
1853.357	73.000
1854.357	79.000
1855.357	79.000
1856.357	66.000
1857.357	80.000
1858.357	74.000
1859.357	86.000
1860.358	62.000
1861.358	79.000
1862.358	88.000
1863.358	67.000
1864.358	65.000
1865.358	69.000
1866.358	75.000
1867.358	63.000
1868.359	60.000
1869.359	76.000
1870.359	68.000
1871.359	69.000
1872.359	50.000
1873.359	45.000
1874.359	49.000
1875.359	64.000
1876.360	55.000
1877.360	64.000
1878.360	56.000
1879.360	57.000
1880.360	61.000
1881.360	51.000
1882.360	54.000
1883.360	63.000
1884.361	67.000
1885.361	47.000
1886.361	50.000
1887.361	46.000
1888.361	58.000
1889.361	57.000
1890.361	56.000
1891.361	58.000
1892.362	53.000
1893.362	41.000
1894.362	50.000
1895.362	46.000
1896.362	44.000
1897.362	46.000
1898.362	51.000
1899.362	49.000
1900.363	43.000
1901.363	55.000
1902.363	56.000
1903.363	55.000
1904.363	61.000
1905.363	61.000
1906.363	48.000
1907.363	52.000
1908.364	53.000
1909.364	56.000
1910.364	51.000
1911.364	60.000
1912.364	68.000
1913.364	47.000
1914.364	42.000
1915.364	44.000
1916.365	46.000
1917.365	48.000
1918.365	55.000
1919.365	50.000
1920.365	44.000
1921.365	62.000
1922.365	50.000
1923.365	45.000
1924.366	58.000
1925.366	53.000
1926.366	50.000
1927.366	36.000
1928.366	59.000
1929.366	56.000
1930.366	47.000
1931.366	38.000
1932.367	42.000
1933.367	47.000
1934.367	43.000
1935.367	58.000
1936.367	60.000
1937.367	37.000
1938.367	46.000
1939.367	70.000
1940.368	46.000
1941.368	49.000
1942.368	54.000
1943.368	52.000
1944.368	40.000
1945.368	60.000
1946.368	44.000
1947.368	63.000
1948.369	46.000
1949.369	63.000
1950.369	50.000
1951.369	41.000
1952.369	51.000
1953.369	52.000
1954.369	52.000
1955.369	55.000
1956.370	38.000
1957.370	47.000
1958.370	57.000
1959.370	60.000
1960.370	57.000
1961.370	42.000
1962.370	38.000
1963.370	58.000
1964.371	56.000
1965.371	50.000
1966.371	55.000
1967.371	52.000
1968.371	37.000
1969.371	44.000
1970.371	55.000
1971.371	39.000
1972.372	51.000
1973.372	41.000
1974.372	46.000
1975.372	46.000
1976.372	62.000
1977.372	28.000
1978.372	49.000
1979.372	44.000
1980.373	44.000
1981.373	44.000
1982.373	53.000
1983.373	52.000
1984.373	58.000
1985.373	44.000
1986.373	61.000
1987.373	49.000
1988.374	44.000
1989.374	64.000
1990.374	56.000
1991.374	55.000
1992.374	55.000
1993.374	52.000
1994.374	53.000
1995.374	50.000
1996.375	48.000
1997.375	52.000
1998.375	48.000
1999.375	48.000
2000.375	46.000
2001.375	59.000
2002.375	54.000
2003.375	55.000
2004.376	52.000
2005.376	67.000
2006.376	56.000
2007.376	50.000
2008.376	44.000
2009.376	48.000
2010.376	50.000
2011.376	35.000
2012.377	45.000
2013.377	31.000
2014.377	52.000
2015.377	51.000
2016.377	50.000
2017.377	51.000
2018.377	47.000
2019.377	46.000
2020.378	40.000
2021.378	39.000
2022.378	51.000
2023.378	54.000
2024.378	55.000
2025.378	50.000
2026.378	51.000
2027.378	54.000
2028.379	50.000
2029.379	64.000
2030.379	43.000
2031.379	52.000
2032.379	51.000
2033.379	61.000
2034.379	60.000
2035.379	47.000
2036.380	60.000
2037.380	59.000
2038.380	57.000
2039.380	51.000
2040.380	35.000
2041.380	49.000
2042.380	58.000
2043.380	62.000
2044.381	52.000
2045.381	59.000
2046.381	60.000
2047.381	61.000
2048.381	64.000
2049.381	57.000
2050.381	54.000
2051.381	54.000
2052.382	56.000
2053.382	57.000
2054.382	63.000
2055.382	53.000
2056.382	64.000
2057.382	52.000
2058.382	45.000
2059.382	61.000
2060.383	58.000
2061.383	61.000
2062.383	68.000
2063.383	53.000
2064.383	48.000
2065.383	44.000
2066.383	61.000
2067.383	53.000
2068.384	54.000
2069.384	60.000
2070.384	53.000
2071.384	49.000
2072.384	55.000
2073.384	48.000
2074.384	45.000
2075.384	53.000
2076.385	49.000
2077.385	54.000
2078.385	66.000
2079.385	53.000
2080.385	62.000
2081.385	63.000
2082.385	48.000
2083.385	52.000
2084.386	64.000
2085.386	63.000
2086.386	65.000
2087.386	61.000
2088.386	54.000
2089.386	47.000
2090.386	57.000
2091.386	60.000
2092.387	54.000
2093.387	58.000
2094.387	51.000
2095.387	62.000
2096.387	52.000
2097.387	71.000
2098.387	57.000
2099.387	56.000
2100.388	52.000
2101.388	62.000
2102.388	70.000
2103.388	57.000
2104.388	56.000
2105.388	45.000
2106.388	63.000
2107.388	51.000
2108.389	60.000
2109.389	57.000
2110.389	54.000
2111.389	60.000
2112.389	52.000
2113.389	54.000
2114.389	66.000
2115.389	76.000
2116.390	51.000
2117.390	62.000
2118.390	56.000
2119.390	64.000
2120.390	61.000
2121.390	73.000
2122.390	54.000
2123.390	50.000
2124.391	66.000
2125.391	50.000
2126.391	60.000
2127.391	47.000
2128.391	54.000
2129.391	49.000
2130.391	60.000
2131.391	69.000
2132.392	58.000
2133.392	53.000
2134.392	55.000
2135.392	56.000
2136.392	66.000
2137.392	54.000
2138.392	66.000
2139.392	71.000
2140.393	72.000
2141.393	55.000
2142.393	66.000
2143.393	65.000
2144.393	53.000
2145.393	43.000
2146.393	54.000
2147.393	55.000
2148.394	70.000
2149.394	57.000
2150.394	59.000
2151.394	65.000
2152.394	64.000
2153.394	56.000
2154.394	68.000
2155.394	59.000
2156.395	55.000
2157.395	58.000
2158.395	58.000
2159.395	43.000
2160.395	47.000
2161.395	53.000
2162.395	53.000
2163.395	52.000
2164.396	68.000
2165.396	55.000
2166.396	59.000
2167.396	58.000
2168.396	58.000
2169.396	53.000
2170.396	48.000
2171.396	50.000
2172.397	65.000
2173.397	58.000
2174.397	52.000
2175.397	64.000
2176.397	61.000
2177.397	49.000
2178.397	76.000
2179.397	55.000
2180.398	54.000
2181.398	61.000
2182.398	47.000
2183.398	62.000
2184.398	57.000
2185.398	63.000
2186.398	67.000
2187.398	45.000
2188.399	54.000
2189.399	60.000
2190.399	44.000
2191.399	63.000
2192.399	67.000
2193.399	46.000
2194.399	58.000
2195.399	60.000
2196.400	59.000
2197.400	56.000
2198.400	49.000
2199.400	48.000
2200.400	55.000
2201.400	58.000
2202.400	45.000
2203.400	57.000
2204.401	48.000
2205.401	65.000
2206.401	63.000
2207.401	62.000
2208.401	45.000
2209.401	66.000
2210.401	62.000
2211.401	58.000
2212.402	61.000
2213.402	66.000
2214.402	58.000
2215.402	57.000
2216.402	58.000
2217.402	54.000
2218.402	53.000
2219.402	53.000
2220.403	66.000
2221.403	62.000
2222.403	56.000
2223.403	54.000
2224.403	70.000
2225.403	53.000
2226.403	70.000
2227.403	65.000
2228.404	57.000
2229.404	65.000
2230.404	48.000
2231.404	58.000
2232.404	52.000
2233.404	59.000
2234.404	55.000
2235.404	81.000
2236.405	45.000
2237.405	44.000
2238.405	49.000
2239.405	57.000
2240.405	65.000
2241.405	54.000
2242.405	60.000
2243.405	61.000
2244.406	53.000
2245.406	60.000
2246.406	65.000
2247.406	63.000
2248.406	57.000
2249.406	63.000
2250.406	51.000
2251.406	61.000
2252.407	58.000
2253.407	57.000
2254.407	66.000
2255.407	60.000
2256.407	61.000
2257.407	46.000
2258.407	53.000
2259.407	55.000
2260.408	57.000
2261.408	54.000
2262.408	58.000
2263.408	58.000
2264.408	69.000
2265.408	52.000
2266.408	45.000
2267.408	70.000
2268.409	55.000
2269.409	58.000
2270.409	56.000
2271.409	65.000
2272.409	54.000
2273.409	74.000
2274.409	69.000
2275.409	67.000
2276.410	53.000
2277.410	63.000
2278.410	61.000
2279.410	68.000
2280.410	59.000
2281.410	55.000
2282.410	64.000
2283.410	51.000
2284.411	67.000
2285.411	60.000
2286.411	53.000
2287.411	56.000
2288.411	65.000
2289.411	67.000
2290.411	55.000
2291.411	56.000
2292.412	62.000
2293.412	42.000
2294.412	55.000
2295.412	58.000
2296.412	55.000
2297.412	54.000
2298.412	52.000
2299.412	54.000
2300.413	55.000
2301.413	54.000
2302.413	55.000
2303.413	51.000
2304.413	73.000
2305.413	55.000
2306.413	49.000
2307.413	55.000
2308.414	54.000
2309.414	58.000
2310.414	58.000
2311.414	45.000
2312.414	46.000
2313.414	52.000
2314.414	58.000
2315.414	62.000
2316.415	56.000
2317.415	59.000
2318.415	60.000
2319.415	59.000
2320.415	61.000
2321.415	60.000
2322.415	51.000
2323.415	63.000
2324.416	68.000
2325.416	49.000
2326.416	67.000
2327.416	65.000
2328.416	58.000
2329.416	56.000
2330.416	59.000
2331.416	59.000
2332.417	52.000
2333.417	58.000
2334.417	53.000
2335.417	61.000
2336.417	71.000
2337.417	53.000
2338.417	51.000
2339.417	53.000
2340.418	61.000
2341.418	56.000
2342.418	61.000
2343.418	55.000
2344.418	55.000
2345.418	61.000
2346.418	58.000
2347.418	57.000
2348.419	60.000
2349.419	63.000
2350.419	52.000
2351.419	59.000
2352.419	61.000
2353.419	59.000
2354.419	55.000
2355.419	61.000
2356.420	60.000
2357.420	54.000
2358.420	50.000
2359.420	62.000
2360.420	65.000
2361.420	59.000
2362.420	62.000
2363.420	51.000
2364.421	61.000
2365.421	58.000
2366.421	49.000
2367.421	55.000
2368.421	53.000
2369.421	63.000
2370.421	71.000
2371.421	64.000
2372.422	62.000
2373.422	42.000
2374.422	64.000
2375.422	71.000
2376.422	64.000
2377.422	58.000
2378.422	58.000
2379.422	64.000
2380.423	50.000
2381.423	61.000
2382.423	62.000
2383.423	65.000
2384.423	62.000
2385.423	45.000
2386.423	63.000
2387.423	56.000
2388.424	50.000
2389.424	55.000
2390.424	66.000
2391.424	56.000
2392.424	49.000
2393.424	59.000
2394.424	65.000
2395.424	37.000
2396.425	62.000
2397.425	61.000
2398.425	57.000
2399.425	50.000
2400.425	61.000
2401.425	54.000
2402.425	63.000
2403.425	44.000
2404.426	48.000
2405.426	61.000
2406.426	63.000
2407.426	55.000
2408.426	67.000
2409.426	64.000
2410.426	52.000
2411.426	61.000
2412.427	52.000
2413.427	56.000
2414.427	57.000
2415.427	40.000
2416.427	53.000
2417.427	63.000
2418.427	47.000
2419.427	49.000
2420.428	46.000
2421.428	62.000
2422.428	52.000
2423.428	60.000
2424.428	61.000
2425.428	62.000
2426.428	66.000
2427.428	64.000
2428.429	55.000
2429.429	56.000
2430.429	62.000
2431.429	66.000
2432.429	64.000
2433.429	56.000
2434.429	61.000
2435.429	37.000
2436.430	63.000
2437.430	46.000
2438.430	52.000
2439.430	65.000
2440.430	62.000
2441.430	56.000
2442.430	65.000
2443.430	51.000
2444.431	63.000
2445.431	55.000
2446.431	71.000
2447.431	60.000
2448.431	64.000
2449.431	63.000
2450.431	60.000
2451.431	77.000
2452.432	61.000
2453.432	59.000
2454.432	57.000
2455.432	50.000
2456.432	54.000
2457.432	51.000
2458.432	52.000
2459.432	57.000
2460.433	56.000
2461.433	57.000
2462.433	48.000
2463.433	66.000
2464.433	57.000
2465.433	75.000
2466.433	48.000
2467.433	67.000
2468.434	70.000
2469.434	51.000
2470.434	55.000
2471.434	73.000
2472.434	60.000
2473.434	60.000
2474.434	52.000
2475.434	57.000
2476.435	58.000
2477.435	61.000
2478.435	43.000
2479.435	57.000
2480.435	54.000
2481.435	43.000
2482.435	51.000
2483.435	51.000
2484.436	56.000
2485.436	66.000
2486.436	51.000
2487.436	57.000
2488.436	48.000
2489.436	64.000
2490.436	43.000
2491.436	50.000
2492.437	63.000
2493.437	52.000
2494.437	57.000
2495.437	65.000
2496.437	57.000
2497.437	61.000
2498.437	59.000
2499.437	67.000
2500.438	49.000
2501.438	55.000
2502.438	56.000
2503.438	60.000
2504.438	52.000
2505.438	63.000
2506.438	49.000
2507.438	60.000
2508.439	62.000
2509.439	69.000
2510.439	64.000
2511.439	54.000
2512.439	70.000
2513.439	53.000
2514.439	66.000
2515.439	54.000
2516.440	64.000
2517.440	56.000
2518.440	62.000
2519.440	56.000
2520.440	62.000
2521.440	67.000
2522.440	51.000
2523.440	60.000
2524.441	66.000
2525.441	54.000
2526.441	62.000
2527.441	56.000
2528.441	60.000
2529.441	49.000
2530.441	62.000
2531.441	56.000
2532.442	57.000
2533.442	66.000
2534.442	58.000
2535.442	59.000
2536.442	50.000
2537.442	45.000
2538.442	62.000
2539.442	52.000
2540.443	53.000
2541.443	56.000
2542.443	63.000
2543.443	57.000
2544.443	59.000
2545.443	68.000
2546.443	58.000
2547.443	54.000
2548.444	49.000
2549.444	67.000
2550.444	80.000
2551.444	62.000
2552.444	54.000
2553.444	62.000
2554.444	54.000
2555.444	63.000
2556.445	61.000
2557.445	68.000
2558.445	70.000
2559.445	60.000
2560.445	66.000
2561.445	58.000
2562.445	68.000
2563.445	59.000
2564.446	60.000
2565.446	60.000
2566.446	65.000
2567.446	55.000
2568.446	75.000
2569.446	50.000
2570.446	42.000
2571.446	49.000
2572.447	57.000
2573.447	61.000
2574.447	49.000
2575.447	66.000
2576.447	58.000
2577.447	48.000
2578.447	58.000
2579.447	72.000
2580.448	67.000
2581.448	47.000
2582.448	58.000
2583.448	44.000
2584.448	46.000
2585.448	56.000
2586.448	68.000
2587.448	51.000
2588.449	71.000
2589.449	67.000
2590.449	53.000
2591.449	68.000
2592.449	74.000
2593.449	67.000
2594.449	89.000
2595.449	76.000
2596.450	56.000
2597.450	57.000
2598.450	67.000
2599.450	60.000
2600.450	64.000
2601.450	61.000
2602.450	61.000
2603.450	53.000
2604.451	69.000
2605.451	62.000
2606.451	45.000
2607.451	59.000
2608.451	62.000
2609.451	64.000
2610.451	57.000
2611.451	56.000
2612.452	65.000
2613.452	66.000
2614.452	64.000
2615.452	72.000
2616.452	64.000
2617.452	55.000
2618.452	56.000
2619.452	67.000
2620.453	58.000
2621.453	64.000
2622.453	54.000
2623.453	59.000
2624.453	77.000
2625.453	57.000
2626.453	60.000
2627.453	64.000
2628.454	57.000
2629.454	62.000
2630.454	80.000
2631.454	50.000
2632.454	60.000
2633.454	60.000
2634.454	64.000
2635.454	74.000
2636.455	54.000
2637.455	82.000
2638.455	73.000
2639.455	61.000
2640.455	53.000
2641.455	69.000
2642.455	75.000
2643.455	61.000
2644.456	60.000
2645.456	80.000
2646.456	61.000
2647.456	64.000
2648.456	61.000
2649.456	56.000
2650.456	68.000
2651.456	68.000
2652.457	71.000
2653.457	59.000
2654.457	62.000
2655.457	67.000
2656.457	70.000
2657.457	70.000
2658.457	66.000
2659.457	64.000
2660.458	63.000
2661.458	60.000
2662.458	64.000
2663.458	70.000
2664.458	50.000
2665.458	63.000
2666.458	55.000
2667.458	63.000
2668.459	70.000
2669.459	55.000
2670.459	67.000
2671.459	51.000
2672.459	84.000
2673.459	66.000
2674.459	56.000
2675.459	71.000
2676.460	72.000
2677.460	64.000
2678.460	61.000
2679.460	63.000
2680.460	65.000
2681.460	67.000
2682.460	66.000
2683.460	65.000
2684.461	69.000
2685.461	58.000
2686.461	55.000
2687.461	70.000
2688.461	57.000
2689.461	67.000
2690.461	57.000
2691.461	72.000
2692.462	59.000
2693.462	65.000
2694.462	59.000
2695.462	73.000
2696.462	65.000
2697.462	67.000
2698.462	63.000
2699.462	75.000
2700.463	70.000
2701.463	70.000
2702.463	51.000
2703.463	70.000
2704.463	57.000
2705.463	84.000
2706.463	66.000
2707.463	70.000
2708.464	64.000
2709.464	61.000
2710.464	74.000
2711.464	66.000
2712.464	86.000
2713.464	63.000
2714.464	83.000
2715.464	68.000
2716.465	57.000
2717.465	61.000
2718.465	76.000
2719.465	69.000
2720.465	72.000
2721.465	62.000
2722.465	68.000
2723.465	67.000
2724.466	80.000
2725.466	63.000
2726.466	66.000
2727.466	70.000
2728.466	76.000
2729.466	66.000
2730.466	67.000
2731.466	64.000
2732.467	73.000
2733.467	58.000
2734.467	68.000
2735.467	72.000
2736.467	68.000
2737.467	60.000
2738.467	68.000
2739.467	67.000
2740.468	55.000
2741.468	76.000
2742.468	72.000
2743.468	78.000
2744.468	63.000
2745.468	77.000
2746.468	68.000
2747.468	62.000
2748.469	75.000
2749.469	82.000
2750.469	74.000
2751.469	71.000
2752.469	55.000
2753.469	79.000
2754.469	71.000
2755.469	75.000
2756.470	68.000
2757.470	75.000
2758.470	82.000
2759.470	81.000
2760.470	69.000
2761.470	90.000
2762.470	74.000
2763.470	71.000
2764.471	74.000
2765.471	71.000
2766.471	70.000
2767.471	82.000
2768.471	73.000
2769.471	60.000
2770.471	65.000
2771.471	68.000
2772.472	83.000
2773.472	57.000
2774.472	75.000
2775.472	66.000
2776.472	68.000
2777.472	82.000
2778.472	85.000
2779.472	68.000
2780.473	90.000
2781.473	71.000
2782.473	82.000
2783.473	64.000
2784.473	84.000
2785.473	70.000
2786.473	66.000
2787.473	75.000
2788.474	69.000
2789.474	79.000
2790.474	66.000
2791.474	70.000
2792.474	72.000
2793.474	67.000
2794.474	80.000
2795.474	70.000
2796.475	83.000
2797.475	77.000
2798.475	74.000
2799.475	81.000
2800.475	74.000
2801.475	77.000
2802.475	94.000
2803.475	82.000
2804.476	79.000
2805.476	77.000
2806.476	80.000
2807.476	78.000
2808.476	71.000
2809.476	96.000
2810.476	57.000
2811.476	64.000
2812.477	84.000
2813.477	58.000
2814.477	82.000
2815.477	81.000
2816.477	70.000
2817.477	93.000
2818.477	84.000
2819.477	81.000
2820.478	73.000
2821.478	77.000
2822.478	84.000
2823.478	90.000
2824.478	87.000
2825.478	69.000
2826.478	83.000
2827.478	76.000
2828.479	88.000
2829.479	69.000
2830.479	68.000
2831.479	80.000
2832.479	92.000
2833.479	76.000
2834.479	91.000
2835.479	79.000
2836.480	72.000
2837.480	80.000
2838.480	95.000
2839.480	89.000
2840.480	80.000
2841.480	86.000
2842.480	75.000
2843.480	81.000
2844.481	78.000
2845.481	86.000
2846.481	86.000
2847.481	87.000
2848.481	70.000
2849.481	83.000
2850.481	56.000
2851.481	82.000
2852.482	92.000
2853.482	80.000
2854.482	97.000
2855.482	84.000
2856.482	85.000
2857.482	71.000
2858.482	97.000
2859.482	88.000
2860.483	91.000
2861.483	89.000
2862.483	82.000
2863.483	92.000
2864.483	91.000
2865.483	91.000
2866.483	94.000
2867.483	90.000
2868.484	94.000
2869.484	100.000
2870.484	89.000
2871.484	87.000
2872.484	91.000
2873.484	89.000
2874.484	88.000
2875.484	102.000
2876.485	90.000
2877.485	109.000
2878.485	70.000
2879.485	99.000
2880.485	92.000
2881.485	79.000
2882.485	97.000
2883.485	84.000
2884.486	95.000
2885.486	86.000
2886.486	91.000
2887.486	89.000
2888.486	87.000
2889.486	95.000
2890.486	99.000
2891.486	83.000
2892.487	115.000
2893.487	86.000
2894.487	102.000
2895.487	86.000
2896.487	109.000
2897.487	81.000
2898.487	83.000
2899.487	95.000
2900.488	94.000
2901.488	104.000
2902.488	88.000
2903.488	87.000
2904.488	99.000
2905.488	92.000
2906.488	90.000
2907.488	81.000
2908.489	105.000
2909.489	104.000
2910.489	85.000
2911.489	102.000
2912.489	96.000
2913.489	74.000
2914.489	94.000
2915.489	98.000
2916.490	91.000
2917.490	103.000
2918.490	106.000
2919.490	102.000
2920.490	81.000
2921.490	82.000
2922.490	104.000
2923.490	110.000
2924.491	92.000
2925.491	84.000
2926.491	99.000
2927.491	91.000
2928.491	90.000
2929.491	110.000
2930.491	89.000
2931.491	102.000
2932.492	103.000
2933.492	97.000
2934.492	86.000
2935.492	105.000
2936.492	113.000
2937.492	88.000
2938.492	104.000
2939.492	115.000
2940.493	113.000
2941.493	90.000
2942.493	93.000
2943.493	111.000
2944.493	104.000
2945.493	102.000
2946.493	105.000
2947.493	102.000
2948.494	98.000
2949.494	107.000
2950.494	100.000
2951.494	120.000
2952.494	114.000
2953.494	95.000
2954.494	97.000
2955.494	116.000
2956.495	95.000
2957.495	105.000
2958.495	108.000
2959.495	129.000
2960.495	113.000
2961.495	98.000
2962.495	91.000
2963.495	106.000
2964.496	111.000
2965.496	107.000
2966.496	120.000
2967.496	145.000
2968.496	131.000
2969.496	99.000
2970.496	110.000
2971.496	97.000
2972.497	98.000
2973.497	105.000
2974.497	114.000
2975.497	112.000
2976.497	105.000
2977.497	101.000
2978.497	80.000
2979.497	101.000
2980.498	82.000
2981.498	114.000
2982.498	120.000
2983.498	123.000
2984.498	116.000
2985.498	98.000
2986.498	106.000
2987.498	106.000
2988.499	118.000
2989.499	130.000
2990.499	102.000
2991.499	105.000
2992.499	99.000
2993.499	114.000
2994.499	104.000
2995.499	86.000
2996.500	116.000
2997.500	88.000
2998.500	103.000
2999.500	99.000
