-1000.000	0.000
-999.000	0.000
-998.000	0.000
-997.000	0.000
-996.000	0.000
-995.000	0.000
-993.999	0.000
-992.999	0.000
-991.999	0.000
-990.999	0.000
-989.999	0.000
-988.999	0.000
-987.999	0.000
-986.999	0.000
-985.999	0.000
-984.999	0.000
-983.999	0.000
-982.999	0.000
-981.998	0.000
-980.998	0.000
-979.998	0.000
-978.998	0.000
-977.998	0.000
-976.998	0.000
-975.998	0.000
-974.998	0.000
-973.998	0.000
-972.998	0.000
-971.998	0.000
-970.998	0.000
-969.997	0.000
-968.997	0.000
-967.997	0.000
-966.997	0.000
-965.997	0.000
-964.997	0.000
-963.997	0.000
-962.997	0.000
-961.997	0.000
-960.997	0.000
-959.997	0.000
-958.997	0.000
-957.996	0.000
-956.996	0.000
-955.996	0.000
-954.996	0.000
-953.996	0.000
-952.996	0.000
-951.996	0.000
-950.996	0.000
-949.996	0.000
-948.996	0.000
-947.996	0.000
-946.996	0.000
-945.995	0.000
-944.995	0.000
-943.995	0.000
-942.995	0.000
-941.995	0.000
-940.995	0.000
-939.995	0.000
-938.995	0.000
-937.995	0.000
-936.995	0.000
-935.995	0.000
-934.995	0.000
-933.994	0.000
-932.994	0.000
-931.994	0.000
-930.994	0.000
-929.994	0.000
-928.994	0.000
-927.994	0.000
-926.994	0.000
-925.994	0.000
-924.994	0.000
-923.994	0.000
-922.994	0.000
-921.993	0.000
-920.993	0.000
-919.993	0.000
-918.993	0.000
-917.993	0.000
-916.993	0.000
-915.993	0.000
-914.993	0.000
-913.993	0.000
-912.993	0.000
-911.993	0.000
-910.993	0.000
-909.992	0.000
-908.992	0.000
-907.992	0.000
-906.992	0.000
-905.992	0.000
-904.992	0.000
-903.992	0.000
-902.992	0.000
-901.992	0.000
-900.992	0.000
-899.992	0.000
-898.992	0.000
-897.991	0.000
-896.991	0.000
-895.991	0.000
-894.991	0.000
-893.991	0.000
-892.991	0.000
-891.991	0.000
-890.991	0.000
-889.991	0.000
-888.991	0.000
-887.991	0.000
-886.991	0.000
-885.990	0.000
-884.990	0.000
-883.990	0.000
-882.990	0.000
-881.990	0.000
-880.990	0.000
-879.990	0.000
-878.990	0.000
-877.990	0.000
-876.990	0.000
-875.990	0.000
-874.990	0.000
-873.989	0.000
-872.989	0.000
-871.989	0.000
-870.989	0.000
-869.989	0.000
-868.989	0.000
-867.989	0.000
-866.989	0.000
-865.989	0.000
-864.989	0.000
-863.989	0.000
-862.989	0.000
-861.988	0.000
-860.988	0.000
-859.988	0.000
-858.988	0.000
-857.988	0.000
-856.988	0.000
-855.988	0.000
-854.988	0.000
-853.988	0.000
-852.988	0.000
-851.988	0.000
-850.988	0.000
-849.987	0.000
-848.987	0.000
-847.987	0.000
-846.987	0.000
-845.987	0.000
-844.987	0.000
-843.987	0.000
-842.987	0.000
-841.987	0.000
-840.987	0.000
-839.987	0.000
-838.987	0.000
-837.986	0.000
-836.986	0.000
-835.986	0.000
-834.986	0.000
-833.986	0.000
-832.986	0.000
-831.986	0.000
-830.986	0.000
-829.986	0.000
-828.986	0.000
-827.986	0.000
-826.986	0.000
-825.985	0.000
-824.985	0.000
-823.985	0.000
-822.985	0.000
-821.985	0.000
-820.985	0.000
-819.985	0.000
-818.985	0.000
-817.985	0.000
-816.985	0.000
-815.985	0.000
-814.985	0.000
-813.984	0.000
-812.984	0.000
-811.984	0.000
-810.984	0.000
-809.984	0.000
-808.984	0.000
-807.984	0.000
-806.984	0.000
-805.984	0.000
-804.984	0.000
-803.984	0.000
-802.984	0.000
-801.983	0.000
-800.983	0.000
-799.983	0.000
-798.983	0.000
-797.983	0.000
-796.983	0.000
-795.983	0.000
-794.983	0.000
-793.983	0.000
-792.983	0.000
-791.983	0.000
-790.983	0.000
-789.982	0.000
-788.982	0.000
-787.982	0.000
-786.982	0.000
-785.982	0.000
-784.982	0.000
-783.982	0.000
-782.982	0.000
-781.982	0.000
-780.982	0.000
-779.982	0.000
-778.982	0.000
-777.981	0.000
-776.981	0.000
-775.981	0.000
-774.981	0.000
-773.981	0.000
-772.981	0.000
-771.981	0.000
-770.981	0.000
-769.981	0.000
-768.981	0.000
-767.981	0.000
-766.981	0.000
-765.980	0.000
-764.980	0.000
-763.980	0.000
-762.980	0.000
-761.980	0.000
-760.980	0.000
-759.980	0.000
-758.980	0.000
-757.980	0.000
-756.980	0.000
-755.980	0.000
-754.980	0.000
-753.979	0.000
-752.979	0.000
-751.979	0.000
-750.979	0.000
-749.979	0.000
-748.979	0.000
-747.979	0.000
-746.979	0.000
-745.979	0.000
-744.979	0.000
-743.979	0.000
-742.979	0.000
-741.978	0.000
-740.978	0.000
-739.978	0.000
-738.978	0.000
-737.978	0.000
-736.978	0.000
-735.978	0.000
-734.978	0.000
-733.978	0.000
-732.978	0.000
-731.978	0.000
-730.978	0.000
-729.977	0.000
-728.977	0.000
-727.977	0.000
-726.977	0.000
-725.977	0.000
-724.977	0.000
-723.977	0.000
-722.977	0.000
-721.977	0.000
-720.977	0.000
-719.977	0.000
-718.977	0.000
-717.976	0.000
-716.976	0.000
-715.976	0.000
-714.976	0.000
-713.976	0.000
-712.976	0.000
-711.976	0.000
-710.976	0.000
-709.976	0.000
-708.976	0.000
-707.976	0.000
-706.976	0.000
-705.975	0.000
-704.975	0.000
-703.975	0.000
-702.975	0.000
-701.975	0.000
-700.975	0.000
-699.975	0.000
-698.975	0.000
-697.975	0.000
-696.975	0.000
-695.975	0.000
-694.975	0.000
-693.974	0.000
-692.974	0.000
-691.974	0.000
-690.974	0.000
-689.974	0.000
-688.974	0.000
-687.974	0.000
-686.974	0.000
-685.974	0.000
-684.974	0.000
-683.974	0.000
-682.974	0.000
-681.973	0.000
-680.973	0.000
-679.973	0.000
-678.973	0.000
-677.973	0.000
-676.973	0.000
-675.973	0.000
-674.973	0.000
-673.973	0.000
-672.973	0.000
-671.973	0.000
-670.973	0.000
-669.972	0.000
-668.972	0.000
-667.972	0.000
-666.972	0.000
-665.972	0.000
-664.972	0.000
-663.972	0.000
-662.972	0.000
-661.972	0.000
-660.972	0.000
-659.972	0.000
-658.972	0.000
-657.971	0.000
-656.971	0.000
-655.971	0.000
-654.971	0.000
-653.971	0.000
-652.971	0.000
-651.971	0.000
-650.971	0.000
-649.971	0.000
-648.971	0.000
-647.971	0.000
-646.971	0.000
-645.970	0.000
-644.970	0.000
-643.970	0.000
-642.970	0.000
-641.970	0.000
-640.970	0.000
-639.970	0.000
-638.970	0.000
-637.970	0.000
-636.970	0.000
-635.970	0.000
-634.970	0.000
-633.969	0.000
-632.969	0.000
-631.969	0.000
-630.969	0.000
-629.969	0.000
-628.969	0.000
-627.969	0.000
-626.969	0.000
-625.969	0.000
-624.969	0.000
-623.969	0.000
-622.969	0.000
-621.968	0.000
-620.968	0.000
-619.968	0.000
-618.968	0.000
-617.968	0.000
-616.968	0.000
-615.968	0.000
-614.968	0.000
-613.968	0.000
-612.968	0.000
-611.968	0.000
-610.968	0.000
-609.967	0.000
-608.967	0.000
-607.967	0.000
-606.967	0.000
-605.967	0.000
-604.967	0.000
-603.967	0.000
-602.967	0.000
-601.967	0.000
-600.967	0.000
-599.967	0.000
-598.967	0.000
-597.966	0.000
-596.966	0.000
-595.966	0.000
-594.966	0.000
-593.966	0.000
-592.966	0.000
-591.966	0.000
-590.966	0.000
-589.966	0.000
-588.966	0.000
-587.966	0.000
-586.966	0.000
-585.965	0.000
-584.965	0.000
-583.965	0.000
-582.965	0.000
-581.965	0.000
-580.965	0.000
-579.965	0.000
-578.965	0.000
-577.965	0.000
-576.965	0.000
-575.965	0.000
-574.965	0.000
-573.964	0.000
-572.964	0.000
-571.964	0.000
-570.964	0.000
-569.964	0.000
-568.964	0.000
-567.964	0.000
-566.964	0.000
-565.964	0.000
-564.964	0.000
-563.964	0.000
-562.964	0.000
-561.963	0.000
-560.963	0.000
-559.963	0.000
-558.963	0.000
-557.963	0.000
-556.963	0.000
-555.963	0.000
-554.963	0.000
-553.963	0.000
-552.963	0.000
-551.963	0.000
-550.963	0.000
-549.962	0.000
-548.962	0.000
-547.962	0.000
-546.962	0.000
-545.962	0.000
-544.962	0.000
-543.962	0.000
-542.962	0.000
-541.962	0.000
-540.962	0.000
-539.962	0.000
-538.962	0.000
-537.961	0.000
-536.961	0.000
-535.961	0.000
-534.961	0.000
-533.961	0.000
-532.961	0.000
-531.961	0.000
-530.961	0.000
-529.961	0.000
-528.961	0.000
-527.961	0.000
-526.961	0.000
-525.960	0.000
-524.960	0.000
-523.960	0.000
-522.960	0.000
-521.960	0.000
-520.960	0.000
-519.960	0.000
-518.960	0.000
-517.960	0.000
-516.960	0.000
-515.960	0.000
-514.960	0.000
-513.959	0.000
-512.959	0.000
-511.959	0.000
-510.959	0.000
-509.959	0.000
-508.959	0.000
-507.959	0.000
-506.959	0.000
-505.959	0.000
-504.959	0.000
-503.959	0.000
-502.959	0.000
-501.958	0.000
-500.958	0.000
-499.958	0.000
-498.958	0.000
-497.958	0.000
-496.958	0.000
-495.958	0.000
-494.958	0.000
-493.958	0.000
-492.958	0.000
-491.958	0.000
-490.958	0.000
-489.957	0.000
-488.957	0.000
-487.957	0.000
-486.957	0.000
-485.957	0.000
-484.957	0.000
-483.957	0.000
-482.957	0.000
-481.957	0.000
-480.957	0.000
-479.957	0.000
-478.957	0.000
-477.956	0.000
-476.956	0.000
-475.956	0.000
-474.956	0.000
-473.956	0.000
-472.956	0.000
-471.956	0.000
-470.956	0.000
-469.956	0.000
-468.956	0.000
-467.956	0.000
-466.956	0.000
-465.955	0.000
-464.955	0.000
-463.955	0.000
-462.955	0.000
-461.955	0.000
-460.955	0.000
-459.955	0.000
-458.955	0.000
-457.955	0.000
-456.955	0.000
-455.955	0.000
-454.955	0.000
-453.954	0.000
-452.954	0.000
-451.954	0.000
-450.954	0.000
-449.954	0.000
-448.954	0.000
-447.954	0.000
-446.954	0.000
-445.954	0.000
-444.954	0.000
-443.954	0.000
-442.954	0.000
-441.953	0.000
-440.953	0.000
-439.953	0.000
-438.953	0.000
-437.953	0.000
-436.953	0.000
-435.953	0.000
-434.953	0.000
-433.953	0.000
-432.953	0.000
-431.953	0.000
-430.953	0.000
-429.952	0.000
-428.952	0.000
-427.952	0.000
-426.952	0.000
-425.952	0.000
-424.952	0.000
-423.952	0.000
-422.952	0.000
-421.952	0.000
-420.952	0.000
-419.952	0.000
-418.952	0.000
-417.951	0.000
-416.951	0.000
-415.951	0.000
-414.951	0.000
-413.951	0.000
-412.951	0.000
-411.951	0.000
-410.951	0.000
-409.951	0.000
-408.951	0.000
-407.951	0.000
-406.951	0.000
-405.950	0.000
-404.950	0.000
-403.950	0.000
-402.950	0.000
-401.950	0.000
-400.950	0.000
-399.950	0.000
-398.950	0.000
-397.950	0.000
-396.950	0.000
-395.950	0.000
-394.950	0.000
-393.949	0.000
-392.949	0.000
-391.949	0.000
-390.949	0.000
-389.949	0.000
-388.949	0.000
-387.949	0.000
-386.949	0.000
-385.949	0.000
-384.949	0.000
-383.949	0.000
-382.949	0.000
-381.948	0.000
-380.948	0.000
-379.948	0.000
-378.948	0.000
-377.948	0.000
-376.948	0.000
-375.948	0.000
-374.948	0.000
-373.948	0.000
-372.948	0.000
-371.948	0.000
-370.948	0.000
-369.947	0.000
-368.947	0.000
-367.947	0.000
-366.947	0.000
-365.947	0.000
-364.947	0.000
-363.947	0.000
-362.947	0.000
-361.947	0.000
-360.947	0.000
-359.947	0.000
-358.947	0.000
-357.946	0.000
-356.946	0.000
-355.946	0.000
-354.946	0.000
-353.946	0.000
-352.946	0.000
-351.946	0.000
-350.946	0.000
-349.946	0.000
-348.946	0.000
-347.946	0.000
-346.946	0.000
-345.945	0.000
-344.945	0.000
-343.945	0.000
-342.945	0.000
-341.945	0.000
-340.945	0.000
-339.945	0.000
-338.945	0.000
-337.945	0.000
-336.945	0.000
-335.945	0.000
-334.945	0.000
-333.944	0.000
-332.944	0.000
-331.944	0.000
-330.944	0.000
-329.944	0.000
-328.944	0.000
-327.944	0.000
-326.944	0.000
-325.944	0.000
-324.944	0.000
-323.944	0.000
-322.944	0.000
-321.943	0.000
-320.943	0.000
-319.943	0.000
-318.943	0.000
-317.943	0.000
-316.943	0.000
-315.943	0.000
-314.943	0.000
-313.943	0.000
-312.943	0.000
-311.943	0.000
-310.943	0.000
-309.942	0.000
-308.942	0.000
-307.942	0.000
-306.942	0.000
-305.942	0.000
-304.942	0.000
-303.942	0.000
-302.942	0.000
-301.942	0.000
-300.942	0.000
-299.942	0.000
-298.942	0.000
-297.941	0.000
-296.941	0.000
-295.941	0.000
-294.941	0.000
-293.941	0.000
-292.941	0.000
-291.941	0.000
-290.941	0.000
-289.941	0.000
-288.941	0.000
-287.941	0.000
-286.941	0.000
-285.940	0.000
-284.940	0.000
-283.940	0.000
-282.940	0.000
-281.940	0.000
-280.940	0.000
-279.940	0.000
-278.940	0.000
-277.940	0.000
-276.940	0.000
-275.940	0.000
-274.940	0.000
-273.939	0.000
-272.939	0.000
-271.939	0.000
-270.939	0.000
-269.939	0.000
-268.939	0.000
-267.939	0.000
-266.939	0.000
-265.939	0.000
-264.939	0.000
-263.939	0.000
-262.939	0.000
-261.938	0.000
-260.938	0.000
-259.938	0.000
-258.938	0.000
-257.938	0.000
-256.938	0.000
-255.938	0.000
-254.938	0.000
-253.938	0.000
-252.938	0.000
-251.938	0.000
-250.938	0.000
-249.937	0.000
-248.937	0.000
-247.937	0.000
-246.937	0.000
-245.937	0.000
-244.937	0.000
-243.937	0.000
-242.937	0.000
-241.937	0.000
-240.937	0.000
-239.937	0.000
-238.937	0.000
-237.936	0.000
-236.936	0.000
-235.936	0.000
-234.936	0.000
-233.936	0.000
-232.936	0.000
-231.936	0.000
-230.936	0.000
-229.936	0.000
-228.936	0.000
-227.936	0.000
-226.936	0.000
-225.935	0.000
-224.935	0.000
-223.935	0.000
-222.935	0.000
-221.935	0.000
-220.935	0.000
-219.935	0.000
-218.935	0.000
-217.935	0.000
-216.935	0.000
-215.935	0.000
-214.935	0.000
-213.934	0.000
-212.934	0.000
-211.934	0.000
-210.934	0.000
-209.934	0.000
-208.934	0.000
-207.934	0.000
-206.934	0.000
-205.934	0.000
-204.934	0.000
-203.934	0.000
-202.934	0.000
-201.933	0.000
-200.933	0.000
-199.933	0.000
-198.933	0.000
-197.933	0.000
-196.933	0.000
-195.933	0.000
-194.933	0.000
-193.933	0.000
-192.933	0.000
-191.933	0.000
-190.933	0.000
-189.932	0.000
-188.932	0.000
-187.932	0.000
-186.932	0.000
-185.932	0.000
-184.932	0.000
-183.932	0.000
-182.932	0.000
-181.932	0.000
-180.932	0.000
-179.932	1.000
-178.932	0.000
-177.931	0.000
-176.931	0.000
-175.931	0.000
-174.931	0.000
-173.931	0.000
-172.931	0.000
-171.931	0.000
-170.931	0.000
-169.931	0.000
-168.931	0.000
-167.931	0.000
-166.931	0.000
-165.930	0.000
-164.930	0.000
-163.930	0.000
-162.930	0.000
-161.930	1.000
-160.930	1.000
-159.930	0.000
-158.930	0.000
-157.930	2.000
-156.930	0.000
-155.930	1.000
-154.930	0.000
-153.929	0.000
-152.929	1.000
-151.929	1.000
-150.929	3.000
-149.929	0.000
-148.929	0.000
-147.929	1.000
-146.929	1.000
-145.929	2.000
-144.929	0.000
-143.929	1.000
-142.929	2.000
-141.928	2.000
-140.928	4.000
-139.928	3.000
-138.928	3.000
-137.928	4.000
-136.928	3.000
-135.928	2.000
-134.928	1.000
-133.928	3.000
-132.928	2.000
-131.928	6.000
-130.928	6.000
-129.927	3.000
-128.927	3.000
-127.927	4.000
-126.927	5.000
-125.927	5.000
-124.927	7.000
-123.927	6.000
-122.927	3.000
-121.927	6.000
-120.927	6.000
-119.927	8.000
-118.927	8.000
-117.926	9.000
-116.926	6.000
-115.926	16.000
-114.926	10.000
-113.926	10.000
-112.926	5.000
-111.926	13.000
-110.926	21.000
-109.926	15.000
-108.926	16.000
-107.926	15.000
-106.926	20.000
-105.925	26.000
-104.925	13.000
-103.925	24.000
-102.925	21.000
-101.925	29.000
-100.925	24.000
-99.925	27.000
-98.925	34.000
-97.925	34.000
-96.925	35.000
-95.925	34.000
-94.925	41.000
-93.924	36.000
-92.924	44.000
-91.924	44.000
-90.924	51.000
-89.924	48.000
-88.924	38.000
-87.924	48.000
-86.924	56.000
-85.924	56.000
-84.924	44.000
-83.924	63.000
-82.924	67.000
-81.923	57.000
-80.923	68.000
-79.923	64.000
-78.923	98.000
-77.923	77.000
-76.923	81.000
-75.923	92.000
-74.923	84.000
-73.923	89.000
-72.923	91.000
-71.923	96.000
-70.923	90.000
-69.922	94.000
-68.922	114.000
-67.922	115.000
-66.922	123.000
-65.922	108.000
-64.922	125.000
-63.922	137.000
-62.922	133.000
-61.922	145.000
-60.922	147.000
-59.922	144.000
-58.922	146.000
-57.921	170.000
-56.921	169.000
-55.921	185.000
-54.921	183.000
-53.921	184.000
-52.921	210.000
-51.921	194.000
-50.921	204.000
-49.921	192.000
-48.921	234.000
-47.921	226.000
-46.921	235.000
-45.920	221.000
-44.920	236.000
-43.920	237.000
-42.920	232.000
-41.920	232.000
-40.920	260.000
-39.920	223.000
-38.920	242.000
-37.920	241.000
-36.920	276.000
-35.920	274.000
-34.920	300.000
-33.919	301.000
-32.919	294.000
-31.919	320.000
-30.919	308.000
-29.919	321.000
-28.919	325.000
-27.919	326.000
-26.919	297.000
-25.919	314.000
-24.919	320.000
-23.919	334.000
-22.919	339.000
-21.918	351.000
-20.918	330.000
-19.918	325.000
-18.918	332.000
-17.918	359.000
-16.918	353.000
-15.918	343.000
-14.918	371.000
-13.918	379.000
-12.918	371.000
-11.918	352.000
-10.918	367.000
-9.917	368.000
-8.917	346.000
-7.917	395.000
-6.917	376.000
-5.917	363.000
-4.917	403.000
-3.917	402.000
-2.917	389.000
-1.917	379.000
-0.917	357.000
0.083	361.000
1.083	363.000
2.084	357.000
3.084	349.000
4.084	348.000
5.084	375.000
6.084	381.000
7.084	368.000
8.084	339.000
9.084	348.000
10.084	371.000
11.084	359.000
12.084	380.000
13.084	317.000
14.085	328.000
15.085	313.000
16.085	324.000
17.085	302.000
18.085	351.000
19.085	325.000
20.085	295.000
21.085	337.000
22.085	323.000
23.085	290.000
24.085	304.000
25.085	297.000
26.086	325.000
27.086	277.000
28.086	297.000
29.086	283.000
30.086	256.000
31.086	280.000
32.086	286.000
33.086	269.000
34.086	265.000
35.086	246.000
36.086	244.000
37.086	249.000
38.087	243.000
39.087	230.000
40.087	231.000
41.087	229.000
42.087	191.000
43.087	196.000
44.087	205.000
45.087	214.000
46.087	194.000
47.087	209.000
48.087	178.000
49.087	191.000
50.088	183.000
51.088	180.000
52.088	167.000
53.088	166.000
54.088	159.000
55.088	141.000
56.088	154.000
57.088	151.000
58.088	150.000
59.088	131.000
60.088	153.000
61.088	150.000
62.089	121.000
63.089	123.000
64.089	114.000
65.089	90.000
66.089	112.000
67.089	96.000
68.089	92.000
69.089	98.000
70.089	81.000
71.089	87.000
72.089	81.000
73.089	85.000
74.090	74.000
75.090	60.000
76.090	64.000
77.090	61.000
78.090	62.000
79.090	63.000
80.090	64.000
81.090	46.000
82.090	49.000
83.090	53.000
84.090	67.000
85.090	46.000
86.091	46.000
87.091	36.000
88.091	38.000
89.091	40.000
90.091	54.000
91.091	46.000
92.091	44.000
93.091	33.000
94.091	38.000
95.091	33.000
96.091	30.000
97.091	30.000
98.092	18.000
99.092	22.000
100.092	19.000
101.092	30.000
102.092	26.000
103.092	16.000
104.092	19.000
105.092	20.000
106.092	19.000
107.092	22.000
108.092	18.000
109.092	14.000
110.093	7.000
111.093	13.000
112.093	13.000
113.093	16.000
114.093	11.000
115.093	7.000
116.093	11.000
117.093	11.000
118.093	5.000
119.093	8.000
120.093	10.000
121.093	6.000
122.094	11.000
123.094	7.000
124.094	10.000
125.094	3.000
126.094	0.000
127.094	7.000
128.094	2.000
129.094	4.000
130.094	7.000
131.094	1.000
132.094	2.000
133.094	3.000
134.095	4.000
135.095	2.000
136.095	3.000
137.095	3.000
138.095	2.000
139.095	0.000
140.095	1.000
141.095	5.000
142.095	3.000
143.095	3.000
144.095	2.000
145.095	0.000
146.096	0.000
147.096	1.000
148.096	3.000
149.096	4.000
150.096	2.000
151.096	1.000
152.096	1.000
153.096	2.000
154.096	1.000
155.096	2.000
156.096	3.000
157.096	2.000
158.097	4.000
159.097	0.000
160.097	2.000
161.097	0.000
162.097	1.000
163.097	0.000
164.097	1.000
165.097	3.000
166.097	2.000
167.097	1.000
168.097	2.000
169.097	2.000
170.098	0.000
171.098	1.000
172.098	2.000
173.098	0.000
174.098	0.000
175.098	0.000
176.098	1.000
177.098	2.000
178.098	2.000
179.098	1.000
180.098	0.000
181.098	2.000
182.099	2.000
183.099	2.000
184.099	0.000
185.099	0.000
186.099	2.000
187.099	0.000
188.099	1.000
189.099	0.000
190.099	0.000
191.099	0.000
192.099	1.000
193.099	1.000
194.100	0.000
195.100	0.000
196.100	2.000
197.100	3.000
198.100	0.000
199.100	0.000
200.100	1.000
201.100	0.000
202.100	1.000
203.100	1.000
204.100	0.000
205.100	3.000
206.101	1.000
207.101	1.000
208.101	1.000
209.101	0.000
210.101	0.000
211.101	2.000
212.101	0.000
213.101	0.000
214.101	1.000
215.101	3.000
216.101	0.000
217.101	0.000
218.102	1.000
219.102	0.000
220.102	1.000
221.102	2.000
222.102	0.000
223.102	1.000
224.102	2.000
225.102	1.000
226.102	0.000
227.102	0.000
228.102	0.000
229.102	0.000
230.103	1.000
231.103	0.000
232.103	0.000
233.103	0.000
234.103	2.000
235.103	1.000
236.103	1.000
237.103	0.000
238.103	0.000
239.103	0.000
240.103	2.000
241.103	0.000
242.104	1.000
243.104	0.000
244.104	1.000
245.104	1.000
246.104	2.000
247.104	1.000
248.104	2.000
249.104	1.000
250.104	1.000
251.104	2.000
252.104	2.000
253.104	1.000
254.105	2.000
255.105	1.000
256.105	1.000
257.105	1.000
258.105	1.000
259.105	0.000
260.105	0.000
261.105	0.000
262.105	2.000
263.105	0.000
264.105	0.000
265.105	0.000
266.106	1.000
267.106	2.000
268.106	0.000
269.106	0.000
270.106	0.000
271.106	5.000
272.106	1.000
273.106	1.000
274.106	0.000
275.106	1.000
276.106	1.000
277.106	3.000
278.107	1.000
279.107	0.000
280.107	0.000
281.107	0.000
282.107	4.000
283.107	0.000
284.107	1.000
285.107	2.000
286.107	1.000
287.107	2.000
288.107	1.000
289.107	1.000
290.108	3.000
291.108	0.000
292.108	1.000
293.108	0.000
294.108	0.000
295.108	1.000
296.108	1.000
297.108	1.000
298.108	0.000
299.108	1.000
300.108	0.000
301.108	1.000
302.109	0.000
303.109	2.000
304.109	0.000
305.109	2.000
306.109	0.000
307.109	1.000
308.109	1.000
309.109	3.000
310.109	1.000
311.109	0.000
312.109	0.000
313.109	1.000
314.110	0.000
315.110	2.000
316.110	1.000
317.110	1.000
318.110	1.000
319.110	1.000
320.110	1.000
321.110	1.000
322.110	1.000
323.110	0.000
324.110	2.000
325.110	0.000
326.111	0.000
327.111	1.000
328.111	0.000
329.111	3.000
330.111	0.000
331.111	0.000
332.111	0.000
333.111	1.000
334.111	0.000
335.111	0.000
336.111	1.000
337.111	0.000
338.112	0.000
339.112	1.000
340.112	0.000
341.112	1.000
342.112	0.000
343.112	0.000
344.112	1.000
345.112	0.000
346.112	3.000
347.112	0.000
348.112	1.000
349.112	1.000
350.113	2.000
351.113	2.000
352.113	2.000
353.113	0.000
354.113	2.000
355.113	1.000
356.113	1.000
357.113	2.000
358.113	0.000
359.113	1.000
360.113	1.000
361.113	2.000
362.114	1.000
363.114	0.000
364.114	1.000
365.114	1.000
366.114	2.000
367.114	2.000
368.114	2.000
369.114	2.000
370.114	2.000
371.114	1.000
372.114	2.000
373.114	3.000
374.115	1.000
375.115	1.000
376.115	1.000
377.115	0.000
378.115	0.000
379.115	0.000
380.115	0.000
381.115	1.000
382.115	0.000
383.115	2.000
384.115	0.000
385.115	1.000
386.116	2.000
387.116	2.000
388.116	0.000
389.116	0.000
390.116	2.000
391.116	0.000
392.116	1.000
393.116	2.000
394.116	3.000
395.116	2.000
396.116	1.000
397.116	1.000
398.117	2.000
399.117	1.000
400.117	1.000
401.117	3.000
402.117	0.000
403.117	2.000
404.117	0.000
405.117	3.000
406.117	1.000
407.117	2.000
408.117	1.000
409.117	1.000
410.118	4.000
411.118	2.000
412.118	1.000
413.118	2.000
414.118	1.000
415.118	1.000
416.118	1.000
417.118	0.000
418.118	3.000
419.118	0.000
420.118	1.000
421.118	0.000
422.119	0.000
423.119	2.000
424.119	1.000
425.119	1.000
426.119	1.000
427.119	0.000
428.119	1.000
429.119	1.000
430.119	0.000
431.119	3.000
432.119	0.000
433.119	0.000
434.120	0.000
435.120	2.000
436.120	2.000
437.120	2.000
438.120	1.000
439.120	0.000
440.120	3.000
441.120	2.000
442.120	2.000
443.120	3.000
444.120	0.000
445.120	0.000
446.121	4.000
447.121	2.000
448.121	1.000
449.121	1.000
450.121	0.000
451.121	0.000
452.121	0.000
453.121	1.000
454.121	2.000
455.121	3.000
456.121	1.000
457.121	1.000
458.122	1.000
459.122	1.000
460.122	3.000
461.122	2.000
462.122	1.000
463.122	0.000
464.122	0.000
465.122	1.000
466.122	0.000
467.122	2.000
468.122	2.000
469.122	1.000
470.123	0.000
471.123	2.000
472.123	0.000
473.123	0.000
474.123	1.000
475.123	0.000
476.123	1.000
477.123	1.000
478.123	2.000
479.123	0.000
480.123	3.000
481.123	2.000
482.124	1.000
483.124	2.000
484.124	1.000
485.124	2.000
486.124	1.000
487.124	1.000
488.124	3.000
489.124	0.000
490.124	0.000
491.124	1.000
492.124	2.000
493.124	1.000
494.125	0.000
495.125	1.000
496.125	3.000
497.125	1.000
498.125	3.000
499.125	2.000
500.125	0.000
501.125	3.000
502.125	0.000
503.125	1.000
504.125	0.000
505.125	3.000
506.126	4.000
507.126	1.000
508.126	0.000
509.126	1.000
510.126	1.000
511.126	1.000
512.126	1.000
513.126	0.000
514.126	3.000
515.126	2.000
516.126	0.000
517.126	3.000
518.127	5.000
519.127	2.000
520.127	1.000
521.127	2.000
522.127	1.000
523.127	2.000
524.127	4.000
525.127	3.000
526.127	1.000
527.127	2.000
528.127	2.000
529.127	2.000
530.128	0.000
531.128	1.000
532.128	1.000
533.128	2.000
534.128	0.000
535.128	2.000
536.128	0.000
537.128	0.000
538.128	1.000
539.128	3.000
540.128	0.000
541.128	1.000
542.129	2.000
543.129	0.000
544.129	3.000
545.129	1.000
546.129	0.000
547.129	0.000
548.129	1.000
549.129	2.000
550.129	2.000
551.129	1.000
552.129	1.000
553.129	3.000
554.130	1.000
555.130	0.000
556.130	5.000
557.130	1.000
558.130	4.000
559.130	1.000
560.130	2.000
561.130	1.000
562.130	4.000
563.130	1.000
564.130	1.000
565.130	4.000
566.131	1.000
567.131	5.000
568.131	6.000
569.131	1.000
570.131	1.000
571.131	2.000
572.131	2.000
573.131	2.000
574.131	1.000
575.131	1.000
576.131	2.000
577.131	0.000
578.132	3.000
579.132	2.000
580.132	1.000
581.132	2.000
582.132	3.000
583.132	1.000
584.132	2.000
585.132	3.000
586.132	3.000
587.132	1.000
588.132	1.000
589.132	0.000
590.133	1.000
591.133	0.000
592.133	2.000
593.133	2.000
594.133	0.000
595.133	4.000
596.133	1.000
597.133	4.000
598.133	1.000
599.133	2.000
600.133	0.000
601.133	4.000
602.134	2.000
603.134	2.000
604.134	1.000
605.134	3.000
606.134	2.000
607.134	2.000
608.134	0.000
609.134	0.000
610.134	2.000
611.134	0.000
612.134	1.000
613.134	3.000
614.135	2.000
615.135	2.000
616.135	0.000
617.135	2.000
618.135	5.000
619.135	1.000
620.135	0.000
621.135	1.000
622.135	2.000
623.135	2.000
624.135	2.000
625.135	0.000
626.136	1.000
627.136	1.000
628.136	1.000
629.136	0.000
630.136	1.000
631.136	1.000
632.136	3.000
633.136	1.000
634.136	1.000
635.136	1.000
636.136	1.000
637.136	2.000
638.137	6.000
639.137	3.000
640.137	1.000
641.137	2.000
642.137	3.000
643.137	1.000
644.137	2.000
645.137	1.000
646.137	2.000
647.137	4.000
648.137	2.000
649.137	1.000
650.138	4.000
651.138	3.000
652.138	2.000
653.138	1.000
654.138	1.000
655.138	3.000
656.138	2.000
657.138	1.000
658.138	2.000
659.138	3.000
660.138	5.000
661.138	0.000
662.139	1.000
663.139	3.000
664.139	4.000
665.139	4.000
666.139	8.000
667.139	1.000
668.139	1.000
669.139	1.000
670.139	2.000
671.139	2.000
672.139	3.000
673.139	2.000
674.140	1.000
675.140	2.000
676.140	2.000
677.140	4.000
678.140	2.000
679.140	2.000
680.140	4.000
681.140	1.000
682.140	3.000
683.140	2.000
684.140	2.000
685.140	2.000
686.141	4.000
687.141	1.000
688.141	1.000
689.141	2.000
690.141	6.000
691.141	4.000
692.141	4.000
693.141	3.000
694.141	3.000
695.141	2.000
696.141	1.000
697.141	5.000
698.142	8.000
699.142	7.000
700.142	3.000
701.142	3.000
702.142	3.000
703.142	4.000
704.142	4.000
705.142	2.000
706.142	3.000
707.142	3.000
708.142	7.000
709.142	5.000
710.143	5.000
711.143	4.000
712.143	11.000
713.143	6.000
714.143	6.000
715.143	5.000
716.143	8.000
717.143	9.000
718.143	7.000
719.143	4.000
720.143	8.000
721.143	7.000
722.144	8.000
723.144	13.000
724.144	9.000
725.144	12.000
726.144	12.000
727.144	14.000
728.144	10.000
729.144	12.000
730.144	12.000
731.144	10.000
732.144	12.000
733.144	11.000
734.145	14.000
735.145	14.000
736.145	14.000
737.145	10.000
738.145	11.000
739.145	17.000
740.145	20.000
741.145	15.000
742.145	24.000
743.145	20.000
744.145	19.000
745.145	22.000
746.146	22.000
747.146	18.000
748.146	19.000
749.146	33.000
750.146	21.000
751.146	25.000
752.146	28.000
753.146	33.000
754.146	18.000
755.146	21.000
756.146	29.000
757.146	34.000
758.147	30.000
759.147	36.000
760.147	36.000
761.147	36.000
762.147	30.000
763.147	50.000
764.147	37.000
765.147	41.000
766.147	47.000
767.147	44.000
768.147	34.000
769.147	51.000
770.148	58.000
771.148	67.000
772.148	68.000
773.148	67.000
774.148	46.000
775.148	52.000
776.148	78.000
777.148	61.000
778.148	61.000
779.148	73.000
780.148	68.000
781.148	77.000
782.149	85.000
783.149	99.000
784.149	101.000
785.149	80.000
786.149	73.000
787.149	99.000
788.149	96.000
789.149	108.000
790.149	87.000
791.149	121.000
792.149	110.000
793.149	123.000
794.150	124.000
795.150	131.000
796.150	130.000
797.150	133.000
798.150	136.000
799.150	155.000
800.150	133.000
801.150	171.000
802.150	181.000
803.150	153.000
804.150	175.000
805.150	198.000
806.151	182.000
807.151	184.000
808.151	185.000
809.151	205.000
810.151	210.000
811.151	215.000
812.151	236.000
813.151	231.000
814.151	232.000
815.151	227.000
816.151	227.000
817.151	272.000
818.152	263.000
819.152	278.000
820.152	294.000
821.152	291.000
822.152	315.000
823.152	284.000
824.152	306.000
825.152	311.000
826.152	351.000
827.152	338.000
828.152	358.000
829.152	351.000
830.153	384.000
831.153	402.000
832.153	386.000
833.153	415.000
834.153	398.000
835.153	413.000
836.153	463.000
837.153	476.000
838.153	498.000
839.153	469.000
840.153	547.000
841.153	509.000
842.154	522.000
843.154	578.000
844.154	520.000
845.154	583.000
846.154	606.000
847.154	568.000
848.154	638.000
849.154	655.000
850.154	662.000
851.154	679.000
852.154	677.000
853.154	698.000
854.155	748.000
855.155	729.000
856.155	735.000
857.155	818.000
858.155	722.000
859.155	813.000
860.155	823.000
861.155	839.000
862.155	819.000
863.155	849.000
864.155	915.000
865.155	899.000
866.156	917.000
867.156	1012.000
868.156	964.000
869.156	945.000
870.156	1035.000
871.156	989.000
872.156	1033.000
873.156	1159.000
874.156	1090.000
875.156	1172.000
876.156	1164.000
877.156	1141.000
878.157	1131.000
879.157	1178.000
880.157	1275.000
881.157	1239.000
882.157	1278.000
883.157	1292.000
884.157	1232.000
885.157	1318.000
886.157	1306.000
887.157	1381.000
888.157	1467.000
889.157	1493.000
890.158	1417.000
891.158	1555.000
892.158	1542.000
893.158	1559.000
894.158	1585.000
895.158	1612.000
896.158	1561.000
897.158	1636.000
898.158	1643.000
899.158	1667.000
900.158	1689.000
901.158	1682.000
902.159	1771.000
903.159	1856.000
904.159	1819.000
905.159	1741.000
906.159	1906.000
907.159	1783.000
908.159	1840.000
909.159	1898.000
910.159	1873.000
911.159	1909.000
912.159	1950.000
913.159	1939.000
914.160	2066.000
915.160	2036.000
916.160	1962.000
917.160	2087.000
918.160	2116.000
919.160	2192.000
920.160	2102.000
921.160	2179.000
922.160	2152.000
923.160	2213.000
924.160	2203.000
925.160	2255.000
926.161	2280.000
927.161	2275.000
928.161	2302.000
929.161	2262.000
930.161	2254.000
931.161	2361.000
932.161	2367.000
933.161	2333.000
934.161	2354.000
935.161	2427.000
936.161	2504.000
937.161	2436.000
938.162	2418.000
939.162	2451.000
940.162	2522.000
941.162	2610.000
942.162	2489.000
943.162	2527.000
944.162	2525.000
945.162	2491.000
946.162	2480.000
947.162	2506.000
948.162	2594.000
949.162	2541.000
950.163	2571.000
951.163	2566.000
952.163	2616.000
953.163	2668.000
954.163	2578.000
955.163	2493.000
956.163	2592.000
957.163	2637.000
958.163	2651.000
959.163	2669.000
960.163	2612.000
961.163	2530.000
962.164	2496.000
963.164	2640.000
964.164	2529.000
965.164	2606.000
966.164	2645.000
967.164	2541.000
968.164	2515.000
969.164	2595.000
970.164	2535.000
971.164	2532.000
972.164	2616.000
973.164	2419.000
974.165	2509.000
975.165	2620.000
976.165	2494.000
977.165	2476.000
978.165	2462.000
979.165	2496.000
980.165	2490.000
981.165	2462.000
982.165	2467.000
983.165	2320.000
984.165	2459.000
985.165	2310.000
986.166	2319.000
987.166	2318.000
988.166	2318.000
989.166	2363.000
990.166	2354.000
991.166	2345.000
992.166	2242.000
993.166	2276.000
994.166	2210.000
995.166	2161.000
996.166	2236.000
997.166	2082.000
998.167	2158.000
999.167	2069.000
1000.167	2039.000
1001.167	2167.000
1002.167	2003.000
1003.167	2095.000
1004.167	1977.000
1005.167	2002.000
1006.167	2033.000
1007.167	1908.000
1008.167	1937.000
1009.167	1844.000
1010.168	1912.000
1011.168	1791.000
1012.168	1837.000
1013.168	1764.000
1014.168	1805.000
1015.168	1766.000
1016.168	1722.000
1017.168	1682.000
1018.168	1669.000
1019.168	1588.000
1020.168	1602.000
1021.168	1609.000
1022.169	1566.000
1023.169	1559.000
1024.169	1553.000
1025.169	1491.000
1026.169	1406.000
1027.169	1505.000
1028.169	1396.000
1029.169	1343.000
1030.169	1328.000
1031.169	1341.000
1032.169	1268.000
1033.169	1334.000
1034.170	1224.000
1035.170	1288.000
1036.170	1218.000
1037.170	1234.000
1038.170	1166.000
1039.170	1085.000
1040.170	1079.000
1041.170	1087.000
1042.170	1060.000
1043.170	1024.000
1044.170	1026.000
1045.170	998.000
1046.171	957.000
1047.171	981.000
1048.171	951.000
1049.171	882.000
1050.171	928.000
1051.171	882.000
1052.171	831.000
1053.171	795.000
1054.171	774.000
1055.171	798.000
1056.171	745.000
1057.171	723.000
1058.172	748.000
1059.172	723.000
1060.172	760.000
1061.172	675.000
1062.172	683.000
1063.172	633.000
1064.172	592.000
1065.172	608.000
1066.172	600.000
1067.172	598.000
1068.172	553.000
1069.172	558.000
1070.173	516.000
1071.173	516.000
1072.173	523.000
1073.173	501.000
1074.173	467.000
1075.173	498.000
1076.173	475.000
1077.173	423.000
1078.173	381.000
1079.173	403.000
1080.173	381.000
1081.173	403.000
1082.174	415.000
1083.174	364.000
1084.174	373.000
1085.174	348.000
1086.174	341.000
1087.174	308.000
1088.174	289.000
1089.174	320.000
1090.174	263.000
1091.174	302.000
1092.174	256.000
1093.174	275.000
1094.175	271.000
1095.175	238.000
1096.175	259.000
1097.175	241.000
1098.175	230.000
1099.175	211.000
1100.175	208.000
1101.175	199.000
1102.175	202.000
1103.175	206.000
1104.175	195.000
1105.175	162.000
1106.176	189.000
1107.176	176.000
1108.176	161.000
1109.176	158.000
1110.176	178.000
1111.176	134.000
1112.176	144.000
1113.176	146.000
1114.176	151.000
1115.176	131.000
1116.176	123.000
1117.176	119.000
1118.177	121.000
1119.177	138.000
1120.177	108.000
1121.177	114.000
1122.177	122.000
1123.177	109.000
1124.177	118.000
1125.177	109.000
1126.177	102.000
1127.177	98.000
1128.177	79.000
1129.177	95.000
1130.178	76.000
1131.178	89.000
1132.178	95.000
1133.178	72.000
1134.178	86.000
1135.178	84.000
1136.178	76.000
1137.178	82.000
1138.178	66.000
1139.178	78.000
1140.178	64.000
1141.178	64.000
1142.179	69.000
1143.179	65.000
1144.179	69.000
1145.179	74.000
1146.179	51.000
1147.179	52.000
1148.179	42.000
1149.179	55.000
1150.179	52.000
1151.179	56.000
1152.179	54.000
1153.179	67.000
1154.180	70.000
1155.180	65.000
1156.180	40.000
1157.180	59.000
1158.180	53.000
1159.180	48.000
1160.180	59.000
1161.180	61.000
1162.180	70.000
1163.180	41.000
1164.180	56.000
1165.180	49.000
1166.181	59.000
1167.181	55.000
1168.181	37.000
1169.181	54.000
1170.181	53.000
1171.181	55.000
1172.181	57.000
1173.181	38.000
1174.181	57.000
1175.181	41.000
1176.181	43.000
1177.181	47.000
1178.182	42.000
1179.182	51.000
1180.182	37.000
1181.182	42.000
1182.182	39.000
1183.182	38.000
1184.182	46.000
1185.182	38.000
1186.182	46.000
1187.182	45.000
1188.182	43.000
1189.182	45.000
1190.183	51.000
1191.183	48.000
1192.183	39.000
1193.183	53.000
1194.183	46.000
1195.183	47.000
1196.183	56.000
1197.183	47.000
1198.183	45.000
1199.183	42.000
1200.183	53.000
1201.183	38.000
1202.184	56.000
1203.184	45.000
1204.184	47.000
1205.184	51.000
1206.184	59.000
1207.184	34.000
1208.184	54.000
1209.184	49.000
1210.184	46.000
1211.184	48.000
1212.184	43.000
1213.184	47.000
1214.185	49.000
1215.185	54.000
1216.185	47.000
1217.185	42.000
1218.185	50.000
1219.185	45.000
1220.185	44.000
1221.185	60.000
1222.185	48.000
1223.185	40.000
1224.185	47.000
1225.185	46.000
1226.186	39.000
1227.186	42.000
1228.186	43.000
1229.186	51.000
1230.186	45.000
1231.186	59.000
1232.186	51.000
1233.186	53.000
1234.186	42.000
1235.186	49.000
1236.186	53.000
1237.186	54.000
1238.187	52.000
1239.187	57.000
1240.187	62.000
1241.187	49.000
1242.187	51.000
1243.187	58.000
1244.187	57.000
1245.187	44.000
1246.187	52.000
1247.187	44.000
1248.187	42.000
1249.187	52.000
1250.188	55.000
1251.188	53.000
1252.188	54.000
1253.188	46.000
1254.188	49.000
1255.188	53.000
1256.188	66.000
1257.188	63.000
1258.188	61.000
1259.188	49.000
1260.188	39.000
1261.188	51.000
1262.189	41.000
1263.189	38.000
1264.189	58.000
1265.189	50.000
1266.189	52.000
1267.189	45.000
1268.189	54.000
1269.189	46.000
1270.189	54.000
1271.189	57.000
1272.189	53.000
1273.189	60.000
1274.190	50.000
1275.190	59.000
1276.190	54.000
1277.190	61.000
1278.190	57.000
1279.190	55.000
1280.190	59.000
1281.190	54.000
1282.190	39.000
1283.190	44.000
1284.190	60.000
1285.190	51.000
1286.191	56.000
1287.191	58.000
1288.191	52.000
1289.191	52.000
1290.191	45.000
1291.191	76.000
1292.191	64.000
1293.191	55.000
1294.191	57.000
1295.191	49.000
1296.191	59.000
1297.191	67.000
1298.192	51.000
1299.192	51.000
1300.192	49.000
1301.192	54.000
1302.192	58.000
1303.192	48.000
1304.192	57.000
1305.192	67.000
1306.192	50.000
1307.192	58.000
1308.192	41.000
1309.192	55.000
1310.193	41.000
1311.193	54.000
1312.193	54.000
1313.193	45.000
1314.193	58.000
1315.193	62.000
1316.193	58.000
1317.193	49.000
1318.193	68.000
1319.193	47.000
1320.193	52.000
1321.193	54.000
1322.194	58.000
1323.194	65.000
1324.194	64.000
1325.194	72.000
1326.194	66.000
1327.194	58.000
1328.194	57.000
1329.194	66.000
1330.194	63.000
1331.194	58.000
1332.194	64.000
1333.194	69.000
1334.195	63.000
1335.195	61.000
1336.195	48.000
1337.195	50.000
1338.195	67.000
1339.195	71.000
1340.195	63.000
1341.195	67.000
1342.195	63.000
1343.195	54.000
1344.195	57.000
1345.195	74.000
1346.196	53.000
1347.196	70.000
1348.196	66.000
1349.196	70.000
1350.196	71.000
1351.196	72.000
1352.196	52.000
1353.196	70.000
1354.196	64.000
1355.196	56.000
1356.196	61.000
1357.196	63.000
1358.197	55.000
1359.197	65.000
1360.197	69.000
1361.197	63.000
1362.197	57.000
1363.197	74.000
1364.197	80.000
1365.197	60.000
1366.197	73.000
1367.197	57.000
1368.197	69.000
1369.197	64.000
1370.198	68.000
1371.198	73.000
1372.198	75.000
1373.198	64.000
1374.198	63.000
1375.198	54.000
1376.198	63.000
1377.198	77.000
1378.198	77.000
1379.198	58.000
1380.198	77.000
1381.198	69.000
1382.199	57.000
1383.199	69.000
1384.199	65.000
1385.199	56.000
1386.199	69.000
1387.199	69.000
1388.199	66.000
1389.199	71.000
1390.199	66.000
1391.199	63.000
1392.199	64.000
1393.199	65.000
1394.200	72.000
1395.200	68.000
1396.200	62.000
1397.200	73.000
1398.200	61.000
1399.200	65.000
1400.200	66.000
1401.200	67.000
1402.200	71.000
1403.200	65.000
1404.200	69.000
1405.200	64.000
1406.201	83.000
1407.201	74.000
1408.201	67.000
1409.201	67.000
1410.201	58.000
1411.201	96.000
1412.201	59.000
1413.201	64.000
1414.201	62.000
1415.201	72.000
1416.201	68.000
1417.201	67.000
1418.202	73.000
1419.202	72.000
1420.202	76.000
1421.202	69.000
1422.202	63.000
1423.202	67.000
1424.202	72.000
1425.202	71.000
1426.202	70.000
1427.202	60.000
1428.202	78.000
1429.202	84.000
1430.203	62.000
1431.203	65.000
1432.203	66.000
1433.203	86.000
1434.203	74.000
1435.203	83.000
1436.203	72.000
1437.203	68.000
1438.203	75.000
1439.203	74.000
1440.203	84.000
1441.203	72.000
1442.204	73.000
1443.204	72.000
1444.204	68.000
1445.204	74.000
1446.204	76.000
1447.204	77.000
1448.204	70.000
1449.204	86.000
1450.204	68.000
1451.204	70.000
1452.204	69.000
1453.204	91.000
1454.205	78.000
1455.205	71.000
1456.205	69.000
1457.205	58.000
1458.205	71.000
1459.205	65.000
1460.205	74.000
1461.205	84.000
1462.205	80.000
1463.205	75.000
1464.205	78.000
1465.205	75.000
1466.206	79.000
1467.206	74.000
1468.206	89.000
1469.206	67.000
1470.206	69.000
1471.206	91.000
1472.206	68.000
1473.206	79.000
1474.206	77.000
1475.206	69.000
1476.206	78.000
1477.206	64.000
1478.207	83.000
1479.207	73.000
1480.207	72.000
1481.207	89.000
1482.207	72.000
1483.207	82.000
1484.207	75.000
1485.207	80.000
1486.207	84.000
1487.207	89.000
1488.207	81.000
1489.207	75.000
1490.208	90.000
1491.208	79.000
1492.208	91.000
1493.208	81.000
1494.208	77.000
1495.208	98.000
1496.208	73.000
1497.208	84.000
1498.208	61.000
1499.208	76.000
1500.208	67.000
1501.208	93.000
1502.209	101.000
1503.209	96.000
1504.209	83.000
1505.209	80.000
1506.209	76.000
1507.209	79.000
1508.209	97.000
1509.209	91.000
1510.209	70.000
1511.209	77.000
1512.209	83.000
1513.209	79.000
1514.210	100.000
1515.210	82.000
1516.210	92.000
1517.210	85.000
1518.210	84.000
1519.210	70.000
1520.210	77.000
1521.210	83.000
1522.210	109.000
1523.210	71.000
1524.210	79.000
1525.210	79.000
1526.211	100.000
1527.211	69.000
1528.211	79.000
1529.211	79.000
1530.211	86.000
1531.211	90.000
1532.211	89.000
1533.211	87.000
1534.211	90.000
1535.211	79.000
1536.211	78.000
1537.211	83.000
1538.212	82.000
1539.212	91.000
1540.212	96.000
1541.212	103.000
1542.212	79.000
1543.212	101.000
1544.212	83.000
1545.212	100.000
1546.212	102.000
1547.212	85.000
1548.212	86.000
1549.212	97.000
1550.213	94.000
1551.213	93.000
1552.213	98.000
1553.213	97.000
1554.213	97.000
1555.213	96.000
1556.213	100.000
1557.213	118.000
1558.213	104.000
1559.213	85.000
1560.213	106.000
1561.213	93.000
1562.214	70.000
1563.214	88.000
1564.214	78.000
1565.214	86.000
1566.214	98.000
1567.214	99.000
1568.214	95.000
1569.214	95.000
1570.214	96.000
1571.214	85.000
1572.214	79.000
1573.214	110.000
1574.215	82.000
1575.215	90.000
1576.215	103.000
1577.215	107.000
1578.215	105.000
1579.215	112.000
1580.215	90.000
1581.215	95.000
1582.215	109.000
1583.215	108.000
1584.215	100.000
1585.215	94.000
1586.216	108.000
1587.216	101.000
1588.216	123.000
1589.216	128.000
1590.216	101.000
1591.216	105.000
1592.216	101.000
1593.216	127.000
1594.216	110.000
1595.216	108.000
1596.216	98.000
1597.216	105.000
1598.217	101.000
1599.217	120.000
1600.217	109.000
1601.217	121.000
1602.217	98.000
1603.217	96.000
1604.217	109.000
1605.217	117.000
1606.217	97.000
1607.217	110.000
1608.217	100.000
1609.217	97.000
1610.218	105.000
1611.218	99.000
1612.218	109.000
1613.218	120.000
1614.218	106.000
1615.218	89.000
1616.218	109.000
1617.218	112.000
1618.218	113.000
1619.218	120.000
1620.218	121.000
1621.218	101.000
1622.219	132.000
1623.219	110.000
1624.219	118.000
1625.219	109.000
1626.219	115.000
1627.219	124.000
1628.219	113.000
1629.219	135.000
1630.219	126.000
1631.219	125.000
1632.219	121.000
1633.219	115.000
1634.220	134.000
1635.220	131.000
1636.220	108.000
1637.220	116.000
1638.220	130.000
1639.220	100.000
1640.220	138.000
1641.220	124.000
1642.220	129.000
1643.220	109.000
1644.220	144.000
1645.220	125.000
1646.221	134.000
1647.221	125.000
1648.221	133.000
1649.221	144.000
1650.221	155.000
1651.221	106.000
1652.221	139.000
1653.221	127.000
1654.221	128.000
1655.221	130.000
1656.221	113.000
1657.221	126.000
1658.222	128.000
1659.222	122.000
1660.222	153.000
1661.222	139.000
1662.222	133.000
1663.222	146.000
1664.222	150.000
1665.222	130.000
1666.222	145.000
1667.222	142.000
1668.222	141.000
1669.222	132.000
1670.223	145.000
1671.223	146.000
1672.223	140.000
1673.223	155.000
1674.223	145.000
1675.223	138.000
1676.223	151.000
1677.223	178.000
1678.223	141.000
1679.223	152.000
1680.223	150.000
1681.223	143.000
1682.224	146.000
1683.224	159.000
1684.224	149.000
1685.224	136.000
1686.224	167.000
1687.224	156.000
1688.224	161.000
1689.224	155.000
1690.224	152.000
1691.224	171.000
1692.224	170.000
1693.224	152.000
1694.225	142.000
1695.225	150.000
1696.225	166.000
1697.225	179.000
1698.225	166.000
1699.225	155.000
1700.225	150.000
1701.225	136.000
1702.225	159.000
1703.225	176.000
1704.225	149.000
1705.225	161.000
1706.226	170.000
1707.226	165.000
1708.226	166.000
1709.226	157.000
1710.226	165.000
1711.226	159.000
1712.226	157.000
1713.226	173.000
1714.226	166.000
1715.226	181.000
1716.226	158.000
1717.226	180.000
1718.227	144.000
1719.227	191.000
1720.227	175.000
1721.227	185.000
1722.227	190.000
1723.227	188.000
1724.227	205.000
1725.227	196.000
1726.227	180.000
1727.227	188.000
1728.227	164.000
1729.227	188.000
1730.228	180.000
1731.228	201.000
1732.228	193.000
1733.228	187.000
1734.228	202.000
1735.228	184.000
1736.228	192.000
1737.228	186.000
1738.228	198.000
1739.228	189.000
1740.228	204.000
1741.228	195.000
1742.229	210.000
1743.229	186.000
1744.229	200.000
1745.229	210.000
1746.229	209.000
1747.229	205.000
1748.229	215.000
1749.229	228.000
1750.229	212.000
1751.229	209.000
1752.229	196.000
1753.229	219.000
1754.230	237.000
1755.230	234.000
1756.230	226.000
1757.230	213.000
1758.230	189.000
1759.230	246.000
1760.230	224.000
1761.230	201.000
1762.230	249.000
1763.230	215.000
1764.230	213.000
1765.230	223.000
1766.231	249.000
1767.231	228.000
1768.231	249.000
1769.231	233.000
1770.231	219.000
1771.231	232.000
1772.231	216.000
1773.231	234.000
1774.231	206.000
1775.231	252.000
1776.231	250.000
1777.231	246.000
1778.232	244.000
1779.232	260.000
1780.232	257.000
1781.232	257.000
1782.232	259.000
1783.232	268.000
1784.232	241.000
1785.232	247.000
1786.232	257.000
1787.232	246.000
1788.232	265.000
1789.232	254.000
1790.233	293.000
1791.233	278.000
1792.233	263.000
1793.233	244.000
1794.233	245.000
1795.233	277.000
1796.233	275.000
1797.233	258.000
1798.233	284.000
1799.233	263.000
1800.233	253.000
1801.233	269.000
1802.234	252.000
1803.234	280.000
1804.234	295.000
1805.234	290.000
1806.234	283.000
1807.234	296.000
1808.234	268.000
1809.234	317.000
1810.234	281.000
1811.234	288.000
1812.234	265.000
1813.234	301.000
1814.235	276.000
1815.235	290.000
1816.235	294.000
1817.235	309.000
1818.235	303.000
1819.235	308.000
1820.235	317.000
1821.235	321.000
1822.235	333.000
1823.235	315.000
1824.235	303.000
1825.235	324.000
1826.236	323.000
1827.236	303.000
1828.236	333.000
1829.236	357.000
1830.236	302.000
1831.236	330.000
1832.236	316.000
1833.236	322.000
1834.236	328.000
1835.236	343.000
1836.236	311.000
1837.236	332.000
1838.237	356.000
1839.237	315.000
1840.237	337.000
1841.237	377.000
1842.237	344.000
1843.237	324.000
1844.237	333.000
1845.237	361.000
1846.237	328.000
1847.237	345.000
1848.237	360.000
1849.237	336.000
1850.238	348.000
1851.238	350.000
1852.238	340.000
1853.238	358.000
1854.238	356.000
1855.238	382.000
1856.238	382.000
1857.238	346.000
1858.238	370.000
1859.238	390.000
1860.238	379.000
1861.238	353.000
1862.239	390.000
1863.239	346.000
1864.239	376.000
1865.239	335.000
1866.239	363.000
1867.239	356.000
1868.239	367.000
1869.239	363.000
1870.239	372.000
1871.239	357.000
1872.239	356.000
1873.239	342.000
1874.240	357.000
1875.240	375.000
1876.240	376.000
1877.240	355.000
1878.240	394.000
1879.240	368.000
1880.240	397.000
1881.240	375.000
1882.240	391.000
1883.240	346.000
1884.240	389.000
1885.240	414.000
1886.241	387.000
1887.241	401.000
1888.241	386.000
1889.241	380.000
1890.241	403.000
1891.241	385.000
1892.241	408.000
1893.241	349.000
1894.241	379.000
1895.241	376.000
1896.241	381.000
1897.241	399.000
1898.242	355.000
1899.242	382.000
1900.242	384.000
1901.242	391.000
1902.242	387.000
1903.242	345.000
1904.242	380.000
1905.242	376.000
1906.242	385.000
1907.242	368.000
1908.242	368.000
1909.242	372.000
1910.243	365.000
1911.243	396.000
1912.243	388.000
1913.243	370.000
1914.243	386.000
1915.243	390.000
1916.243	344.000
1917.243	393.000
1918.243	377.000
1919.243	345.000
1920.243	375.000
1921.243	400.000
1922.244	346.000
1923.244	343.000
1924.244	325.000
1925.244	363.000
1926.244	347.000
1927.244	372.000
1928.244	357.000
1929.244	333.000
1930.244	338.000
1931.244	384.000
1932.244	358.000
1933.244	353.000
1934.245	332.000
1935.245	340.000
1936.245	342.000
1937.245	336.000
1938.245	346.000
1939.245	332.000
1940.245	354.000
1941.245	340.000
1942.245	363.000
1943.245	342.000
1944.245	340.000
1945.245	286.000
1946.246	323.000
1947.246	327.000
1948.246	311.000
1949.246	317.000
1950.246	339.000
1951.246	334.000
1952.246	293.000
1953.246	316.000
1954.246	306.000
1955.246	289.000
1956.246	293.000
1957.246	312.000
1958.247	279.000
1959.247	301.000
1960.247	327.000
1961.247	278.000
1962.247	320.000
1963.247	319.000
1964.247	287.000
1965.247	293.000
1966.247	273.000
1967.247	257.000
1968.247	282.000
1969.247	269.000
1970.248	263.000
1971.248	251.000
1972.248	270.000
1973.248	278.000
1974.248	253.000
1975.248	271.000
1976.248	256.000
1977.248	243.000
1978.248	264.000
1979.248	264.000
1980.248	239.000
1981.248	237.000
1982.249	224.000
1983.249	245.000
1984.249	248.000
1985.249	244.000
1986.249	244.000
1987.249	249.000
1988.249	211.000
1989.249	236.000
1990.249	230.000
1991.249	254.000
1992.249	228.000
1993.249	226.000
1994.250	222.000
1995.250	229.000
1996.250	193.000
1997.250	187.000
1998.250	175.000
1999.250	196.000
2000.250	181.000
2001.250	197.000
2002.250	188.000
2003.250	194.000
2004.250	192.000
2005.250	190.000
2006.251	184.000
2007.251	164.000
2008.251	157.000
2009.251	180.000
2010.251	178.000
2011.251	194.000
2012.251	172.000
2013.251	159.000
2014.251	145.000
2015.251	147.000
2016.251	167.000
2017.251	145.000
2018.252	157.000
2019.252	154.000
2020.252	153.000
2021.252	157.000
2022.252	150.000
2023.252	157.000
2024.252	137.000
2025.252	123.000
2026.252	136.000
2027.252	123.000
2028.252	136.000
2029.252	129.000
2030.253	125.000
2031.253	120.000
2032.253	123.000
2033.253	130.000
2034.253	123.000
2035.253	119.000
2036.253	129.000
2037.253	116.000
2038.253	128.000
2039.253	115.000
2040.253	94.000
2041.253	93.000
2042.254	102.000
2043.254	88.000
2044.254	104.000
2045.254	129.000
2046.254	88.000
2047.254	112.000
2048.254	100.000
2049.254	102.000
2050.254	119.000
2051.254	94.000
2052.254	94.000
2053.254	107.000
2054.255	90.000
2055.255	86.000
2056.255	86.000
2057.255	97.000
2058.255	96.000
2059.255	84.000
2060.255	88.000
2061.255	80.000
2062.255	63.000
2063.255	85.000
2064.255	73.000
2065.255	72.000
2066.256	81.000
2067.256	68.000
2068.256	61.000
2069.256	60.000
2070.256	71.000
2071.256	48.000
2072.256	72.000
2073.256	67.000
2074.256	63.000
2075.256	81.000
2076.256	53.000
2077.256	64.000
2078.257	68.000
2079.257	60.000
2080.257	67.000
2081.257	59.000
2082.257	56.000
2083.257	51.000
2084.257	53.000
2085.257	61.000
2086.257	63.000
2087.257	61.000
2088.257	47.000
2089.257	53.000
2090.258	56.000
2091.258	51.000
2092.258	64.000
2093.258	43.000
2094.258	56.000
2095.258	43.000
2096.258	46.000
2097.258	55.000
2098.258	42.000
2099.258	49.000
2100.258	49.000
2101.258	53.000
2102.259	47.000
2103.259	47.000
2104.259	45.000
2105.259	47.000
2106.259	48.000
2107.259	30.000
2108.259	53.000
2109.259	47.000
2110.259	35.000
2111.259	45.000
2112.259	40.000
2113.259	49.000
2114.260	43.000
2115.260	40.000
2116.260	49.000
2117.260	36.000
2118.260	37.000
2119.260	38.000
2120.260	36.000
2121.260	37.000
2122.260	44.000
2123.260	40.000
2124.260	34.000
2125.260	28.000
2126.261	37.000
2127.261	34.000
2128.261	28.000
2129.261	44.000
2130.261	31.000
2131.261	31.000
2132.261	31.000
2133.261	32.000
2134.261	37.000
2135.261	35.000
2136.261	40.000
2137.261	34.000
2138.262	37.000
2139.262	29.000
2140.262	42.000
2141.262	41.000
2142.262	34.000
2143.262	29.000
2144.262	31.000
2145.262	37.000
2146.262	39.000
2147.262	32.000
2148.262	28.000
2149.262	29.000
2150.263	28.000
2151.263	43.000
2152.263	44.000
2153.263	27.000
2154.263	33.000
2155.263	39.000
2156.263	40.000
2157.263	27.000
2158.263	29.000
2159.263	31.000
2160.263	21.000
2161.263	30.000
2162.264	32.000
2163.264	31.000
2164.264	25.000
2165.264	23.000
2166.264	30.000
2167.264	25.000
2168.264	31.000
2169.264	37.000
2170.264	35.000
2171.264	32.000
2172.264	35.000
2173.264	28.000
2174.265	36.000
2175.265	30.000
2176.265	34.000
2177.265	36.000
2178.265	33.000
2179.265	30.000
2180.265	26.000
2181.265	37.000
2182.265	34.000
2183.265	27.000
2184.265	37.000
2185.265	28.000
2186.266	28.000
2187.266	30.000
2188.266	21.000
2189.266	36.000
2190.266	42.000
2191.266	30.000
2192.266	43.000
2193.266	26.000
2194.266	36.000
2195.266	46.000
2196.266	31.000
2197.266	33.000
2198.267	39.000
2199.267	24.000
2200.267	36.000
2201.267	32.000
2202.267	30.000
2203.267	21.000
2204.267	32.000
2205.267	39.000
2206.267	32.000
2207.267	31.000
2208.267	24.000
2209.267	37.000
2210.268	47.000
2211.268	39.000
2212.268	35.000
2213.268	28.000
2214.268	37.000
2215.268	39.000
2216.268	32.000
2217.268	29.000
2218.268	33.000
2219.268	34.000
2220.268	35.000
2221.268	43.000
2222.269	22.000
2223.269	33.000
2224.269	35.000
2225.269	40.000
2226.269	38.000
2227.269	27.000
2228.269	34.000
2229.269	41.000
2230.269	31.000
2231.269	24.000
2232.269	22.000
2233.269	32.000
2234.270	34.000
2235.270	39.000
2236.270	26.000
2237.270	41.000
2238.270	37.000
2239.270	42.000
2240.270	36.000
2241.270	33.000
2242.270	32.000
2243.270	41.000
2244.270	27.000
2245.270	31.000
2246.271	31.000
2247.271	44.000
2248.271	31.000
2249.271	31.000
2250.271	30.000
2251.271	32.000
2252.271	33.000
2253.271	37.000
2254.271	41.000
2255.271	36.000
2256.271	33.000
2257.271	39.000
2258.272	30.000
2259.272	36.000
2260.272	29.000
2261.272	34.000
2262.272	37.000
2263.272	32.000
2264.272	44.000
2265.272	43.000
2266.272	46.000
2267.272	42.000
2268.272	31.000
2269.272	30.000
2270.273	22.000
2271.273	35.000
2272.273	38.000
2273.273	35.000
2274.273	38.000
2275.273	35.000
2276.273	34.000
2277.273	32.000
2278.273	34.000
2279.273	16.000
2280.273	35.000
2281.273	40.000
2282.274	32.000
2283.274	37.000
2284.274	39.000
2285.274	28.000
2286.274	42.000
2287.274	26.000
2288.274	34.000
2289.274	38.000
2290.274	40.000
2291.274	31.000
2292.274	41.000
2293.274	33.000
2294.275	38.000
2295.275	32.000
2296.275	46.000
2297.275	28.000
2298.275	43.000
2299.275	28.000
2300.275	36.000
2301.275	34.000
2302.275	27.000
2303.275	25.000
2304.275	38.000
2305.275	46.000
2306.276	35.000
2307.276	27.000
2308.276	29.000
2309.276	48.000
2310.276	28.000
2311.276	32.000
2312.276	37.000
2313.276	25.000
2314.276	36.000
2315.276	32.000
2316.276	42.000
2317.276	40.000
2318.277	31.000
2319.277	32.000
2320.277	30.000
2321.277	43.000
2322.277	27.000
2323.277	32.000
2324.277	33.000
2325.277	34.000
2326.277	44.000
2327.277	36.000
2328.277	37.000
2329.277	34.000
2330.278	42.000
2331.278	43.000
2332.278	40.000
2333.278	34.000
2334.278	39.000
2335.278	48.000
2336.278	33.000
2337.278	37.000
2338.278	37.000
2339.278	28.000
2340.278	37.000
2341.278	57.000
2342.279	38.000
2343.279	29.000
2344.279	36.000
2345.279	43.000
2346.279	35.000
2347.279	32.000
2348.279	46.000
2349.279	26.000
2350.279	35.000
2351.279	42.000
2352.279	31.000
2353.279	45.000
2354.280	43.000
2355.280	39.000
2356.280	41.000
2357.280	40.000
2358.280	43.000
2359.280	37.000
2360.280	38.000
2361.280	46.000
2362.280	39.000
2363.280	39.000
2364.280	46.000
2365.280	35.000
2366.281	35.000
2367.281	42.000
2368.281	46.000
2369.281	49.000
2370.281	39.000
2371.281	49.000
2372.281	41.000
2373.281	28.000
2374.281	35.000
2375.281	37.000
2376.281	43.000
2377.281	35.000
2378.282	33.000
2379.282	38.000
2380.282	39.000
2381.282	37.000
2382.282	42.000
2383.282	27.000
2384.282	33.000
2385.282	35.000
2386.282	40.000
2387.282	35.000
2388.282	36.000
2389.282	31.000
2390.283	42.000
2391.283	35.000
2392.283	40.000
2393.283	42.000
2394.283	35.000
2395.283	45.000
2396.283	40.000
2397.283	31.000
2398.283	43.000
2399.283	47.000
2400.283	38.000
2401.283	35.000
2402.284	23.000
2403.284	40.000
2404.284	46.000
2405.284	27.000
2406.284	35.000
2407.284	54.000
2408.284	41.000
2409.284	41.000
2410.284	39.000
2411.284	28.000
2412.284	42.000
2413.284	33.000
2414.285	37.000
2415.285	39.000
2416.285	35.000
2417.285	44.000
2418.285	32.000
2419.285	46.000
2420.285	39.000
2421.285	39.000
2422.285	45.000
2423.285	49.000
2424.285	35.000
2425.285	42.000
2426.286	33.000
2427.286	43.000
2428.286	44.000
2429.286	47.000
2430.286	33.000
2431.286	34.000
2432.286	42.000
2433.286	44.000
2434.286	46.000
2435.286	37.000
2436.286	43.000
2437.286	46.000
2438.287	41.000
2439.287	51.000
2440.287	41.000
2441.287	38.000
2442.287	44.000
2443.287	44.000
2444.287	45.000
2445.287	41.000
2446.287	40.000
2447.287	48.000
2448.287	43.000
2449.287	49.000
2450.288	31.000
2451.288	41.000
2452.288	35.000
2453.288	31.000
2454.288	46.000
2455.288	27.000
2456.288	37.000
2457.288	44.000
2458.288	42.000
2459.288	36.000
2460.288	31.000
2461.288	41.000
2462.289	39.000
2463.289	35.000
2464.289	51.000
2465.289	49.000
2466.289	40.000
2467.289	43.000
2468.289	58.000
2469.289	44.000
2470.289	32.000
2471.289	40.000
2472.289	43.000
2473.289	35.000
2474.290	36.000
2475.290	36.000
2476.290	47.000
2477.290	44.000
2478.290	41.000
2479.290	42.000
2480.290	35.000
2481.290	37.000
2482.290	45.000
2483.290	42.000
2484.290	44.000
2485.290	42.000
2486.291	39.000
2487.291	45.000
2488.291	55.000
2489.291	38.000
2490.291	48.000
2491.291	38.000
2492.291	51.000
2493.291	36.000
2494.291	54.000
2495.291	52.000
2496.291	38.000
2497.291	45.000
2498.292	52.000
2499.292	40.000
2500.292	37.000
2501.292	42.000
2502.292	48.000
2503.292	45.000
2504.292	46.000
2505.292	45.000
2506.292	47.000
2507.292	37.000
2508.292	34.000
2509.292	58.000
2510.293	46.000
2511.293	43.000
2512.293	43.000
2513.293	46.000
2514.293	31.000
2515.293	51.000
2516.293	40.000
2517.293	56.000
2518.293	39.000
2519.293	57.000
2520.293	47.000
2521.293	52.000
2522.294	52.000
2523.294	40.000
2524.294	50.000
2525.294	40.000
2526.294	37.000
2527.294	46.000
2528.294	47.000
2529.294	51.000
2530.294	42.000
2531.294	42.000
2532.294	42.000
2533.294	47.000
2534.295	59.000
2535.295	46.000
2536.295	51.000
2537.295	49.000
2538.295	59.000
2539.295	58.000
2540.295	49.000
2541.295	44.000
2542.295	33.000
2543.295	57.000
2544.295	48.000
2545.295	52.000
2546.296	51.000
2547.296	41.000
2548.296	46.000
2549.296	59.000
2550.296	48.000
2551.296	54.000
2552.296	49.000
2553.296	49.000
2554.296	47.000
2555.296	49.000
2556.296	50.000
2557.296	58.000
2558.297	47.000
2559.297	56.000
2560.297	55.000
2561.297	48.000
2562.297	52.000
2563.297	55.000
2564.297	51.000
2565.297	45.000
2566.297	44.000
2567.297	55.000
2568.297	41.000
2569.297	51.000
2570.298	49.000
2571.298	55.000
2572.298	57.000
2573.298	45.000
2574.298	46.000
2575.298	48.000
2576.298	58.000
2577.298	60.000
2578.298	59.000
2579.298	45.000
2580.298	59.000
2581.298	57.000
2582.299	49.000
2583.299	45.000
2584.299	47.000
2585.299	63.000
2586.299	72.000
2587.299	54.000
2588.299	79.000
2589.299	52.000
2590.299	63.000
2591.299	45.000
2592.299	48.000
2593.299	45.000
2594.300	57.000
2595.300	60.000
2596.300	62.000
2597.300	59.000
2598.300	47.000
2599.300	50.000
2600.300	73.000
2601.300	52.000
2602.300	51.000
2603.300	66.000
2604.300	51.000
2605.300	65.000
2606.301	63.000
2607.301	62.000
2608.301	61.000
2609.301	58.000
2610.301	54.000
2611.301	50.000
2612.301	51.000
2613.301	64.000
2614.301	69.000
2615.301	57.000
2616.301	60.000
2617.301	63.000
2618.302	63.000
2619.302	63.000
2620.302	54.000
2621.302	45.000
2622.302	56.000
2623.302	65.000
2624.302	52.000
2625.302	57.000
2626.302	51.000
2627.302	59.000
2628.302	70.000
2629.302	63.000
2630.303	52.000
2631.303	48.000
2632.303	62.000
2633.303	61.000
2634.303	59.000
2635.303	59.000
2636.303	56.000
2637.303	49.000
2638.303	71.000
2639.303	52.000
2640.303	54.000
2641.303	70.000
2642.304	45.000
2643.304	75.000
2644.304	59.000
2645.304	65.000
2646.304	50.000
2647.304	57.000
2648.304	71.000
2649.304	51.000
2650.304	69.000
2651.304	67.000
2652.304	67.000
2653.304	69.000
2654.305	74.000
2655.305	63.000
2656.305	74.000
2657.305	66.000
2658.305	68.000
2659.305	72.000
2660.305	55.000
2661.305	80.000
2662.305	70.000
2663.305	56.000
2664.305	52.000
2665.305	60.000
2666.306	59.000
2667.306	73.000
2668.306	64.000
2669.306	67.000
2670.306	58.000
2671.306	68.000
2672.306	72.000
2673.306	54.000
2674.306	80.000
2675.306	57.000
2676.306	74.000
2677.306	72.000
2678.307	48.000
2679.307	62.000
2680.307	73.000
2681.307	71.000
2682.307	64.000
2683.307	59.000
2684.307	63.000
2685.307	65.000
2686.307	65.000
2687.307	83.000
2688.307	75.000
2689.307	67.000
2690.308	58.000
2691.308	71.000
2692.308	68.000
2693.308	56.000
2694.308	63.000
2695.308	46.000
2696.308	69.000
2697.308	61.000
2698.308	68.000
2699.308	64.000
2700.308	56.000
2701.308	76.000
2702.309	65.000
2703.309	71.000
2704.309	61.000
2705.309	73.000
2706.309	86.000
2707.309	67.000
2708.309	59.000
2709.309	86.000
2710.309	81.000
2711.309	80.000
2712.309	64.000
2713.309	60.000
2714.310	64.000
2715.310	77.000
2716.310	66.000
2717.310	81.000
2718.310	75.000
2719.310	74.000
2720.310	77.000
2721.310	76.000
2722.310	65.000
2723.310	78.000
2724.310	62.000
2725.310	71.000
2726.311	73.000
2727.311	72.000
2728.311	71.000
2729.311	79.000
2730.311	65.000
2731.311	68.000
2732.311	79.000
2733.311	64.000
2734.311	70.000
2735.311	72.000
2736.311	78.000
2737.311	51.000
2738.312	80.000
2739.312	80.000
2740.312	65.000
2741.312	87.000
2742.312	64.000
2743.312	62.000
2744.312	77.000
2745.312	82.000
2746.312	58.000
2747.312	77.000
2748.312	55.000
2749.312	74.000
2750.313	77.000
2751.313	74.000
2752.313	73.000
2753.313	66.000
2754.313	79.000
2755.313	77.000
2756.313	72.000
2757.313	68.000
2758.313	72.000
2759.313	78.000
2760.313	74.000
2761.313	72.000
2762.314	74.000
2763.314	87.000
2764.314	79.000
2765.314	78.000
2766.314	64.000
2767.314	74.000
2768.314	72.000
2769.314	69.000
2770.314	74.000
2771.314	67.000
2772.314	80.000
2773.314	77.000
2774.315	62.000
2775.315	80.000
2776.315	86.000
2777.315	74.000
2778.315	68.000
2779.315	82.000
2780.315	75.000
2781.315	81.000
2782.315	89.000
2783.315	71.000
2784.315	82.000
2785.315	69.000
2786.316	86.000
2787.316	87.000
2788.316	74.000
2789.316	77.000
2790.316	68.000
2791.316	73.000
2792.316	77.000
2793.316	92.000
2794.316	91.000
2795.316	74.000
2796.316	73.000
2797.316	65.000
2798.317	78.000
2799.317	69.000
2800.317	89.000
2801.317	90.000
2802.317	76.000
2803.317	73.000
2804.317	75.000
2805.317	66.000
2806.317	91.000
2807.317	83.000
2808.317	67.000
2809.317	88.000
2810.318	71.000
2811.318	81.000
2812.318	77.000
2813.318	81.000
2814.318	71.000
2815.318	80.000
2816.318	83.000
2817.318	87.000
2818.318	78.000
2819.318	82.000
2820.318	102.000
2821.318	72.000
2822.319	90.000
2823.319	88.000
2824.319	90.000
2825.319	84.000
2826.319	92.000
2827.319	88.000
2828.319	90.000
2829.319	93.000
2830.319	95.000
2831.319	81.000
2832.319	81.000
2833.319	73.000
2834.320	80.000
2835.320	67.000
2836.320	94.000
2837.320	89.000
2838.320	84.000
2839.320	88.000
2840.320	85.000
2841.320	85.000
2842.320	81.000
2843.320	69.000
2844.320	74.000
2845.320	67.000
2846.321	78.000
2847.321	83.000
2848.321	85.000
2849.321	78.000
2850.321	76.000
2851.321	73.000
2852.321	79.000
2853.321	85.000
2854.321	88.000
2855.321	77.000
2856.321	95.000
2857.321	89.000
2858.322	87.000
2859.322	92.000
2860.322	79.000
2861.322	103.000
2862.322	73.000
2863.322	74.000
2864.322	76.000
2865.322	78.000
2866.322	94.000
2867.322	80.000
2868.322	68.000
2869.322	58.000
2870.323	85.000
2871.323	81.000
2872.323	69.000
2873.323	96.000
2874.323	73.000
2875.323	72.000
2876.323	73.000
2877.323	85.000
2878.323	82.000
2879.323	59.000
2880.323	82.000
2881.323	69.000
2882.324	81.000
2883.324	97.000
2884.324	78.000
2885.324	83.000
2886.324	75.000
2887.324	77.000
2888.324	94.000
2889.324	86.000
2890.324	61.000
2891.324	77.000
2892.324	77.000
2893.324	66.000
2894.325	80.000
2895.325	78.000
2896.325	73.000
2897.325	73.000
2898.325	76.000
2899.325	74.000
2900.325	85.000
2901.325	89.000
2902.325	80.000
2903.325	75.000
2904.325	81.000
2905.325	67.000
2906.326	77.000
2907.326	66.000
2908.326	67.000
2909.326	76.000
2910.326	66.000
2911.326	48.000
2912.326	63.000
2913.326	75.000
2914.326	56.000
2915.326	67.000
2916.326	63.000
2917.326	70.000
2918.327	80.000
2919.327	62.000
2920.327	60.000
2921.327	62.000
2922.327	69.000
2923.327	79.000
2924.327	62.000
2925.327	80.000
2926.327	65.000
2927.327	57.000
2928.327	54.000
2929.327	59.000
2930.328	73.000
2931.328	67.000
2932.328	64.000
2933.328	70.000
2934.328	55.000
2935.328	72.000
2936.328	64.000
2937.328	49.000
2938.328	54.000
2939.328	56.000
2940.328	58.000
2941.328	45.000
2942.329	71.000
2943.329	55.000
2944.329	62.000
2945.329	47.000
2946.329	62.000
2947.329	48.000
2948.329	64.000
2949.329	43.000
2950.329	58.000
2951.329	46.000
2952.329	51.000
2953.329	56.000
2954.330	51.000
2955.330	60.000
2956.330	52.000
2957.330	52.000
2958.330	57.000
2959.330	55.000
2960.330	54.000
2961.330	62.000
2962.330	46.000
2963.330	45.000
2964.330	51.000
2965.330	43.000
2966.331	45.000
2967.331	43.000
2968.331	55.000
2969.331	57.000
2970.331	40.000
2971.331	34.000
2972.331	47.000
2973.331	38.000
2974.331	40.000
2975.331	36.000
2976.331	63.000
2977.331	36.000
2978.332	58.000
2979.332	44.000
2980.332	34.000
2981.332	30.000
2982.332	40.000
2983.332	35.000
2984.332	40.000
2985.332	49.000
2986.332	45.000
2987.332	46.000
2988.332	42.000
2989.332	39.000
2990.333	48.000
2991.333	39.000
2992.333	35.000
2993.333	34.000
2994.333	42.000
2995.333	44.000
2996.333	42.000
2997.333	33.000
2998.333	31.000
2999.333	32.000
3000.333	36.000
3001.333	36.000
3002.334	46.000
3003.334	40.000
3004.334	34.000
3005.334	42.000
3006.334	25.000
3007.334	26.000
3008.334	27.000
3009.334	25.000
3010.334	26.000
3011.334	37.000
3012.334	31.000
3013.334	36.000
3014.335	29.000
3015.335	35.000
3016.335	33.000
3017.335	43.000
3018.335	26.000
3019.335	31.000
3020.335	25.000
3021.335	21.000
3022.335	24.000
3023.335	27.000
3024.335	18.000
3025.335	23.000
3026.336	31.000
3027.336	23.000
3028.336	27.000
3029.336	35.000
3030.336	23.000
3031.336	21.000
3032.336	27.000
3033.336	27.000
3034.336	25.000
3035.336	38.000
3036.336	25.000
3037.336	20.000
3038.337	28.000
3039.337	20.000
3040.337	23.000
3041.337	28.000
3042.337	26.000
3043.337	23.000
3044.337	18.000
3045.337	39.000
3046.337	14.000
3047.337	26.000
3048.337	23.000
3049.337	26.000
3050.338	22.000
3051.338	30.000
3052.338	19.000
3053.338	17.000
3054.338	21.000
3055.338	20.000
3056.338	14.000
3057.338	20.000
3058.338	19.000
3059.338	20.000
3060.338	24.000
3061.338	17.000
3062.339	21.000
3063.339	13.000
3064.339	17.000
3065.339	15.000
3066.339	24.000
3067.339	17.000
3068.339	18.000
3069.339	24.000
3070.339	26.000
3071.339	20.000
3072.339	17.000
3073.339	21.000
3074.340	16.000
3075.340	18.000
3076.340	21.000
3077.340	16.000
3078.340	11.000
3079.340	23.000
3080.340	29.000
3081.340	11.000
3082.340	22.000
3083.340	19.000
3084.340	13.000
3085.340	14.000
3086.341	15.000
3087.341	18.000
3088.341	22.000
3089.341	12.000
3090.341	19.000
3091.341	20.000
3092.341	16.000
3093.341	21.000
3094.341	13.000
3095.341	22.000
3096.341	16.000
3097.341	11.000
3098.342	16.000
3099.342	18.000
3100.342	14.000
3101.342	8.000
3102.342	13.000
3103.342	28.000
3104.342	12.000
3105.342	17.000
3106.342	12.000
3107.342	20.000
3108.342	27.000
3109.342	23.000
3110.343	18.000
3111.343	14.000
3112.343	19.000
3113.343	18.000
3114.343	15.000
3115.343	13.000
3116.343	10.000
3117.343	11.000
3118.343	15.000
3119.343	23.000
3120.343	14.000
3121.343	16.000
3122.344	14.000
3123.344	12.000
3124.344	16.000
3125.344	13.000
3126.344	20.000
3127.344	15.000
3128.344	22.000
3129.344	16.000
3130.344	16.000
3131.344	13.000
3132.344	17.000
3133.344	17.000
3134.345	14.000
3135.345	19.000
3136.345	19.000
3137.345	19.000
3138.345	14.000
3139.345	14.000
3140.345	16.000
3141.345	8.000
3142.345	11.000
3143.345	8.000
3144.345	10.000
3145.345	21.000
3146.346	23.000
3147.346	23.000
3148.346	5.000
3149.346	12.000
3150.346	22.000
3151.346	10.000
3152.346	17.000
3153.346	20.000
3154.346	6.000
3155.346	10.000
3156.346	13.000
3157.346	16.000
3158.347	17.000
3159.347	12.000
3160.347	18.000
3161.347	15.000
3162.347	19.000
3163.347	15.000
3164.347	18.000
3165.347	17.000
3166.347	11.000
3167.347	6.000
3168.347	14.000
3169.347	17.000
3170.348	11.000
3171.348	13.000
3172.348	12.000
3173.348	16.000
3174.348	15.000
3175.348	16.000
3176.348	10.000
3177.348	18.000
3178.348	12.000
3179.348	19.000
3180.348	21.000
3181.348	10.000
3182.349	13.000
3183.349	16.000
3184.349	19.000
3185.349	16.000
3186.349	17.000
3187.349	12.000
3188.349	19.000
3189.349	16.000
3190.349	14.000
3191.349	15.000
3192.349	17.000
3193.349	16.000
3194.350	17.000
3195.350	12.000
3196.350	15.000
3197.350	17.000
3198.350	13.000
3199.350	18.000
3200.350	4.000
3201.350	11.000
3202.350	16.000
3203.350	18.000
3204.350	10.000
3205.350	12.000
3206.351	11.000
3207.351	19.000
3208.351	14.000
3209.351	13.000
3210.351	13.000
3211.351	22.000
3212.351	14.000
3213.351	19.000
3214.351	9.000
3215.351	12.000
3216.351	7.000
3217.351	13.000
3218.352	11.000
3219.352	6.000
3220.352	16.000
3221.352	14.000
3222.352	23.000
3223.352	10.000
3224.352	24.000
3225.352	14.000
3226.352	12.000
3227.352	13.000
3228.352	15.000
3229.352	15.000
3230.353	12.000
3231.353	11.000
3232.353	23.000
3233.353	18.000
3234.353	15.000
3235.353	15.000
3236.353	16.000
3237.353	18.000
3238.353	18.000
3239.353	15.000
3240.353	17.000
3241.353	9.000
3242.354	24.000
3243.354	15.000
3244.354	21.000
3245.354	18.000
3246.354	15.000
3247.354	10.000
3248.354	13.000
3249.354	19.000
3250.354	14.000
3251.354	16.000
3252.354	13.000
3253.354	11.000
3254.355	21.000
3255.355	14.000
3256.355	14.000
3257.355	12.000
3258.355	17.000
3259.355	14.000
3260.355	18.000
3261.355	11.000
3262.355	12.000
3263.355	16.000
3264.355	13.000
3265.355	12.000
3266.356	17.000
3267.356	12.000
3268.356	21.000
3269.356	16.000
3270.356	14.000
3271.356	16.000
3272.356	14.000
3273.356	15.000
3274.356	13.000
3275.356	10.000
3276.356	16.000
3277.356	10.000
3278.357	19.000
3279.357	19.000
3280.357	16.000
3281.357	21.000
3282.357	12.000
3283.357	10.000
3284.357	13.000
3285.357	15.000
3286.357	19.000
3287.357	13.000
3288.357	15.000
3289.357	20.000
3290.358	8.000
3291.358	23.000
3292.358	15.000
3293.358	16.000
3294.358	26.000
3295.358	8.000
3296.358	6.000
3297.358	16.000
3298.358	19.000
3299.358	21.000
3300.358	10.000
3301.358	7.000
3302.359	12.000
3303.359	20.000
3304.359	15.000
3305.359	14.000
3306.359	15.000
3307.359	19.000
3308.359	22.000
3309.359	17.000
3310.359	16.000
3311.359	13.000
3312.359	18.000
3313.359	12.000
3314.360	10.000
3315.360	20.000
3316.360	21.000
3317.360	20.000
3318.360	10.000
3319.360	20.000
3320.360	12.000
3321.360	16.000
3322.360	12.000
3323.360	10.000
3324.360	13.000
3325.360	16.000
3326.361	22.000
3327.361	21.000
3328.361	16.000
3329.361	17.000
3330.361	12.000
3331.361	14.000
3332.361	16.000
3333.361	10.000
3334.361	12.000
3335.361	21.000
3336.361	15.000
3337.361	20.000
3338.362	18.000
3339.362	17.000
3340.362	18.000
3341.362	11.000
3342.362	21.000
3343.362	17.000
3344.362	24.000
3345.362	16.000
3346.362	10.000
3347.362	13.000
3348.362	16.000
3349.362	18.000
3350.363	22.000
3351.363	21.000
3352.363	21.000
3353.363	21.000
3354.363	23.000
3355.363	15.000
3356.363	21.000
3357.363	19.000
3358.363	18.000
3359.363	12.000
3360.363	20.000
3361.363	13.000
3362.364	14.000
3363.364	13.000
3364.364	15.000
3365.364	16.000
3366.364	23.000
3367.364	16.000
3368.364	16.000
3369.364	15.000
3370.364	13.000
3371.364	8.000
3372.364	19.000
3373.364	18.000
3374.365	16.000
3375.365	17.000
3376.365	15.000
3377.365	13.000
3378.365	10.000
3379.365	16.000
3380.365	16.000
3381.365	17.000
3382.365	15.000
3383.365	13.000
3384.365	16.000
3385.365	16.000
3386.366	13.000
3387.366	13.000
3388.366	12.000
3389.366	23.000
3390.366	19.000
3391.366	14.000
3392.366	15.000
3393.366	12.000
3394.366	15.000
3395.366	10.000
3396.366	25.000
3397.366	16.000
3398.367	22.000
3399.367	20.000
3400.367	19.000
3401.367	19.000
3402.367	19.000
3403.367	16.000
3404.367	15.000
3405.367	18.000
3406.367	20.000
3407.367	16.000
3408.367	22.000
3409.367	12.000
3410.368	18.000
3411.368	11.000
3412.368	15.000
3413.368	23.000
3414.368	16.000
3415.368	13.000
3416.368	13.000
3417.368	14.000
3418.368	25.000
3419.368	23.000
3420.368	21.000
3421.368	13.000
3422.369	17.000
3423.369	23.000
3424.369	21.000
3425.369	17.000
3426.369	14.000
3427.369	15.000
3428.369	27.000
3429.369	17.000
3430.369	15.000
3431.369	17.000
3432.369	9.000
3433.369	18.000
3434.370	13.000
3435.370	15.000
3436.370	32.000
3437.370	17.000
3438.370	15.000
3439.370	23.000
3440.370	13.000
3441.370	13.000
3442.370	18.000
3443.370	23.000
3444.370	11.000
3445.370	19.000
3446.371	20.000
3447.371	15.000
3448.371	12.000
3449.371	18.000
3450.371	20.000
3451.371	13.000
3452.371	18.000
3453.371	17.000
3454.371	10.000
3455.371	15.000
3456.371	11.000
3457.371	31.000
3458.372	16.000
3459.372	17.000
3460.372	17.000
3461.372	13.000
3462.372	15.000
3463.372	19.000
3464.372	14.000
3465.372	18.000
3466.372	18.000
3467.372	14.000
3468.372	12.000
3469.372	22.000
3470.373	19.000
3471.373	17.000
3472.373	19.000
3473.373	18.000
3474.373	22.000
3475.373	14.000
3476.373	20.000
3477.373	25.000
3478.373	12.000
3479.373	22.000
3480.373	16.000
3481.373	23.000
3482.374	17.000
3483.374	20.000
3484.374	28.000
3485.374	18.000
3486.374	19.000
3487.374	25.000
3488.374	18.000
3489.374	17.000
3490.374	16.000
3491.374	16.000
3492.374	15.000
3493.374	21.000
3494.375	12.000
3495.375	13.000
3496.375	30.000
3497.375	17.000
3498.375	23.000
3499.375	16.000
3500.375	14.000
3501.375	11.000
3502.375	15.000
3503.375	16.000
3504.375	20.000
3505.375	26.000
3506.376	14.000
3507.376	15.000
3508.376	20.000
3509.376	18.000
3510.376	21.000
3511.376	27.000
3512.376	23.000
3513.376	21.000
3514.376	19.000
3515.376	14.000
3516.376	20.000
3517.376	16.000
3518.377	21.000
3519.377	17.000
3520.377	16.000
3521.377	14.000
3522.377	20.000
3523.377	13.000
3524.377	17.000
3525.377	17.000
3526.377	13.000
3527.377	30.000
3528.377	26.000
3529.377	15.000
3530.378	22.000
3531.378	16.000
3532.378	21.000
3533.378	19.000
3534.378	12.000
3535.378	18.000
3536.378	18.000
3537.378	16.000
3538.378	25.000
3539.378	19.000
3540.378	21.000
3541.378	23.000
3542.379	24.000
3543.379	11.000
3544.379	19.000
3545.379	10.000
3546.379	15.000
3547.379	16.000
3548.379	15.000
3549.379	19.000
3550.379	18.000
3551.379	20.000
3552.379	21.000
3553.379	13.000
3554.380	20.000
3555.380	24.000
3556.380	22.000
3557.380	33.000
3558.380	17.000
3559.380	20.000
3560.380	12.000
3561.380	25.000
3562.380	21.000
3563.380	18.000
3564.380	21.000
3565.380	24.000
3566.381	21.000
3567.381	15.000
3568.381	12.000
3569.381	23.000
3570.381	20.000
3571.381	19.000
3572.381	25.000
3573.381	18.000
3574.381	14.000
3575.381	28.000
3576.381	17.000
3577.381	21.000
3578.382	22.000
3579.382	17.000
3580.382	28.000
3581.382	22.000
3582.382	22.000
3583.382	21.000
3584.382	20.000
3585.382	19.000
3586.382	21.000
3587.382	21.000
3588.382	21.000
3589.382	23.000
3590.383	16.000
3591.383	22.000
3592.383	29.000
3593.383	28.000
3594.383	30.000
3595.383	18.000
3596.383	15.000
3597.383	18.000
3598.383	21.000
3599.383	20.000
3600.383	16.000
3601.383	22.000
3602.384	13.000
3603.384	22.000
3604.384	23.000
3605.384	13.000
3606.384	19.000
3607.384	27.000
3608.384	32.000
3609.384	17.000
3610.384	18.000
3611.384	20.000
3612.384	19.000
3613.384	22.000
3614.385	22.000
3615.385	24.000
3616.385	25.000
3617.385	15.000
3618.385	21.000
3619.385	16.000
3620.385	19.000
3621.385	20.000
3622.385	21.000
3623.385	26.000
3624.385	30.000
3625.385	18.000
3626.386	22.000
3627.386	21.000
3628.386	22.000
3629.386	18.000
3630.386	14.000
3631.386	15.000
3632.386	15.000
3633.386	24.000
3634.386	17.000
3635.386	16.000
3636.386	19.000
3637.386	19.000
3638.387	19.000
3639.387	22.000
3640.387	21.000
3641.387	17.000
3642.387	26.000
3643.387	22.000
3644.387	21.000
3645.387	25.000
3646.387	20.000
3647.387	18.000
3648.387	23.000
3649.387	17.000
3650.388	17.000
3651.388	16.000
3652.388	23.000
3653.388	18.000
3654.388	24.000
3655.388	22.000
3656.388	24.000
3657.388	23.000
3658.388	28.000
3659.388	17.000
3660.388	23.000
3661.388	30.000
3662.389	19.000
3663.389	17.000
3664.389	25.000
3665.389	24.000
3666.389	20.000
3667.389	23.000
3668.389	23.000
3669.389	24.000
3670.389	26.000
3671.389	25.000
3672.389	21.000
3673.389	24.000
3674.390	19.000
3675.390	28.000
3676.390	27.000
3677.390	19.000
3678.390	30.000
3679.390	28.000
3680.390	23.000
3681.390	25.000
3682.390	15.000
3683.390	12.000
3684.390	17.000
3685.390	15.000
3686.391	22.000
3687.391	21.000
3688.391	24.000
3689.391	16.000
3690.391	20.000
3691.391	30.000
3692.391	26.000
3693.391	15.000
3694.391	22.000
3695.391	26.000
3696.391	19.000
3697.391	25.000
3698.392	24.000
3699.392	18.000
3700.392	18.000
3701.392	20.000
3702.392	26.000
3703.392	23.000
3704.392	20.000
3705.392	18.000
3706.392	15.000
3707.392	15.000
3708.392	20.000
3709.392	19.000
3710.393	20.000
3711.393	23.000
3712.393	25.000
3713.393	22.000
3714.393	25.000
3715.393	15.000
3716.393	27.000
3717.393	24.000
3718.393	22.000
3719.393	18.000
3720.393	22.000
3721.393	12.000
3722.394	30.000
3723.394	24.000
3724.394	21.000
3725.394	19.000
3726.394	20.000
3727.394	18.000
3728.394	17.000
3729.394	15.000
3730.394	14.000
3731.394	11.000
3732.394	18.000
3733.394	21.000
3734.395	26.000
3735.395	32.000
3736.395	33.000
3737.395	28.000
3738.395	17.000
3739.395	31.000
3740.395	24.000
3741.395	18.000
3742.395	23.000
3743.395	24.000
3744.395	28.000
3745.395	25.000
3746.396	22.000
3747.396	32.000
3748.396	27.000
3749.396	23.000
3750.396	23.000
3751.396	15.000
3752.396	22.000
3753.396	21.000
3754.396	17.000
3755.396	22.000
3756.396	19.000
3757.396	23.000
3758.397	21.000
3759.397	24.000
3760.397	28.000
3761.397	18.000
3762.397	31.000
3763.397	22.000
3764.397	18.000
3765.397	20.000
3766.397	21.000
3767.397	21.000
3768.397	21.000
3769.397	21.000
3770.398	19.000
3771.398	18.000
3772.398	18.000
3773.398	16.000
3774.398	32.000
3775.398	22.000
3776.398	18.000
3777.398	18.000
3778.398	28.000
3779.398	22.000
3780.398	12.000
3781.398	21.000
3782.399	22.000
3783.399	23.000
3784.399	20.000
3785.399	29.000
3786.399	24.000
3787.399	13.000
3788.399	19.000
3789.399	26.000
3790.399	17.000
3791.399	22.000
3792.399	19.000
3793.399	19.000
3794.400	20.000
3795.400	34.000
3796.400	27.000
3797.400	22.000
3798.400	16.000
3799.400	22.000
3800.400	16.000
3801.400	26.000
3802.400	19.000
3803.400	24.000
3804.400	24.000
3805.400	20.000
3806.401	23.000
3807.401	19.000
3808.401	23.000
3809.401	26.000
3810.401	25.000
3811.401	18.000
3812.401	21.000
3813.401	19.000
3814.401	19.000
3815.401	15.000
3816.401	19.000
3817.401	16.000
3818.402	26.000
3819.402	23.000
3820.402	22.000
3821.402	23.000
3822.402	20.000
3823.402	18.000
3824.402	18.000
3825.402	16.000
3826.402	22.000
3827.402	18.000
3828.402	24.000
3829.402	18.000
3830.403	24.000
3831.403	33.000
3832.403	21.000
3833.403	36.000
3834.403	25.000
3835.403	21.000
3836.403	28.000
3837.403	25.000
3838.403	25.000
3839.403	24.000
3840.403	17.000
3841.403	24.000
3842.404	24.000
3843.404	23.000
3844.404	19.000
3845.404	24.000
3846.404	17.000
3847.404	15.000
3848.404	26.000
3849.404	21.000
3850.404	20.000
3851.404	17.000
3852.404	24.000
3853.404	12.000
3854.405	15.000
3855.405	19.000
3856.405	19.000
3857.405	19.000
3858.405	14.000
3859.405	17.000
3860.405	14.000
3861.405	18.000
3862.405	21.000
3863.405	18.000
3864.405	20.000
3865.405	14.000
3866.406	14.000
3867.406	18.000
3868.406	16.000
3869.406	26.000
3870.406	13.000
3871.406	9.000
3872.406	20.000
3873.406	17.000
3874.406	21.000
3875.406	17.000
3876.406	16.000
3877.406	22.000
3878.407	20.000
3879.407	21.000
3880.407	20.000
3881.407	17.000
3882.407	15.000
3883.407	18.000
3884.407	11.000
3885.407	14.000
3886.407	23.000
3887.407	22.000
3888.407	12.000
3889.407	14.000
3890.408	15.000
3891.408	21.000
3892.408	17.000
3893.408	15.000
3894.408	15.000
3895.408	24.000
3896.408	26.000
3897.408	30.000
3898.408	16.000
3899.408	17.000
3900.408	22.000
3901.408	21.000
3902.409	21.000
3903.409	17.000
3904.409	13.000
3905.409	18.000
3906.409	15.000
3907.409	18.000
3908.409	23.000
3909.409	15.000
3910.409	13.000
3911.409	19.000
3912.409	18.000
3913.409	12.000
3914.410	19.000
3915.410	11.000
3916.410	11.000
3917.410	26.000
3918.410	9.000
3919.410	11.000
3920.410	16.000
3921.410	10.000
3922.410	17.000
3923.410	26.000
3924.410	15.000
3925.410	18.000
3926.411	13.000
3927.411	15.000
3928.411	20.000
3929.411	21.000
3930.411	16.000
3931.411	12.000
3932.411	22.000
3933.411	13.000
3934.411	17.000
3935.411	10.000
3936.411	15.000
3937.411	9.000
3938.412	10.000
3939.412	13.000
3940.412	13.000
3941.412	10.000
3942.412	10.000
3943.412	14.000
3944.412	17.000
3945.412	20.000
3946.412	7.000
3947.412	8.000
3948.412	12.000
3949.412	15.000
3950.413	17.000
3951.413	6.000
3952.413	14.000
3953.413	9.000
3954.413	11.000
3955.413	13.000
3956.413	13.000
3957.413	19.000
3958.413	7.000
3959.413	8.000
3960.413	10.000
3961.413	8.000
3962.414	9.000
3963.414	18.000
3964.414	11.000
3965.414	13.000
3966.414	8.000
3967.414	4.000
3968.414	17.000
3969.414	10.000
3970.414	14.000
3971.414	7.000
3972.414	14.000
3973.414	11.000
3974.415	12.000
3975.415	10.000
3976.415	17.000
3977.415	13.000
3978.415	11.000
3979.415	7.000
3980.415	5.000
3981.415	8.000
3982.415	12.000
3983.415	15.000
3984.415	7.000
3985.415	9.000
3986.416	17.000
3987.416	7.000
3988.416	7.000
3989.416	10.000
3990.416	7.000
3991.416	10.000
3992.416	9.000
3993.416	4.000
3994.416	7.000
3995.416	13.000
3996.416	9.000
3997.416	11.000
3998.417	11.000
3999.417	8.000
4000.417	12.000
4001.417	10.000
4002.417	12.000
4003.417	12.000
4004.417	8.000
4005.417	5.000
4006.417	9.000
4007.417	10.000
4008.417	5.000
4009.417	14.000
4010.418	7.000
4011.418	14.000
4012.418	10.000
4013.418	14.000
4014.418	10.000
4015.418	6.000
4016.418	8.000
4017.418	9.000
4018.418	13.000
4019.418	7.000
4020.418	5.000
4021.418	7.000
4022.419	7.000
4023.419	4.000
4024.419	9.000
4025.419	9.000
4026.419	6.000
4027.419	8.000
4028.419	8.000
4029.419	10.000
4030.419	6.000
4031.419	4.000
4032.419	7.000
4033.419	7.000
4034.420	6.000
4035.420	6.000
4036.420	6.000
4037.420	7.000
4038.420	8.000
4039.420	5.000
4040.420	1.000
4041.420	4.000
4042.420	4.000
4043.420	4.000
4044.420	8.000
4045.420	17.000
4046.421	9.000
4047.421	5.000
4048.421	10.000
4049.421	6.000
4050.421	6.000
4051.421	4.000
4052.421	7.000
4053.421	6.000
4054.421	7.000
4055.421	4.000
4056.421	10.000
4057.421	7.000
4058.422	7.000
4059.422	4.000
4060.422	10.000
4061.422	8.000
4062.422	7.000
4063.422	7.000
4064.422	7.000
4065.422	7.000
4066.422	14.000
4067.422	6.000
4068.422	1.000
4069.422	4.000
4070.423	6.000
4071.423	6.000
4072.423	7.000
4073.423	5.000
4074.423	8.000
4075.423	8.000
4076.423	8.000
4077.423	9.000
4078.423	4.000
4079.423	7.000
4080.423	7.000
4081.423	7.000
4082.424	11.000
4083.424	5.000
4084.424	7.000
4085.424	10.000
4086.424	5.000
4087.424	3.000
4088.424	10.000
4089.424	4.000
4090.424	9.000
4091.424	11.000
4092.424	7.000
4093.424	8.000
4094.425	8.000
4095.425	9.000
4096.425	8.000
4097.425	8.000
4098.425	7.000
4099.425	5.000
4100.425	7.000
4101.425	4.000
4102.425	12.000
4103.425	9.000
4104.425	5.000
4105.425	4.000
4106.426	6.000
4107.426	8.000
4108.426	11.000
4109.426	3.000
4110.426	7.000
4111.426	7.000
4112.426	6.000
4113.426	4.000
4114.426	5.000
4115.426	8.000
4116.426	9.000
4117.426	5.000
4118.427	14.000
4119.427	3.000
4120.427	7.000
4121.427	5.000
4122.427	6.000
4123.427	3.000
4124.427	9.000
4125.427	12.000
4126.427	9.000
4127.427	8.000
4128.427	6.000
4129.427	8.000
4130.428	10.000
4131.428	9.000
4132.428	11.000
4133.428	6.000
4134.428	2.000
4135.428	7.000
4136.428	11.000
4137.428	10.000
4138.428	2.000
4139.428	5.000
4140.428	3.000
4141.428	5.000
4142.429	9.000
4143.429	9.000
4144.429	5.000
4145.429	2.000
4146.429	3.000
4147.429	6.000
4148.429	12.000
4149.429	4.000
4150.429	5.000
4151.429	7.000
4152.429	5.000
4153.429	5.000
4154.430	6.000
4155.430	8.000
4156.430	5.000
4157.430	2.000
4158.430	8.000
4159.430	7.000
4160.430	4.000
4161.430	8.000
4162.430	7.000
4163.430	3.000
4164.430	7.000
4165.430	7.000
4166.431	2.000
4167.431	7.000
4168.431	9.000
4169.431	6.000
4170.431	2.000
4171.431	8.000
4172.431	9.000
4173.431	5.000
4174.431	7.000
4175.431	5.000
4176.431	5.000
4177.431	7.000
4178.432	7.000
4179.432	4.000
4180.432	9.000
4181.432	3.000
4182.432	12.000
4183.432	7.000
4184.432	3.000
4185.432	3.000
4186.432	10.000
4187.432	12.000
4188.432	5.000
4189.432	4.000
4190.433	8.000
4191.433	5.000
4192.433	5.000
4193.433	7.000
4194.433	4.000
4195.433	5.000
4196.433	6.000
4197.433	6.000
4198.433	7.000
4199.433	7.000
4200.433	4.000
4201.433	10.000
4202.434	10.000
4203.434	6.000
4204.434	5.000
4205.434	6.000
4206.434	1.000
4207.434	13.000
4208.434	4.000
4209.434	5.000
4210.434	7.000
4211.434	0.000
4212.434	2.000
4213.434	9.000
4214.435	7.000
4215.435	6.000
4216.435	4.000
4217.435	6.000
4218.435	9.000
4219.435	8.000
4220.435	7.000
4221.435	5.000
4222.435	3.000
4223.435	9.000
4224.435	3.000
4225.435	4.000
4226.436	10.000
4227.436	4.000
4228.436	4.000
4229.436	7.000
4230.436	12.000
4231.436	9.000
4232.436	3.000
4233.436	9.000
4234.436	9.000
4235.436	7.000
4236.436	10.000
4237.436	7.000
4238.437	9.000
4239.437	5.000
4240.437	4.000
4241.437	6.000
4242.437	2.000
4243.437	5.000
4244.437	3.000
4245.437	7.000
4246.437	7.000
4247.437	13.000
4248.437	9.000
4249.437	5.000
4250.438	7.000
4251.438	2.000
4252.438	6.000
4253.438	7.000
4254.438	7.000
4255.438	5.000
4256.438	7.000
4257.438	5.000
4258.438	3.000
4259.438	5.000
4260.438	6.000
4261.438	4.000
4262.439	3.000
4263.439	6.000
4264.439	3.000
4265.439	6.000
4266.439	4.000
4267.439	10.000
4268.439	8.000
4269.439	8.000
4270.439	6.000
4271.439	4.000
4272.439	5.000
4273.439	8.000
4274.440	3.000
4275.440	5.000
4276.440	7.000
4277.440	5.000
4278.440	6.000
4279.440	5.000
4280.440	4.000
4281.440	12.000
4282.440	7.000
4283.440	10.000
4284.440	5.000
4285.440	7.000
4286.441	3.000
4287.441	6.000
4288.441	11.000
4289.441	7.000
4290.441	4.000
4291.441	8.000
4292.441	14.000
4293.441	5.000
4294.441	12.000
4295.441	1.000
4296.441	11.000
4297.441	6.000
4298.442	5.000
4299.442	8.000
4300.442	6.000
4301.442	5.000
4302.442	10.000
4303.442	4.000
4304.442	7.000
4305.442	12.000
4306.442	8.000
4307.442	6.000
4308.442	9.000
4309.442	7.000
4310.443	11.000
4311.443	6.000
4312.443	5.000
4313.443	5.000
4314.443	7.000
4315.443	5.000
4316.443	9.000
4317.443	5.000
4318.443	5.000
4319.443	4.000
4320.443	6.000
4321.443	1.000
4322.444	8.000
4323.444	5.000
4324.444	10.000
4325.444	8.000
4326.444	7.000
4327.444	5.000
4328.444	5.000
4329.444	7.000
4330.444	8.000
4331.444	3.000
4332.444	9.000
4333.444	8.000
4334.445	5.000
4335.445	4.000
4336.445	1.000
4337.445	9.000
4338.445	4.000
4339.445	7.000
4340.445	9.000
4341.445	4.000
4342.445	5.000
4343.445	5.000
4344.445	4.000
4345.445	8.000
4346.446	10.000
4347.446	8.000
4348.446	4.000
4349.446	6.000
4350.446	5.000
4351.446	4.000
4352.446	7.000
4353.446	8.000
4354.446	7.000
4355.446	3.000
4356.446	7.000
4357.446	5.000
4358.447	5.000
4359.447	11.000
4360.447	3.000
4361.447	7.000
4362.447	6.000
4363.447	4.000
4364.447	11.000
4365.447	6.000
4366.447	11.000
4367.447	14.000
4368.447	10.000
4369.447	3.000
4370.448	5.000
4371.448	6.000
4372.448	2.000
4373.448	5.000
4374.448	8.000
4375.448	5.000
4376.448	4.000
4377.448	2.000
4378.448	6.000
4379.448	9.000
4380.448	5.000
4381.448	6.000
4382.449	6.000
4383.449	6.000
4384.449	14.000
4385.449	8.000
4386.449	3.000
4387.449	6.000
4388.449	10.000
4389.449	11.000
4390.449	7.000
4391.449	7.000
4392.449	5.000
4393.449	5.000
4394.450	5.000
4395.450	8.000
4396.450	9.000
4397.450	4.000
4398.450	7.000
4399.450	4.000
4400.450	3.000
4401.450	4.000
4402.450	7.000
4403.450	4.000
4404.450	6.000
4405.450	9.000
4406.451	3.000
4407.451	3.000
4408.451	6.000
4409.451	9.000
4410.451	5.000
4411.451	5.000
4412.451	6.000
4413.451	13.000
4414.451	6.000
4415.451	8.000
4416.451	8.000
4417.451	5.000
4418.452	11.000
4419.452	10.000
4420.452	9.000
4421.452	7.000
4422.452	3.000
4423.452	9.000
4424.452	4.000
4425.452	5.000
4426.452	4.000
4427.452	2.000
4428.452	5.000
4429.452	14.000
4430.453	5.000
4431.453	9.000
4432.453	5.000
4433.453	10.000
4434.453	15.000
4435.453	3.000
4436.453	4.000
4437.453	12.000
4438.453	7.000
4439.453	7.000
4440.453	4.000
4441.453	9.000
4442.454	6.000
4443.454	8.000
4444.454	5.000
4445.454	11.000
4446.454	5.000
4447.454	12.000
4448.454	4.000
4449.454	7.000
4450.454	7.000
4451.454	6.000
4452.454	3.000
4453.454	5.000
4454.455	6.000
4455.455	7.000
4456.455	5.000
4457.455	4.000
4458.455	11.000
4459.455	5.000
4460.455	4.000
4461.455	7.000
4462.455	7.000
4463.455	7.000
4464.455	7.000
4465.455	11.000
4466.456	6.000
4467.456	4.000
4468.456	3.000
4469.456	5.000
4470.456	5.000
4471.456	8.000
4472.456	13.000
4473.456	5.000
4474.456	7.000
4475.456	5.000
4476.456	6.000
4477.456	6.000
4478.457	8.000
4479.457	5.000
4480.457	13.000
4481.457	8.000
4482.457	3.000
4483.457	4.000
4484.457	6.000
4485.457	10.000
4486.457	9.000
4487.457	14.000
4488.457	7.000
4489.457	9.000
4490.458	6.000
4491.458	6.000
4492.458	4.000
4493.458	7.000
4494.458	5.000
4495.458	13.000
4496.458	8.000
4497.458	6.000
4498.458	8.000
4499.458	11.000
4500.458	9.000
4501.458	2.000
4502.459	7.000
4503.459	6.000
4504.459	7.000
4505.459	8.000
4506.459	11.000
4507.459	5.000
4508.459	8.000
4509.459	8.000
4510.459	4.000
4511.459	8.000
4512.459	7.000
4513.459	6.000
4514.460	6.000
4515.460	5.000
4516.460	12.000
4517.460	9.000
4518.460	8.000
4519.460	6.000
4520.460	8.000
4521.460	10.000
4522.460	11.000
4523.460	12.000
4524.460	3.000
4525.460	3.000
4526.461	10.000
4527.461	9.000
4528.461	9.000
4529.461	7.000
4530.461	13.000
4531.461	6.000
4532.461	11.000
4533.461	4.000
4534.461	9.000
4535.461	8.000
4536.461	8.000
4537.461	6.000
4538.462	3.000
4539.462	3.000
4540.462	3.000
4541.462	6.000
4542.462	10.000
4543.462	7.000
4544.462	9.000
4545.462	11.000
4546.462	9.000
4547.462	9.000
4548.462	13.000
4549.462	9.000
4550.463	7.000
4551.463	6.000
4552.463	14.000
4553.463	10.000
4554.463	7.000
4555.463	7.000
4556.463	12.000
4557.463	7.000
4558.463	5.000
4559.463	6.000
4560.463	9.000
4561.463	5.000
4562.464	7.000
4563.464	3.000
4564.464	8.000
4565.464	1.000
4566.464	7.000
4567.464	9.000
4568.464	4.000
4569.464	6.000
4570.464	7.000
4571.464	4.000
4572.464	13.000
4573.464	9.000
4574.465	15.000
4575.465	5.000
4576.465	8.000
4577.465	5.000
4578.465	7.000
4579.465	10.000
4580.465	9.000
4581.465	8.000
4582.465	6.000
4583.465	7.000
4584.465	5.000
4585.465	6.000
4586.466	7.000
4587.466	6.000
4588.466	10.000
4589.466	12.000
4590.466	8.000
4591.466	8.000
4592.466	9.000
4593.466	5.000
4594.466	9.000
4595.466	14.000
4596.466	9.000
4597.466	8.000
4598.467	6.000
4599.467	8.000
4600.467	8.000
4601.467	6.000
4602.467	4.000
4603.467	8.000
4604.467	7.000
4605.467	11.000
4606.467	3.000
4607.467	6.000
4608.467	7.000
4609.467	9.000
4610.468	3.000
4611.468	8.000
4612.468	2.000
4613.468	7.000
4614.468	5.000
4615.468	9.000
4616.468	9.000
4617.468	10.000
4618.468	8.000
4619.468	9.000
4620.468	3.000
4621.468	8.000
4622.469	2.000
4623.469	9.000
4624.469	7.000
4625.469	8.000
4626.469	8.000
4627.469	10.000
4628.469	2.000
4629.469	8.000
4630.469	7.000
4631.469	13.000
4632.469	3.000
4633.469	9.000
4634.470	12.000
4635.470	6.000
4636.470	4.000
4637.470	11.000
4638.470	5.000
4639.470	13.000
4640.470	8.000
4641.470	9.000
4642.470	12.000
4643.470	9.000
4644.470	5.000
4645.470	7.000
4646.471	6.000
4647.471	15.000
4648.471	7.000
4649.471	5.000
4650.471	7.000
4651.471	9.000
4652.471	7.000
4653.471	7.000
4654.471	7.000
4655.471	8.000
4656.471	7.000
4657.471	6.000
4658.472	4.000
4659.472	5.000
4660.472	5.000
4661.472	8.000
4662.472	3.000
4663.472	14.000
4664.472	5.000
4665.472	8.000
4666.472	8.000
4667.472	7.000
4668.472	3.000
4669.472	6.000
4670.473	9.000
4671.473	3.000
4672.473	5.000
4673.473	3.000
4674.473	6.000
4675.473	7.000
4676.473	5.000
4677.473	4.000
4678.473	8.000
4679.473	9.000
4680.473	4.000
4681.473	9.000
4682.474	6.000
4683.474	8.000
4684.474	5.000
4685.474	9.000
4686.474	10.000
4687.474	4.000
4688.474	10.000
4689.474	5.000
4690.474	8.000
4691.474	7.000
4692.474	6.000
4693.474	6.000
4694.475	2.000
4695.475	4.000
4696.475	8.000
4697.475	5.000
4698.475	9.000
4699.475	3.000
4700.475	5.000
4701.475	5.000
4702.475	5.000
4703.475	7.000
4704.475	8.000
4705.475	8.000
4706.476	8.000
4707.476	4.000
4708.476	8.000
4709.476	6.000
4710.476	3.000
4711.476	10.000
4712.476	5.000
4713.476	6.000
4714.476	8.000
4715.476	1.000
4716.476	7.000
4717.476	6.000
4718.477	7.000
4719.477	1.000
4720.477	7.000
4721.477	4.000
4722.477	6.000
4723.477	7.000
4724.477	6.000
4725.477	8.000
4726.477	6.000
4727.477	6.000
4728.477	5.000
4729.477	9.000
4730.478	12.000
4731.478	8.000
4732.478	12.000
4733.478	5.000
4734.478	8.000
4735.478	4.000
4736.478	4.000
4737.478	5.000
4738.478	11.000
4739.478	7.000
4740.478	6.000
4741.478	6.000
4742.479	5.000
4743.479	10.000
4744.479	0.000
4745.479	12.000
4746.479	8.000
4747.479	7.000
4748.479	3.000
4749.479	6.000
4750.479	8.000
4751.479	8.000
4752.479	9.000
4753.479	6.000
4754.480	10.000
4755.480	3.000
4756.480	8.000
4757.480	6.000
4758.480	4.000
4759.480	4.000
4760.480	9.000
4761.480	6.000
4762.480	4.000
4763.480	4.000
4764.480	6.000
4765.480	7.000
4766.481	5.000
4767.481	8.000
4768.481	6.000
4769.481	8.000
4770.481	8.000
4771.481	4.000
4772.481	14.000
4773.481	6.000
4774.481	7.000
4775.481	11.000
4776.481	6.000
4777.481	7.000
4778.482	4.000
4779.482	7.000
4780.482	3.000
4781.482	9.000
4782.482	7.000
4783.482	8.000
4784.482	6.000
4785.482	11.000
4786.482	8.000
4787.482	0.000
4788.482	3.000
4789.482	3.000
4790.483	11.000
4791.483	6.000
4792.483	8.000
4793.483	8.000
4794.483	7.000
4795.483	6.000
4796.483	11.000
4797.483	7.000
4798.483	3.000
4799.483	6.000
4800.483	4.000
4801.483	1.000
4802.484	8.000
4803.484	5.000
4804.484	6.000
4805.484	12.000
4806.484	11.000
4807.484	8.000
4808.484	2.000
4809.484	3.000
4810.484	4.000
4811.484	9.000
4812.484	8.000
4813.484	8.000
4814.485	4.000
4815.485	5.000
4816.485	2.000
4817.485	3.000
4818.485	5.000
4819.485	8.000
4820.485	7.000
4821.485	11.000
4822.485	2.000
4823.485	3.000
4824.485	5.000
4825.485	3.000
4826.486	10.000
4827.486	3.000
4828.486	3.000
4829.486	4.000
4830.486	1.000
4831.486	1.000
4832.486	5.000
4833.486	6.000
4834.486	4.000
4835.486	5.000
4836.486	8.000
4837.486	0.000
4838.487	4.000
4839.487	5.000
4840.487	8.000
4841.487	12.000
4842.487	5.000
4843.487	7.000
4844.487	6.000
4845.487	4.000
4846.487	7.000
4847.487	11.000
4848.487	9.000
4849.487	5.000
4850.488	6.000
4851.488	5.000
4852.488	10.000
4853.488	7.000
4854.488	4.000
4855.488	7.000
4856.488	1.000
4857.488	2.000
4858.488	4.000
4859.488	6.000
4860.488	7.000
4861.488	10.000
4862.489	3.000
4863.489	4.000
4864.489	7.000
4865.489	5.000
4866.489	5.000
4867.489	8.000
4868.489	4.000
4869.489	9.000
4870.489	7.000
4871.489	4.000
4872.489	4.000
4873.489	7.000
4874.490	2.000
4875.490	4.000
4876.490	5.000
4877.490	7.000
4878.490	2.000
4879.490	5.000
4880.490	3.000
4881.490	2.000
4882.490	4.000
4883.490	7.000
4884.490	3.000
4885.490	2.000
4886.491	4.000
4887.491	3.000
4888.491	3.000
4889.491	7.000
4890.491	6.000
4891.491	4.000
4892.491	4.000
4893.491	5.000
4894.491	4.000
4895.491	8.000
4896.491	7.000
4897.491	4.000
4898.492	2.000
4899.492	8.000
4900.492	4.000
4901.492	5.000
4902.492	5.000
4903.492	7.000
4904.492	8.000
4905.492	3.000
4906.492	6.000
4907.492	3.000
4908.492	6.000
4909.492	2.000
4910.493	4.000
4911.493	7.000
4912.493	1.000
4913.493	7.000
4914.493	3.000
4915.493	4.000
4916.493	5.000
4917.493	5.000
4918.493	4.000
4919.493	0.000
4920.493	4.000
4921.493	3.000
4922.494	4.000
4923.494	4.000
4924.494	2.000
4925.494	5.000
4926.494	4.000
4927.494	5.000
4928.494	3.000
4929.494	8.000
4930.494	1.000
4931.494	4.000
4932.494	4.000
4933.494	3.000
4934.495	2.000
4935.495	3.000
4936.495	1.000
4937.495	7.000
4938.495	6.000
4939.495	2.000
4940.495	4.000
4941.495	4.000
4942.495	8.000
4943.495	4.000
4944.495	2.000
4945.495	0.000
4946.496	5.000
4947.496	4.000
4948.496	2.000
4949.496	4.000
4950.496	4.000
4951.496	3.000
4952.496	5.000
4953.496	2.000
4954.496	5.000
4955.496	6.000
4956.496	4.000
4957.496	2.000
4958.497	6.000
4959.497	4.000
4960.497	0.000
4961.497	2.000
4962.497	4.000
4963.497	6.000
4964.497	4.000
4965.497	3.000
4966.497	5.000
4967.497	1.000
4968.497	1.000
4969.497	1.000
4970.498	3.000
4971.498	2.000
4972.498	3.000
4973.498	3.000
4974.498	5.000
4975.498	4.000
4976.498	4.000
4977.498	2.000
4978.498	4.000
4979.498	4.000
4980.498	4.000
4981.498	0.000
4982.499	1.000
4983.499	8.000
4984.499	1.000
4985.499	2.000
4986.499	5.000
4987.499	5.000
4988.499	4.000
4989.499	3.000
4990.499	2.000
4991.499	5.000
4992.499	2.000
4993.499	2.000
4994.500	5.000
4995.500	5.000
4996.500	3.000
4997.500	4.000
4998.500	4.000
4999.500	3.000
