-1000.000	0.000
-999.000	0.000
-998.000	0.000
-997.000	0.000
-996.000	0.000
-994.999	0.000
-993.999	0.000
-992.999	0.000
-991.999	0.000
-990.999	0.000
-989.999	0.000
-988.999	0.000
-987.999	0.000
-986.999	0.000
-985.999	0.000
-984.998	0.000
-983.998	0.000
-982.998	0.000
-981.998	0.000
-980.998	0.000
-979.998	0.000
-978.998	0.000
-977.998	0.000
-976.998	0.000
-975.998	0.000
-974.997	0.000
-973.997	0.000
-972.997	0.000
-971.997	0.000
-970.997	0.000
-969.997	0.000
-968.997	0.000
-967.997	0.000
-966.997	0.000
-965.997	0.000
-964.996	0.000
-963.996	0.000
-962.996	0.000
-961.996	0.000
-960.996	0.000
-959.996	0.000
-958.996	0.000
-957.996	0.000
-956.996	0.000
-955.996	0.000
-954.995	0.000
-953.995	0.000
-952.995	0.000
-951.995	0.000
-950.995	0.000
-949.995	0.000
-948.995	0.000
-947.995	0.000
-946.995	0.000
-945.995	0.000
-944.994	0.000
-943.994	0.000
-942.994	0.000
-941.994	0.000
-940.994	0.000
-939.994	0.000
-938.994	0.000
-937.994	0.000
-936.994	0.000
-935.994	0.000
-934.993	0.000
-933.993	0.000
-932.993	0.000
-931.993	0.000
-930.993	0.000
-929.993	0.000
-928.993	0.000
-927.993	0.000
-926.993	0.000
-925.993	0.000
-924.992	0.000
-923.992	0.000
-922.992	0.000
-921.992	0.000
-920.992	0.000
-919.992	0.000
-918.992	0.000
-917.992	0.000
-916.992	0.000
-915.992	0.000
-914.991	0.000
-913.991	0.000
-912.991	0.000
-911.991	0.000
-910.991	0.000
-909.991	0.000
-908.991	0.000
-907.991	0.000
-906.991	0.000
-905.991	0.000
-904.990	0.000
-903.990	0.000
-902.990	0.000
-901.990	0.000
-900.990	0.000
-899.990	0.000
-898.990	0.000
-897.990	0.000
-896.990	0.000
-895.990	0.000
-894.989	0.000
-893.989	0.000
-892.989	0.000
-891.989	0.000
-890.989	0.000
-889.989	0.000
-888.989	0.000
-887.989	0.000
-886.989	0.000
-885.989	0.000
-884.988	0.000
-883.988	0.000
-882.988	0.000
-881.988	0.000
-880.988	0.000
-879.988	0.000
-878.988	0.000
-877.988	0.000
-876.988	0.000
-875.988	0.000
-874.987	0.000
-873.987	0.000
-872.987	0.000
-871.987	0.000
-870.987	0.000
-869.987	0.000
-868.987	0.000
-867.987	0.000
-866.987	0.000
-865.987	0.000
-864.986	0.000
-863.986	0.000
-862.986	0.000
-861.986	0.000
-860.986	0.000
-859.986	0.000
-858.986	0.000
-857.986	0.000
-856.986	0.000
-855.986	0.000
-854.985	0.000
-853.985	0.000
-852.985	0.000
-851.985	0.000
-850.985	0.000
-849.985	0.000
-848.985	0.000
-847.985	0.000
-846.985	0.000
-845.985	0.000
-844.984	0.000
-843.984	0.000
-842.984	0.000
-841.984	0.000
-840.984	0.000
-839.984	0.000
-838.984	0.000
-837.984	0.000
-836.984	0.000
-835.984	0.000
-834.983	0.000
-833.983	0.000
-832.983	0.000
-831.983	0.000
-830.983	0.000
-829.983	0.000
-828.983	0.000
-827.983	0.000
-826.983	0.000
-825.983	0.000
-824.982	0.000
-823.982	0.000
-822.982	0.000
-821.982	0.000
-820.982	0.000
-819.982	0.000
-818.982	0.000
-817.982	0.000
-816.982	0.000
-815.982	0.000
-814.981	0.000
-813.981	0.000
-812.981	0.000
-811.981	0.000
-810.981	0.000
-809.981	0.000
-808.981	0.000
-807.981	0.000
-806.981	0.000
-805.981	0.000
-804.980	0.000
-803.980	0.000
-802.980	0.000
-801.980	0.000
-800.980	0.000
-799.980	0.000
-798.980	0.000
-797.980	0.000
-796.980	0.000
-795.980	0.000
-794.979	0.000
-793.979	0.000
-792.979	0.000
-791.979	0.000
-790.979	0.000
-789.979	0.000
-788.979	0.000
-787.979	0.000
-786.979	0.000
-785.979	0.000
-784.978	0.000
-783.978	0.000
-782.978	0.000
-781.978	0.000
-780.978	0.000
-779.978	0.000
-778.978	0.000
-777.978	0.000
-776.978	0.000
-775.978	0.000
-774.977	0.000
-773.977	0.000
-772.977	0.000
-771.977	0.000
-770.977	0.000
-769.977	0.000
-768.977	0.000
-767.977	0.000
-766.977	0.000
-765.977	0.000
-764.976	0.000
-763.976	0.000
-762.976	0.000
-761.976	0.000
-760.976	0.000
-759.976	0.000
-758.976	0.000
-757.976	0.000
-756.976	0.000
-755.976	0.000
-754.975	0.000
-753.975	0.000
-752.975	0.000
-751.975	0.000
-750.975	0.000
-749.975	0.000
-748.975	0.000
-747.975	0.000
-746.975	0.000
-745.975	0.000
-744.974	0.000
-743.974	0.000
-742.974	0.000
-741.974	0.000
-740.974	0.000
-739.974	0.000
-738.974	0.000
-737.974	0.000
-736.974	0.000
-735.974	0.000
-734.973	0.000
-733.973	0.000
-732.973	0.000
-731.973	0.000
-730.973	0.000
-729.973	0.000
-728.973	0.000
-727.973	0.000
-726.973	0.000
-725.973	0.000
-724.972	0.000
-723.972	0.000
-722.972	0.000
-721.972	0.000
-720.972	0.000
-719.972	0.000
-718.972	0.000
-717.972	0.000
-716.972	0.000
-715.972	0.000
-714.971	0.000
-713.971	0.000
-712.971	0.000
-711.971	0.000
-710.971	0.000
-709.971	0.000
-708.971	0.000
-707.971	0.000
-706.971	0.000
-705.971	0.000
-704.970	0.000
-703.970	0.000
-702.970	0.000
-701.970	0.000
-700.970	0.000
-699.970	0.000
-698.970	0.000
-697.970	0.000
-696.970	0.000
-695.970	0.000
-694.969	0.000
-693.969	0.000
-692.969	0.000
-691.969	0.000
-690.969	0.000
-689.969	0.000
-688.969	0.000
-687.969	0.000
-686.969	0.000
-685.969	0.000
-684.968	0.000
-683.968	0.000
-682.968	0.000
-681.968	0.000
-680.968	0.000
-679.968	0.000
-678.968	0.000
-677.968	0.000
-676.968	0.000
-675.968	0.000
-674.967	0.000
-673.967	0.000
-672.967	0.000
-671.967	0.000
-670.967	0.000
-669.967	0.000
-668.967	0.000
-667.967	0.000
-666.967	0.000
-665.967	0.000
-664.966	0.000
-663.966	0.000
-662.966	0.000
-661.966	0.000
-660.966	0.000
-659.966	0.000
-658.966	0.000
-657.966	0.000
-656.966	0.000
-655.966	0.000
-654.965	0.000
-653.965	0.000
-652.965	0.000
-651.965	0.000
-650.965	0.000
-649.965	0.000
-648.965	0.000
-647.965	0.000
-646.965	0.000
-645.965	0.000
-644.964	0.000
-643.964	0.000
-642.964	0.000
-641.964	0.000
-640.964	0.000
-639.964	0.000
-638.964	0.000
-637.964	0.000
-636.964	0.000
-635.964	0.000
-634.963	0.000
-633.963	0.000
-632.963	0.000
-631.963	0.000
-630.963	0.000
-629.963	0.000
-628.963	0.000
-627.963	0.000
-626.963	0.000
-625.963	0.000
-624.962	0.000
-623.962	0.000
-622.962	0.000
-621.962	0.000
-620.962	0.000
-619.962	0.000
-618.962	0.000
-617.962	0.000
-616.962	0.000
-615.962	0.000
-614.961	0.000
-613.961	0.000
-612.961	0.000
-611.961	0.000
-610.961	0.000
-609.961	0.000
-608.961	0.000
-607.961	0.000
-606.961	0.000
-605.961	0.000
-604.960	0.000
-603.960	0.000
-602.960	0.000
-601.960	0.000
-600.960	0.000
-599.960	0.000
-598.960	0.000
-597.960	0.000
-596.960	0.000
-595.960	0.000
-594.959	0.000
-593.959	0.000
-592.959	0.000
-591.959	0.000
-590.959	0.000
-589.959	0.000
-588.959	0.000
-587.959	0.000
-586.959	0.000
-585.959	0.000
-584.958	0.000
-583.958	0.000
-582.958	0.000
-581.958	0.000
-580.958	0.000
-579.958	0.000
-578.958	0.000
-577.958	0.000
-576.958	0.000
-575.958	0.000
-574.957	0.000
-573.957	0.000
-572.957	0.000
-571.957	0.000
-570.957	0.000
-569.957	0.000
-568.957	0.000
-567.957	0.000
-566.957	0.000
-565.957	0.000
-564.956	0.000
-563.956	0.000
-562.956	0.000
-561.956	0.000
-560.956	0.000
-559.956	0.000
-558.956	0.000
-557.956	0.000
-556.956	0.000
-555.956	0.000
-554.955	0.000
-553.955	0.000
-552.955	0.000
-551.955	0.000
-550.955	0.000
-549.955	0.000
-548.955	0.000
-547.955	0.000
-546.955	0.000
-545.955	0.000
-544.954	0.000
-543.954	0.000
-542.954	0.000
-541.954	0.000
-540.954	0.000
-539.954	0.000
-538.954	0.000
-537.954	0.000
-536.954	0.000
-535.954	0.000
-534.953	0.000
-533.953	0.000
-532.953	0.000
-531.953	0.000
-530.953	0.000
-529.953	0.000
-528.953	0.000
-527.953	0.000
-526.953	0.000
-525.953	0.000
-524.952	0.000
-523.952	0.000
-522.952	0.000
-521.952	0.000
-520.952	0.000
-519.952	0.000
-518.952	0.000
-517.952	0.000
-516.952	0.000
-515.952	0.000
-514.951	0.000
-513.951	0.000
-512.951	0.000
-511.951	0.000
-510.951	0.000
-509.951	0.000
-508.951	0.000
-507.951	0.000
-506.951	0.000
-505.951	0.000
-504.950	0.000
-503.950	0.000
-502.950	0.000
-501.950	0.000
-500.950	0.000
-499.950	0.000
-498.950	0.000
-497.950	0.000
-496.950	0.000
-495.950	0.000
-494.949	0.000
-493.949	0.000
-492.949	0.000
-491.949	0.000
-490.949	0.000
-489.949	0.000
-488.949	0.000
-487.949	0.000
-486.949	0.000
-485.949	0.000
-484.948	0.000
-483.948	0.000
-482.948	0.000
-481.948	0.000
-480.948	0.000
-479.948	0.000
-478.948	0.000
-477.948	0.000
-476.948	0.000
-475.948	0.000
-474.947	0.000
-473.947	0.000
-472.947	0.000
-471.947	0.000
-470.947	0.000
-469.947	0.000
-468.947	0.000
-467.947	0.000
-466.947	0.000
-465.947	0.000
-464.946	0.000
-463.946	0.000
-462.946	0.000
-461.946	0.000
-460.946	0.000
-459.946	0.000
-458.946	0.000
-457.946	0.000
-456.946	0.000
-455.946	0.000
-454.945	0.000
-453.945	0.000
-452.945	0.000
-451.945	0.000
-450.945	0.000
-449.945	0.000
-448.945	0.000
-447.945	0.000
-446.945	0.000
-445.945	0.000
-444.944	0.000
-443.944	0.000
-442.944	0.000
-441.944	0.000
-440.944	0.000
-439.944	0.000
-438.944	0.000
-437.944	0.000
-436.944	0.000
-435.944	0.000
-434.943	0.000
-433.943	0.000
-432.943	0.000
-431.943	0.000
-430.943	0.000
-429.943	0.000
-428.943	0.000
-427.943	0.000
-426.943	0.000
-425.943	0.000
-424.942	0.000
-423.942	0.000
-422.942	0.000
-421.942	0.000
-420.942	0.000
-419.942	0.000
-418.942	0.000
-417.942	0.000
-416.942	0.000
-415.942	0.000
-414.941	0.000
-413.941	0.000
-412.941	0.000
-411.941	0.000
-410.941	0.000
-409.941	0.000
-408.941	0.000
-407.941	0.000
-406.941	0.000
-405.941	0.000
-404.940	0.000
-403.940	0.000
-402.940	0.000
-401.940	0.000
-400.940	0.000
-399.940	0.000
-398.940	0.000
-397.940	0.000
-396.940	0.000
-395.940	0.000
-394.939	0.000
-393.939	0.000
-392.939	0.000
-391.939	0.000
-390.939	0.000
-389.939	0.000
-388.939	0.000
-387.939	0.000
-386.939	0.000
-385.939	0.000
-384.938	0.000
-383.938	0.000
-382.938	0.000
-381.938	0.000
-380.938	0.000
-379.938	0.000
-378.938	0.000
-377.938	0.000
-376.938	0.000
-375.938	0.000
-374.937	0.000
-373.937	0.000
-372.937	0.000
-371.937	0.000
-370.937	0.000
-369.937	0.000
-368.937	0.000
-367.937	0.000
-366.937	0.000
-365.937	0.000
-364.936	0.000
-363.936	0.000
-362.936	0.000
-361.936	0.000
-360.936	0.000
-359.936	0.000
-358.936	0.000
-357.936	0.000
-356.936	0.000
-355.936	0.000
-354.935	0.000
-353.935	0.000
-352.935	0.000
-351.935	0.000
-350.935	0.000
-349.935	0.000
-348.935	0.000
-347.935	0.000
-346.935	0.000
-345.935	0.000
-344.934	0.000
-343.934	0.000
-342.934	0.000
-341.934	0.000
-340.934	0.000
-339.934	0.000
-338.934	0.000
-337.934	0.000
-336.934	0.000
-335.934	0.000
-334.933	0.000
-333.933	0.000
-332.933	0.000
-331.933	0.000
-330.933	0.000
-329.933	0.000
-328.933	0.000
-327.933	0.000
-326.933	0.000
-325.933	0.000
-324.932	0.000
-323.932	0.000
-322.932	0.000
-321.932	0.000
-320.932	0.000
-319.932	0.000
-318.932	0.000
-317.932	0.000
-316.932	0.000
-315.932	0.000
-314.931	0.000
-313.931	0.000
-312.931	0.000
-311.931	0.000
-310.931	0.000
-309.931	0.000
-308.931	0.000
-307.931	0.000
-306.931	0.000
-305.931	0.000
-304.930	0.000
-303.930	0.000
-302.930	0.000
-301.930	0.000
-300.930	0.000
-299.930	0.000
-298.930	0.000
-297.930	0.000
-296.930	0.000
-295.930	0.000
-294.929	0.000
-293.929	0.000
-292.929	0.000
-291.929	0.000
-290.929	0.000
-289.929	0.000
-288.929	0.000
-287.929	0.000
-286.929	0.000
-285.929	0.000
-284.928	0.000
-283.928	0.000
-282.928	0.000
-281.928	0.000
-280.928	0.000
-279.928	0.000
-278.928	0.000
-277.928	0.000
-276.928	0.000
-275.928	0.000
-274.927	0.000
-273.927	0.000
-272.927	0.000
-271.927	0.000
-270.927	0.000
-269.927	0.000
-268.927	0.000
-267.927	0.000
-266.927	0.000
-265.927	0.000
-264.926	0.000
-263.926	0.000
-262.926	0.000
-261.926	0.000
-260.926	0.000
-259.926	0.000
-258.926	0.000
-257.926	0.000
-256.926	0.000
-255.926	0.000
-254.925	0.000
-253.925	0.000
-252.925	0.000
-251.925	0.000
-250.925	0.000
-249.925	0.000
-248.925	0.000
-247.925	0.000
-246.925	0.000
-245.925	0.000
-244.924	0.000
-243.924	0.000
-242.924	0.000
-241.924	0.000
-240.924	0.000
-239.924	0.000
-238.924	0.000
-237.924	0.000
-236.924	0.000
-235.924	0.000
-234.923	0.000
-233.923	0.000
-232.923	0.000
-231.923	0.000
-230.923	0.000
-229.923	0.000
-228.923	0.000
-227.923	0.000
-226.923	0.000
-225.923	0.000
-224.922	0.000
-223.922	0.000
-222.922	0.000
-221.922	0.000
-220.922	0.000
-219.922	0.000
-218.922	0.000
-217.922	0.000
-216.922	0.000
-215.922	0.000
-214.921	0.000
-213.921	0.000
-212.921	0.000
-211.921	0.000
-210.921	0.000
-209.921	0.000
-208.921	0.000
-207.921	0.000
-206.921	0.000
-205.921	0.000
-204.920	0.000
-203.920	0.000
-202.920	0.000
-201.920	0.000
-200.920	0.000
-199.920	0.000
-198.920	0.000
-197.920	0.000
-196.920	0.000
-195.920	0.000
-194.919	0.000
-193.919	0.000
-192.919	0.000
-191.919	0.000
-190.919	0.000
-189.919	0.000
-188.919	0.000
-187.919	0.000
-186.919	0.000
-185.919	0.000
-184.918	0.000
-183.918	0.000
-182.918	0.000
-181.918	0.000
-180.918	0.000
-179.918	0.000
-178.918	0.000
-177.918	0.000
-176.918	0.000
-175.918	0.000
-174.917	0.000
-173.917	0.000
-172.917	0.000
-171.917	0.000
-170.917	0.000
-169.917	0.000
-168.917	0.000
-167.917	0.000
-166.917	0.000
-165.917	0.000
-164.916	0.000
-163.916	0.000
-162.916	0.000
-161.916	0.000
-160.916	2.000
-159.916	0.000
-158.916	0.000
-157.916	0.000
-156.916	0.000
-155.916	0.000
-154.915	0.000
-153.915	1.000
-152.915	0.000
-151.915	0.000
-150.915	0.000
-149.915	1.000
-148.915	0.000
-147.915	1.000
-146.915	0.000
-145.915	1.000
-144.914	1.000
-143.914	2.000
-142.914	1.000
-141.914	1.000
-140.914	0.000
-139.914	1.000
-138.914	1.000
-137.914	0.000
-136.914	4.000
-135.914	1.000
-134.913	2.000
-133.913	0.000
-132.913	3.000
-131.913	2.000
-130.913	2.000
-129.913	3.000
-128.913	3.000
-127.913	2.000
-126.913	1.000
-125.913	4.000
-124.912	3.000
-123.912	1.000
-122.912	4.000
-121.912	0.000
-120.912	4.000
-119.912	2.000
-118.912	4.000
-117.912	2.000
-116.912	2.000
-115.912	4.000
-114.911	6.000
-113.911	5.000
-112.911	9.000
-111.911	2.000
-110.911	5.000
-109.911	6.000
-108.911	5.000
-107.911	9.000
-106.911	7.000
-105.911	5.000
-104.910	8.000
-103.910	13.000
-102.910	12.000
-101.910	12.000
-100.910	9.000
-99.910	10.000
-98.910	7.000
-97.910	11.000
-96.910	12.000
-95.910	17.000
-94.909	17.000
-93.909	10.000
-92.909	18.000
-91.909	19.000
-90.909	27.000
-89.909	20.000
-88.909	27.000
-87.909	20.000
-86.909	20.000
-85.909	25.000
-84.908	27.000
-83.908	25.000
-82.908	33.000
-81.908	21.000
-80.908	25.000
-79.908	34.000
-78.908	27.000
-77.908	25.000
-76.908	37.000
-75.908	33.000
-74.907	45.000
-73.907	46.000
-72.907	47.000
-71.907	44.000
-70.907	30.000
-69.907	45.000
-68.907	42.000
-67.907	49.000
-66.907	50.000
-65.907	50.000
-64.906	53.000
-63.906	67.000
-62.906	64.000
-61.906	66.000
-60.906	66.000
-59.906	67.000
-58.906	79.000
-57.906	76.000
-56.906	70.000
-55.906	70.000
-54.905	82.000
-53.905	92.000
-52.905	72.000
-51.905	101.000
-50.905	92.000
-49.905	105.000
-48.905	83.000
-47.905	89.000
-46.905	114.000
-45.905	106.000
-44.904	100.000
-43.904	108.000
-42.904	105.000
-41.904	116.000
-40.904	124.000
-39.904	129.000
-38.904	129.000
-37.904	124.000
-36.904	127.000
-35.904	159.000
-34.903	132.000
-33.903	156.000
-32.903	159.000
-31.903	153.000
-30.903	145.000
-29.903	165.000
-28.903	161.000
-27.903	135.000
-26.903	168.000
-25.903	175.000
-24.902	167.000
-23.902	156.000
-22.902	165.000
-21.902	152.000
-20.902	159.000
-19.902	213.000
-18.902	163.000
-17.902	194.000
-16.902	190.000
-15.902	172.000
-14.901	192.000
-13.901	203.000
-12.901	199.000
-11.901	196.000
-10.901	182.000
-9.901	188.000
-8.901	209.000
-7.901	228.000
-6.901	215.000
-5.901	229.000
-4.900	186.000
-3.900	190.000
-2.900	214.000
-1.900	209.000
-0.900	205.000
0.100	221.000
1.100	219.000
2.100	193.000
3.100	196.000
4.100	204.000
5.101	202.000
6.101	247.000
7.101	231.000
8.101	203.000
9.101	224.000
10.101	201.000
11.101	229.000
12.101	193.000
13.101	194.000
14.101	211.000
15.102	215.000
16.102	215.000
17.102	216.000
18.102	185.000
19.102	206.000
20.102	202.000
21.102	206.000
22.102	199.000
23.102	191.000
24.102	201.000
25.103	178.000
26.103	171.000
27.103	164.000
28.103	192.000
29.103	186.000
30.103	173.000
31.103	177.000
32.103	167.000
33.103	175.000
34.103	165.000
35.104	182.000
36.104	150.000
37.104	144.000
38.104	182.000
39.104	152.000
40.104	170.000
41.104	165.000
42.104	151.000
43.104	146.000
44.104	117.000
45.105	147.000
46.105	130.000
47.105	141.000
48.105	118.000
49.105	135.000
50.105	106.000
51.105	132.000
52.105	131.000
53.105	117.000
54.105	116.000
55.106	113.000
56.106	114.000
57.106	120.000
58.106	81.000
59.106	95.000
60.106	81.000
61.106	100.000
62.106	79.000
63.106	88.000
64.106	85.000
65.107	88.000
66.107	60.000
67.107	77.000
68.107	76.000
69.107	68.000
70.107	72.000
71.107	93.000
72.107	64.000
73.107	62.000
74.107	63.000
75.108	62.000
76.108	68.000
77.108	62.000
78.108	51.000
79.108	52.000
80.108	66.000
81.108	60.000
82.108	49.000
83.108	50.000
84.108	45.000
85.109	42.000
86.109	45.000
87.109	29.000
88.109	31.000
89.109	32.000
90.109	32.000
91.109	29.000
92.109	22.000
93.109	37.000
94.109	26.000
95.110	33.000
96.110	26.000
97.110	32.000
98.110	29.000
99.110	32.000
100.110	24.000
101.110	29.000
102.110	24.000
103.110	22.000
104.110	13.000
105.111	14.000
106.111	14.000
107.111	12.000
108.111	11.000
109.111	11.000
110.111	13.000
111.111	13.000
112.111	7.000
113.111	13.000
114.111	11.000
115.112	12.000
116.112	7.000
117.112	11.000
118.112	13.000
119.112	7.000
120.112	8.000
121.112	5.000
122.112	6.000
123.112	7.000
124.112	6.000
125.113	6.000
126.113	3.000
127.113	2.000
128.113	5.000
129.113	5.000
130.113	2.000
131.113	5.000
132.113	2.000
133.113	4.000
134.113	5.000
135.114	4.000
136.114	1.000
137.114	3.000
138.114	3.000
139.114	3.000
140.114	1.000
141.114	4.000
142.114	2.000
143.114	1.000
144.114	2.000
145.115	2.000
146.115	3.000
147.115	2.000
148.115	1.000
149.115	1.000
150.115	2.000
151.115	4.000
152.115	3.000
153.115	2.000
154.115	2.000
155.116	3.000
156.116	1.000
157.116	1.000
158.116	1.000
159.116	0.000
160.116	0.000
161.116	0.000
162.116	2.000
163.116	0.000
164.116	0.000
165.117	0.000
166.117	0.000
167.117	0.000
168.117	0.000
169.117	0.000
170.117	3.000
171.117	1.000
172.117	0.000
173.117	0.000
174.117	0.000
175.118	0.000
176.118	0.000
177.118	1.000
178.118	0.000
179.118	0.000
180.118	1.000
181.118	1.000
182.118	0.000
183.118	1.000
184.118	1.000
185.119	0.000
186.119	1.000
187.119	0.000
188.119	0.000
189.119	0.000
190.119	0.000
191.119	0.000
192.119	1.000
193.119	0.000
194.119	3.000
195.120	2.000
196.120	0.000
197.120	0.000
198.120	0.000
199.120	1.000
200.120	0.000
201.120	0.000
202.120	1.000
203.120	1.000
204.120	0.000
205.121	0.000
206.121	0.000
207.121	0.000
208.121	0.000
209.121	1.000
210.121	0.000
211.121	0.000
212.121	0.000
213.121	0.000
214.121	0.000
215.122	0.000
216.122	1.000
217.122	0.000
218.122	0.000
219.122	1.000
220.122	0.000
221.122	0.000
222.122	1.000
223.122	0.000
224.122	0.000
225.123	1.000
226.123	1.000
227.123	0.000
228.123	1.000
229.123	1.000
230.123	0.000
231.123	0.000
232.123	1.000
233.123	0.000
234.123	0.000
235.124	0.000
236.124	1.000
237.124	1.000
238.124	0.000
239.124	1.000
240.124	0.000
241.124	1.000
242.124	0.000
243.124	0.000
244.124	0.000
245.125	1.000
246.125	0.000
247.125	0.000
248.125	1.000
249.125	0.000
250.125	0.000
251.125	1.000
252.125	1.000
253.125	0.000
254.125	1.000
255.126	0.000
256.126	0.000
257.126	1.000
258.126	0.000
259.126	0.000
260.126	0.000
261.126	1.000
262.126	0.000
263.126	0.000
264.126	0.000
265.127	2.000
266.127	0.000
267.127	1.000
268.127	0.000
269.127	0.000
270.127	0.000
271.127	1.000
272.127	0.000
273.127	0.000
274.127	2.000
275.128	0.000
276.128	2.000
277.128	0.000
278.128	1.000
279.128	1.000
280.128	1.000
281.128	0.000
282.128	1.000
283.128	0.000
284.128	0.000
285.129	2.000
286.129	0.000
287.129	0.000
288.129	0.000
289.129	1.000
290.129	0.000
291.129	0.000
292.129	0.000
293.129	0.000
294.129	1.000
295.130	0.000
296.130	0.000
297.130	1.000
298.130	2.000
299.130	1.000
300.130	0.000
301.130	0.000
302.130	0.000
303.130	2.000
304.130	0.000
305.131	0.000
306.131	0.000
307.131	1.000
308.131	0.000
309.131	0.000
310.131	0.000
311.131	0.000
312.131	0.000
313.131	0.000
314.131	0.000
315.132	1.000
316.132	1.000
317.132	1.000
318.132	0.000
319.132	0.000
320.132	0.000
321.132	0.000
322.132	0.000
323.132	0.000
324.132	0.000
325.133	0.000
326.133	0.000
327.133	0.000
328.133	0.000
329.133	0.000
330.133	0.000
331.133	0.000
332.133	0.000
333.133	1.000
334.133	1.000
335.134	0.000
336.134	0.000
337.134	2.000
338.134	0.000
339.134	0.000
340.134	0.000
341.134	0.000
342.134	0.000
343.134	1.000
344.134	0.000
345.135	0.000
346.135	0.000
347.135	0.000
348.135	0.000
349.135	0.000
350.135	1.000
351.135	0.000
352.135	0.000
353.135	0.000
354.135	0.000
355.136	0.000
356.136	0.000
357.136	1.000
358.136	0.000
359.136	0.000
360.136	1.000
361.136	1.000
362.136	0.000
363.136	0.000
364.136	1.000
365.137	0.000
366.137	1.000
367.137	0.000
368.137	0.000
369.137	2.000
370.137	1.000
371.137	0.000
372.137	0.000
373.137	0.000
374.137	0.000
375.138	1.000
376.138	0.000
377.138	0.000
378.138	1.000
379.138	1.000
380.138	1.000
381.138	1.000
382.138	0.000
383.138	0.000
384.138	0.000
385.139	0.000
386.139	0.000
387.139	1.000
388.139	1.000
389.139	0.000
390.139	0.000
391.139	0.000
392.139	0.000
393.139	0.000
394.139	0.000
395.140	1.000
396.140	1.000
397.140	1.000
398.140	2.000
399.140	0.000
400.140	0.000
401.140	0.000
402.140	0.000
403.140	0.000
404.140	1.000
405.141	0.000
406.141	0.000
407.141	0.000
408.141	1.000
409.141	0.000
410.141	1.000
411.141	1.000
412.141	0.000
413.141	0.000
414.141	0.000
415.142	0.000
416.142	0.000
417.142	2.000
418.142	2.000
419.142	0.000
420.142	0.000
421.142	1.000
422.142	1.000
423.142	1.000
424.142	0.000
425.143	0.000
426.143	2.000
427.143	0.000
428.143	0.000
429.143	0.000
430.143	0.000
431.143	1.000
432.143	0.000
433.143	1.000
434.143	0.000
435.144	0.000
436.144	0.000
437.144	0.000
438.144	0.000
439.144	0.000
440.144	0.000
441.144	1.000
442.144	0.000
443.144	0.000
444.144	1.000
445.145	0.000
446.145	0.000
447.145	1.000
448.145	2.000
449.145	2.000
450.145	1.000
451.145	0.000
452.145	2.000
453.145	1.000
454.145	0.000
455.146	1.000
456.146	1.000
457.146	1.000
458.146	0.000
459.146	0.000
460.146	2.000
461.146	1.000
462.146	1.000
463.146	0.000
464.146	1.000
465.147	3.000
466.147	0.000
467.147	0.000
468.147	0.000
469.147	1.000
470.147	0.000
471.147	1.000
472.147	0.000
473.147	0.000
474.147	1.000
475.148	1.000
476.148	0.000
477.148	2.000
478.148	0.000
479.148	0.000
480.148	0.000
481.148	3.000
482.148	1.000
483.148	2.000
484.148	0.000
485.149	1.000
486.149	1.000
487.149	0.000
488.149	0.000
489.149	0.000
490.149	1.000
491.149	0.000
492.149	0.000
493.149	1.000
494.149	0.000
495.150	1.000
496.150	0.000
497.150	0.000
498.150	1.000
499.150	0.000
500.150	0.000
501.150	0.000
502.150	0.000
503.150	1.000
504.150	1.000
505.151	0.000
506.151	0.000
507.151	0.000
508.151	0.000
509.151	1.000
510.151	0.000
511.151	0.000
512.151	0.000
513.151	1.000
514.151	0.000
515.152	0.000
516.152	0.000
517.152	0.000
518.152	0.000
519.152	0.000
520.152	0.000
521.152	0.000
522.152	0.000
523.152	0.000
524.152	1.000
525.153	1.000
526.153	2.000
527.153	0.000
528.153	1.000
529.153	0.000
530.153	0.000
531.153	1.000
532.153	1.000
533.153	0.000
534.153	0.000
535.154	0.000
536.154	0.000
537.154	1.000
538.154	1.000
539.154	0.000
540.154	2.000
541.154	1.000
542.154	1.000
543.154	0.000
544.154	1.000
545.155	1.000
546.155	0.000
547.155	0.000
548.155	0.000
549.155	0.000
550.155	0.000
551.155	1.000
552.155	0.000
553.155	1.000
554.155	1.000
555.156	1.000
556.156	0.000
557.156	0.000
558.156	2.000
559.156	0.000
560.156	1.000
561.156	0.000
562.156	0.000
563.156	0.000
564.156	1.000
565.157	0.000
566.157	1.000
567.157	0.000
568.157	4.000
569.157	1.000
570.157	1.000
571.157	0.000
572.157	0.000
573.157	1.000
574.157	1.000
575.158	0.000
576.158	0.000
577.158	1.000
578.158	0.000
579.158	0.000
580.158	0.000
581.158	0.000
582.158	0.000
583.158	0.000
584.158	0.000
585.159	1.000
586.159	0.000
587.159	1.000
588.159	0.000
589.159	0.000
590.159	2.000
591.159	1.000
592.159	0.000
593.159	0.000
594.159	0.000
595.160	1.000
596.160	0.000
597.160	0.000
598.160	1.000
599.160	0.000
600.160	0.000
601.160	0.000
602.160	0.000
603.160	0.000
604.160	1.000
605.161	1.000
606.161	0.000
607.161	0.000
608.161	0.000
609.161	1.000
610.161	1.000
611.161	1.000
612.161	0.000
613.161	0.000
614.161	0.000
615.162	2.000
616.162	0.000
617.162	1.000
618.162	0.000
619.162	0.000
620.162	1.000
621.162	0.000
622.162	0.000
623.162	1.000
624.162	1.000
625.163	0.000
626.163	0.000
627.163	2.000
628.163	0.000
629.163	1.000
630.163	1.000
631.163	2.000
632.163	0.000
633.163	3.000
634.163	1.000
635.164	0.000
636.164	0.000
637.164	1.000
638.164	1.000
639.164	1.000
640.164	0.000
641.164	2.000
642.164	0.000
643.164	0.000
644.164	2.000
645.165	1.000
646.165	1.000
647.165	1.000
648.165	1.000
649.165	0.000
650.165	2.000
651.165	2.000
652.165	0.000
653.165	2.000
654.165	0.000
655.166	1.000
656.166	2.000
657.166	0.000
658.166	2.000
659.166	2.000
660.166	0.000
661.166	1.000
662.166	1.000
663.166	2.000
664.166	3.000
665.167	1.000
666.167	2.000
667.167	1.000
668.167	0.000
669.167	1.000
670.167	1.000
671.167	1.000
672.167	1.000
673.167	0.000
674.167	0.000
675.168	2.000
676.168	2.000
677.168	1.000
678.168	0.000
679.168	0.000
680.168	0.000
681.168	0.000
682.168	0.000
683.168	1.000
684.168	1.000
685.169	1.000
686.169	0.000
687.169	0.000
688.169	0.000
689.169	0.000
690.169	0.000
691.169	1.000
692.169	1.000
693.169	0.000
694.169	0.000
695.170	1.000
696.170	1.000
697.170	1.000
698.170	0.000
699.170	1.000
700.170	1.000
701.170	0.000
702.170	0.000
703.170	0.000
704.170	0.000
705.171	0.000
706.171	0.000
707.171	0.000
708.171	2.000
709.171	1.000
710.171	1.000
711.171	0.000
712.171	1.000
713.171	1.000
714.171	1.000
715.172	0.000
716.172	1.000
717.172	0.000
718.172	0.000
719.172	0.000
720.172	2.000
721.172	1.000
722.172	0.000
723.172	0.000
724.172	1.000
725.173	1.000
726.173	0.000
727.173	1.000
728.173	1.000
729.173	0.000
730.173	0.000
731.173	3.000
732.173	0.000
733.173	0.000
734.173	1.000
735.174	0.000
736.174	1.000
737.174	1.000
738.174	0.000
739.174	1.000
740.174	0.000
741.174	0.000
742.174	0.000
743.174	0.000
744.174	1.000
745.175	0.000
746.175	1.000
747.175	0.000
748.175	2.000
749.175	1.000
750.175	0.000
751.175	0.000
752.175	4.000
753.175	0.000
754.175	1.000
755.176	1.000
756.176	1.000
757.176	2.000
758.176	0.000
759.176	0.000
760.176	2.000
761.176	2.000
762.176	1.000
763.176	1.000
764.176	2.000
765.177	0.000
766.177	0.000
767.177	0.000
768.177	1.000
769.177	0.000
770.177	0.000
771.177	0.000
772.177	0.000
773.177	0.000
774.177	1.000
775.178	1.000
776.178	1.000
777.178	0.000
778.178	1.000
779.178	2.000
780.178	1.000
781.178	2.000
782.178	1.000
783.178	1.000
784.178	0.000
785.179	1.000
786.179	1.000
787.179	1.000
788.179	0.000
789.179	0.000
790.179	0.000
791.179	0.000
792.179	1.000
793.179	0.000
794.179	3.000
795.180	0.000
796.180	1.000
797.180	0.000
798.180	0.000
799.180	0.000
800.180	0.000
801.180	2.000
802.180	0.000
803.180	2.000
804.180	1.000
805.181	2.000
806.181	1.000
807.181	1.000
808.181	1.000
809.181	2.000
810.181	0.000
811.181	2.000
812.181	0.000
813.181	2.000
814.181	0.000
815.182	1.000
816.182	2.000
817.182	1.000
818.182	1.000
819.182	2.000
820.182	0.000
821.182	0.000
822.182	2.000
823.182	2.000
824.182	0.000
825.183	0.000
826.183	1.000
827.183	1.000
828.183	2.000
829.183	2.000
830.183	0.000
831.183	2.000
832.183	0.000
833.183	1.000
834.183	1.000
835.184	5.000
836.184	0.000
837.184	0.000
838.184	2.000
839.184	1.000
840.184	0.000
841.184	1.000
842.184	1.000
843.184	4.000
844.184	1.000
845.185	3.000
846.185	1.000
847.185	3.000
848.185	1.000
849.185	1.000
850.185	0.000
851.185	0.000
852.185	3.000
853.185	1.000
854.185	0.000
855.186	0.000
856.186	2.000
857.186	1.000
858.186	0.000
859.186	0.000
860.186	3.000
861.186	5.000
862.186	2.000
863.186	2.000
864.186	2.000
865.187	1.000
866.187	1.000
867.187	2.000
868.187	0.000
869.187	3.000
870.187	2.000
871.187	3.000
872.187	2.000
873.187	2.000
874.187	1.000
875.188	3.000
876.188	5.000
877.188	3.000
878.188	2.000
879.188	2.000
880.188	5.000
881.188	2.000
882.188	2.000
883.188	2.000
884.188	6.000
885.189	6.000
886.189	8.000
887.189	1.000
888.189	2.000
889.189	8.000
890.189	4.000
891.189	3.000
892.189	5.000
893.189	8.000
894.189	9.000
895.190	7.000
896.190	5.000
897.190	3.000
898.190	6.000
899.190	11.000
900.190	6.000
901.190	4.000
902.190	7.000
903.190	9.000
904.190	7.000
905.191	7.000
906.191	6.000
907.191	12.000
908.191	8.000
909.191	12.000
910.191	12.000
911.191	13.000
912.191	15.000
913.191	13.000
914.191	17.000
915.192	18.000
916.192	9.000
917.192	14.000
918.192	11.000
919.192	15.000
920.192	22.000
921.192	21.000
922.192	15.000
923.192	16.000
924.192	21.000
925.193	27.000
926.193	19.000
927.193	26.000
928.193	32.000
929.193	17.000
930.193	19.000
931.193	34.000
932.193	35.000
933.193	20.000
934.193	30.000
935.194	35.000
936.194	32.000
937.194	27.000
938.194	38.000
939.194	42.000
940.194	35.000
941.194	40.000
942.194	45.000
943.194	49.000
944.194	39.000
945.195	57.000
946.195	49.000
947.195	46.000
948.195	56.000
949.195	61.000
950.195	61.000
951.195	49.000
952.195	62.000
953.195	79.000
954.195	71.000
955.196	77.000
956.196	63.000
957.196	66.000
958.196	81.000
959.196	70.000
960.196	82.000
961.196	82.000
962.196	95.000
963.196	90.000
964.196	98.000
965.197	105.000
966.197	110.000
967.197	120.000
968.197	106.000
969.197	115.000
970.197	134.000
971.197	115.000
972.197	136.000
973.197	147.000
974.197	133.000
975.198	156.000
976.198	144.000
977.198	146.000
978.198	155.000
979.198	160.000
980.198	167.000
981.198	187.000
982.198	147.000
983.198	155.000
984.198	192.000
985.199	185.000
986.199	165.000
987.199	186.000
988.199	206.000
989.199	220.000
990.199	200.000
991.199	240.000
992.199	254.000
993.199	235.000
994.199	243.000
995.200	238.000
996.200	244.000
997.200	253.000
998.200	288.000
999.200	263.000
1000.200	283.000
1001.200	327.000
1002.200	288.000
1003.200	284.000
1004.200	309.000
1005.201	280.000
1006.201	326.000
1007.201	325.000
1008.201	349.000
1009.201	340.000
1010.201	382.000
1011.201	350.000
1012.201	420.000
1013.201	379.000
1014.201	380.000
1015.202	415.000
1016.202	413.000
1017.202	424.000
1018.202	460.000
1019.202	464.000
1020.202	452.000
1021.202	498.000
1022.202	489.000
1023.202	485.000
1024.202	547.000
1025.203	485.000
1026.203	553.000
1027.203	520.000
1028.203	528.000
1029.203	553.000
1030.203	581.000
1031.203	591.000
1032.203	605.000
1033.203	577.000
1034.203	635.000
1035.204	632.000
1036.204	641.000
1037.204	656.000
1038.204	674.000
1039.204	736.000
1040.204	751.000
1041.204	685.000
1042.204	795.000
1043.204	745.000
1044.204	755.000
1045.205	769.000
1046.205	730.000
1047.205	821.000
1048.205	782.000
1049.205	824.000
1050.205	822.000
1051.205	861.000
1052.205	883.000
1053.205	916.000
1054.205	910.000
1055.206	860.000
1056.206	942.000
1057.206	985.000
1058.206	917.000
1059.206	1007.000
1060.206	1008.000
1061.206	1036.000
1062.206	1013.000
1063.206	1088.000
1064.206	1072.000
1065.207	995.000
1066.207	1061.000
1067.207	1103.000
1068.207	1099.000
1069.207	1150.000
1070.207	1161.000
1071.207	1142.000
1072.207	1217.000
1073.207	1157.000
1074.207	1140.000
1075.208	1212.000
1076.208	1216.000
1077.208	1211.000
1078.208	1238.000
1079.208	1304.000
1080.208	1269.000
1081.208	1298.000
1082.208	1332.000
1083.208	1337.000
1084.208	1320.000
1085.209	1377.000
1086.209	1363.000
1087.209	1357.000
1088.209	1376.000
1089.209	1365.000
1090.209	1429.000
1091.209	1402.000
1092.209	1372.000
1093.209	1458.000
1094.209	1452.000
1095.210	1490.000
1096.210	1506.000
1097.210	1487.000
1098.210	1494.000
1099.210	1448.000
1100.210	1551.000
1101.210	1493.000
1102.210	1478.000
1103.210	1524.000
1104.210	1472.000
1105.211	1531.000
1106.211	1633.000
1107.211	1673.000
1108.211	1598.000
1109.211	1555.000
1110.211	1549.000
1111.211	1550.000
1112.211	1574.000
1113.211	1643.000
1114.211	1648.000
1115.212	1633.000
1116.212	1538.000
1117.212	1689.000
1118.212	1667.000
1119.212	1623.000
1120.212	1650.000
1121.212	1680.000
1122.212	1633.000
1123.212	1586.000
1124.212	1637.000
1125.213	1615.000
1126.213	1701.000
1127.213	1643.000
1128.213	1661.000
1129.213	1724.000
1130.213	1575.000
1131.213	1652.000
1132.213	1680.000
1133.213	1679.000
1134.213	1670.000
1135.214	1658.000
1136.214	1613.000
1137.214	1588.000
1138.214	1626.000
1139.214	1597.000
1140.214	1608.000
1141.214	1577.000
1142.214	1584.000
1143.214	1540.000
1144.214	1598.000
1145.215	1567.000
1146.215	1575.000
1147.215	1546.000
1148.215	1533.000
1149.215	1504.000
1150.215	1525.000
1151.215	1521.000
1152.215	1448.000
1153.215	1426.000
1154.215	1468.000
1155.216	1456.000
1156.216	1483.000
1157.216	1439.000
1158.216	1377.000
1159.216	1365.000
1160.216	1354.000
1161.216	1342.000
1162.216	1386.000
1163.216	1253.000
1164.216	1353.000
1165.217	1289.000
1166.217	1296.000
1167.217	1261.000
1168.217	1248.000
1169.217	1277.000
1170.217	1248.000
1171.217	1236.000
1172.217	1204.000
1173.217	1218.000
1174.217	1262.000
1175.218	1209.000
1176.218	1140.000
1177.218	1181.000
1178.218	1184.000
1179.218	1101.000
1180.218	1098.000
1181.218	1119.000
1182.218	1094.000
1183.218	1099.000
1184.218	1050.000
1185.219	1082.000
1186.219	1039.000
1187.219	970.000
1188.219	1009.000
1189.219	946.000
1190.219	994.000
1191.219	935.000
1192.219	942.000
1193.219	855.000
1194.219	858.000
1195.220	931.000
1196.220	820.000
1197.220	842.000
1198.220	890.000
1199.220	800.000
1200.220	781.000
1201.220	809.000
1202.220	768.000
1203.220	810.000
1204.220	716.000
1205.221	737.000
1206.221	758.000
1207.221	662.000
1208.221	684.000
1209.221	640.000
1210.221	659.000
1211.221	647.000
1212.221	607.000
1213.221	614.000
1214.221	579.000
1215.222	577.000
1216.222	561.000
1217.222	519.000
1218.222	546.000
1219.222	528.000
1220.222	504.000
1221.222	490.000
1222.222	485.000
1223.222	512.000
1224.222	446.000
1225.223	443.000
1226.223	423.000
1227.223	420.000
1228.223	388.000
1229.223	426.000
1230.223	412.000
1231.223	401.000
1232.223	379.000
1233.223	375.000
1234.223	356.000
1235.224	347.000
1236.224	337.000
1237.224	333.000
1238.224	337.000
1239.224	340.000
1240.224	292.000
1241.224	272.000
1242.224	260.000
1243.224	267.000
1244.224	256.000
1245.225	251.000
1246.225	254.000
1247.225	250.000
1248.225	238.000
1249.225	228.000
1250.225	208.000
1251.225	232.000
1252.225	198.000
1253.225	192.000
1254.225	196.000
1255.226	195.000
1256.226	208.000
1257.226	191.000
1258.226	168.000
1259.226	181.000
1260.226	162.000
1261.226	165.000
1262.226	152.000
1263.226	172.000
1264.226	146.000
1265.227	132.000
1266.227	137.000
1267.227	115.000
1268.227	133.000
1269.227	123.000
1270.227	115.000
1271.227	123.000
1272.227	113.000
1273.227	114.000
1274.227	88.000
1275.228	75.000
1276.228	108.000
1277.228	99.000
1278.228	94.000
1279.228	99.000
1280.228	92.000
1281.228	91.000
1282.228	83.000
1283.228	93.000
1284.228	70.000
1285.229	86.000
1286.229	69.000
1287.229	69.000
1288.229	74.000
1289.229	67.000
1290.229	72.000
1291.229	68.000
1292.229	71.000
1293.229	80.000
1294.229	65.000
1295.230	55.000
1296.230	58.000
1297.230	48.000
1298.230	41.000
1299.230	42.000
1300.230	48.000
1301.230	47.000
1302.230	56.000
1303.230	43.000
1304.230	36.000
1305.231	43.000
1306.231	49.000
1307.231	33.000
1308.231	43.000
1309.231	42.000
1310.231	40.000
1311.231	48.000
1312.231	48.000
1313.231	45.000
1314.231	35.000
1315.232	37.000
1316.232	45.000
1317.232	38.000
1318.232	47.000
1319.232	37.000
1320.232	27.000
1321.232	39.000
1322.232	40.000
1323.232	38.000
1324.232	32.000
1325.233	45.000
1326.233	41.000
1327.233	38.000
1328.233	27.000
1329.233	40.000
1330.233	39.000
1331.233	33.000
1332.233	40.000
1333.233	28.000
1334.233	44.000
1335.234	42.000
1336.234	31.000
1337.234	30.000
1338.234	36.000
1339.234	31.000
1340.234	29.000
1341.234	28.000
1342.234	23.000
1343.234	28.000
1344.234	30.000
1345.235	31.000
1346.235	33.000
1347.235	26.000
1348.235	29.000
1349.235	34.000
1350.235	31.000
1351.235	36.000
1352.235	37.000
1353.235	35.000
1354.235	36.000
1355.236	27.000
1356.236	30.000
1357.236	33.000
1358.236	33.000
1359.236	35.000
1360.236	24.000
1361.236	28.000
1362.236	31.000
1363.236	38.000
1364.236	38.000
1365.237	33.000
1366.237	36.000
1367.237	38.000
1368.237	38.000
1369.237	27.000
1370.237	20.000
1371.237	28.000
1372.237	35.000
1373.237	43.000
1374.237	36.000
1375.238	27.000
1376.238	32.000
1377.238	36.000
1378.238	25.000
1379.238	24.000
1380.238	40.000
1381.238	26.000
1382.238	25.000
1383.238	31.000
1384.238	30.000
1385.239	36.000
1386.239	38.000
1387.239	24.000
1388.239	32.000
1389.239	16.000
1390.239	30.000
1391.239	37.000
1392.239	29.000
1393.239	30.000
1394.239	23.000
1395.240	40.000
1396.240	31.000
1397.240	39.000
1398.240	38.000
1399.240	32.000
1400.240	40.000
1401.240	39.000
1402.240	29.000
1403.240	26.000
1404.240	31.000
1405.241	27.000
1406.241	24.000
1407.241	30.000
1408.241	44.000
1409.241	34.000
1410.241	39.000
1411.241	31.000
1412.241	38.000
1413.241	36.000
1414.241	28.000
1415.242	29.000
1416.242	33.000
1417.242	34.000
1418.242	36.000
1419.242	32.000
1420.242	35.000
1421.242	27.000
1422.242	46.000
1423.242	34.000
1424.242	35.000
1425.243	37.000
1426.243	42.000
1427.243	39.000
1428.243	36.000
1429.243	34.000
1430.243	34.000
1431.243	33.000
1432.243	42.000
1433.243	34.000
1434.243	33.000
1435.244	41.000
1436.244	29.000
1437.244	32.000
1438.244	45.000
1439.244	37.000
1440.244	39.000
1441.244	41.000
1442.244	26.000
1443.244	35.000
1444.244	25.000
1445.245	31.000
1446.245	33.000
1447.245	45.000
1448.245	32.000
1449.245	42.000
1450.245	40.000
1451.245	24.000
1452.245	47.000
1453.245	37.000
1454.245	28.000
1455.246	40.000
1456.246	28.000
1457.246	31.000
1458.246	47.000
1459.246	35.000
1460.246	38.000
1461.246	36.000
1462.246	40.000
1463.246	32.000
1464.246	30.000
1465.247	43.000
1466.247	41.000
1467.247	31.000
1468.247	38.000
1469.247	43.000
1470.247	30.000
1471.247	34.000
1472.247	43.000
1473.247	32.000
1474.247	38.000
1475.248	34.000
1476.248	42.000
1477.248	36.000
1478.248	29.000
1479.248	35.000
1480.248	34.000
1481.248	41.000
1482.248	40.000
1483.248	42.000
1484.248	47.000
1485.249	38.000
1486.249	48.000
1487.249	32.000
1488.249	35.000
1489.249	37.000
1490.249	41.000
1491.249	39.000
1492.249	40.000
1493.249	40.000
1494.249	44.000
1495.250	41.000
1496.250	44.000
1497.250	46.000
1498.250	41.000
1499.250	46.000
1500.250	39.000
1501.250	30.000
1502.250	29.000
1503.250	33.000
1504.250	44.000
1505.251	41.000
1506.251	33.000
1507.251	46.000
1508.251	44.000
1509.251	37.000
1510.251	38.000
1511.251	47.000
1512.251	40.000
1513.251	41.000
1514.251	44.000
1515.252	46.000
1516.252	40.000
1517.252	35.000
1518.252	35.000
1519.252	42.000
1520.252	44.000
1521.252	37.000
1522.252	28.000
1523.252	39.000
1524.252	40.000
1525.253	36.000
1526.253	47.000
1527.253	35.000
1528.253	36.000
1529.253	41.000
1530.253	42.000
1531.253	49.000
1532.253	36.000
1533.253	51.000
1534.253	44.000
1535.254	43.000
1536.254	39.000
1537.254	36.000
1538.254	42.000
1539.254	35.000
1540.254	51.000
1541.254	40.000
1542.254	39.000
1543.254	43.000
1544.254	27.000
1545.255	40.000
1546.255	38.000
1547.255	46.000
1548.255	39.000
1549.255	43.000
1550.255	38.000
1551.255	50.000
1552.255	45.000
1553.255	38.000
1554.255	42.000
1555.256	34.000
1556.256	41.000
1557.256	41.000
1558.256	46.000
1559.256	53.000
1560.256	35.000
1561.256	44.000
1562.256	41.000
1563.256	47.000
1564.256	53.000
1565.257	41.000
1566.257	41.000
1567.257	37.000
1568.257	52.000
1569.257	48.000
1570.257	51.000
1571.257	45.000
1572.257	37.000
1573.257	55.000
1574.257	35.000
1575.258	43.000
1576.258	48.000
1577.258	44.000
1578.258	44.000
1579.258	51.000
1580.258	41.000
1581.258	52.000
1582.258	52.000
1583.258	42.000
1584.258	39.000
1585.259	49.000
1586.259	39.000
1587.259	46.000
1588.259	36.000
1589.259	43.000
1590.259	40.000
1591.259	43.000
1592.259	50.000
1593.259	51.000
1594.259	45.000
1595.260	46.000
1596.260	55.000
1597.260	38.000
1598.260	42.000
1599.260	40.000
1600.260	29.000
1601.260	41.000
1602.260	47.000
1603.260	41.000
1604.260	41.000
1605.261	36.000
1606.261	42.000
1607.261	49.000
1608.261	42.000
1609.261	44.000
1610.261	55.000
1611.261	58.000
1612.261	49.000
1613.261	52.000
1614.261	40.000
1615.262	40.000
1616.262	37.000
1617.262	45.000
1618.262	43.000
1619.262	39.000
1620.262	56.000
1621.262	50.000
1622.262	40.000
1623.262	50.000
1624.262	54.000
1625.263	40.000
1626.263	63.000
1627.263	53.000
1628.263	40.000
1629.263	51.000
1630.263	40.000
1631.263	42.000
1632.263	49.000
1633.263	50.000
1634.263	48.000
1635.264	50.000
1636.264	44.000
1637.264	37.000
1638.264	44.000
1639.264	40.000
1640.264	53.000
1641.264	47.000
1642.264	41.000
1643.264	57.000
1644.264	65.000
1645.265	59.000
1646.265	52.000
1647.265	41.000
1648.265	48.000
1649.265	35.000
1650.265	45.000
1651.265	51.000
1652.265	55.000
1653.265	60.000
1654.265	48.000
1655.266	47.000
1656.266	56.000
1657.266	45.000
1658.266	56.000
1659.266	49.000
1660.266	51.000
1661.266	56.000
1662.266	47.000
1663.266	45.000
1664.266	56.000
1665.267	48.000
1666.267	49.000
1667.267	53.000
1668.267	69.000
1669.267	52.000
1670.267	40.000
1671.267	40.000
1672.267	37.000
1673.267	56.000
1674.267	44.000
1675.268	50.000
1676.268	54.000
1677.268	56.000
1678.268	45.000
1679.268	52.000
1680.268	47.000
1681.268	45.000
1682.268	46.000
1683.268	59.000
1684.268	52.000
1685.269	63.000
1686.269	63.000
1687.269	53.000
1688.269	52.000
1689.269	55.000
1690.269	45.000
1691.269	42.000
1692.269	60.000
1693.269	56.000
1694.269	53.000
1695.270	57.000
1696.270	44.000
1697.270	57.000
1698.270	53.000
1699.270	45.000
1700.270	46.000
1701.270	53.000
1702.270	55.000
1703.270	49.000
1704.270	48.000
1705.271	62.000
1706.271	56.000
1707.271	46.000
1708.271	53.000
1709.271	49.000
1710.271	49.000
1711.271	56.000
1712.271	62.000
1713.271	51.000
1714.271	58.000
1715.272	47.000
1716.272	52.000
1717.272	53.000
1718.272	43.000
1719.272	55.000
1720.272	58.000
1721.272	51.000
1722.272	54.000
1723.272	60.000
1724.272	61.000
1725.273	55.000
1726.273	40.000
1727.273	72.000
1728.273	52.000
1729.273	58.000
1730.273	64.000
1731.273	44.000
1732.273	41.000
1733.273	61.000
1734.273	65.000
1735.274	64.000
1736.274	68.000
1737.274	56.000
1738.274	53.000
1739.274	57.000
1740.274	58.000
1741.274	63.000
1742.274	61.000
1743.274	51.000
1744.274	60.000
1745.275	74.000
1746.275	67.000
1747.275	57.000
1748.275	60.000
1749.275	56.000
1750.275	39.000
1751.275	57.000
1752.275	54.000
1753.275	70.000
1754.275	71.000
1755.276	61.000
1756.276	65.000
1757.276	48.000
1758.276	45.000
1759.276	49.000
1760.276	65.000
1761.276	45.000
1762.276	51.000
1763.276	62.000
1764.276	44.000
1765.277	70.000
1766.277	57.000
1767.277	57.000
1768.277	57.000
1769.277	51.000
1770.277	48.000
1771.277	53.000
1772.277	44.000
1773.277	60.000
1774.277	64.000
1775.278	64.000
1776.278	60.000
1777.278	57.000
1778.278	59.000
1779.278	68.000
1780.278	52.000
1781.278	67.000
1782.278	48.000
1783.278	60.000
1784.278	77.000
1785.279	46.000
1786.279	59.000
1787.279	60.000
1788.279	58.000
1789.279	50.000
1790.279	67.000
1791.279	72.000
1792.279	54.000
1793.279	59.000
1794.279	60.000
1795.280	49.000
1796.280	67.000
1797.280	56.000
1798.280	61.000
1799.280	70.000
1800.280	60.000
1801.280	74.000
1802.280	62.000
1803.280	62.000
1804.280	66.000
1805.281	55.000
1806.281	64.000
1807.281	83.000
1808.281	58.000
1809.281	52.000
1810.281	61.000
1811.281	59.000
1812.281	62.000
1813.281	63.000
1814.281	75.000
1815.282	66.000
1816.282	55.000
1817.282	67.000
1818.282	74.000
1819.282	47.000
1820.282	68.000
1821.282	67.000
1822.282	79.000
1823.282	52.000
1824.282	68.000
1825.283	57.000
1826.283	65.000
1827.283	55.000
1828.283	58.000
1829.283	67.000
1830.283	63.000
1831.283	71.000
1832.283	62.000
1833.283	69.000
1834.283	63.000
1835.284	59.000
1836.284	62.000
1837.284	71.000
1838.284	59.000
1839.284	53.000
1840.284	63.000
1841.284	80.000
1842.284	75.000
1843.284	69.000
1844.284	71.000
1845.285	71.000
1846.285	68.000
1847.285	81.000
1848.285	69.000
1849.285	69.000
1850.285	79.000
1851.285	55.000
1852.285	55.000
1853.285	66.000
1854.285	73.000
1855.286	60.000
1856.286	83.000
1857.286	78.000
1858.286	63.000
1859.286	75.000
1860.286	62.000
1861.286	70.000
1862.286	77.000
1863.286	75.000
1864.286	82.000
1865.287	70.000
1866.287	50.000
1867.287	57.000
1868.287	56.000
1869.287	74.000
1870.287	71.000
1871.287	68.000
1872.287	71.000
1873.287	82.000
1874.287	79.000
1875.288	59.000
1876.288	69.000
1877.288	80.000
1878.288	67.000
1879.288	63.000
1880.288	76.000
1881.288	79.000
1882.288	78.000
1883.288	78.000
1884.288	73.000
1885.289	82.000
1886.289	75.000
1887.289	79.000
1888.289	74.000
1889.289	75.000
1890.289	67.000
1891.289	66.000
1892.289	90.000
1893.289	66.000
1894.289	86.000
1895.290	68.000
1896.290	84.000
1897.290	83.000
1898.290	83.000
1899.290	76.000
1900.290	80.000
1901.290	95.000
1902.290	72.000
1903.290	82.000
1904.290	83.000
1905.291	72.000
1906.291	77.000
1907.291	73.000
1908.291	94.000
1909.291	73.000
1910.291	71.000
1911.291	91.000
1912.291	84.000
1913.291	74.000
1914.291	100.000
1915.292	84.000
1916.292	86.000
1917.292	79.000
1918.292	89.000
1919.292	86.000
1920.292	86.000
1921.292	84.000
1922.292	79.000
1923.292	77.000
1924.292	93.000
1925.293	79.000
1926.293	97.000
1927.293	93.000
1928.293	68.000
1929.293	82.000
1930.293	69.000
1931.293	79.000
1932.293	93.000
1933.293	85.000
1934.293	85.000
1935.294	90.000
1936.294	96.000
1937.294	83.000
1938.294	92.000
1939.294	89.000
1940.294	73.000
1941.294	110.000
1942.294	94.000
1943.294	102.000
1944.294	83.000
1945.295	98.000
1946.295	88.000
1947.295	94.000
1948.295	103.000
1949.295	82.000
1950.295	86.000
1951.295	90.000
1952.295	94.000
1953.295	85.000
1954.295	75.000
1955.296	94.000
1956.296	102.000
1957.296	96.000
1958.296	101.000
1959.296	103.000
1960.296	81.000
1961.296	91.000
1962.296	93.000
1963.296	96.000
1964.296	115.000
1965.297	102.000
1966.297	95.000
1967.297	107.000
1968.297	98.000
1969.297	93.000
1970.297	85.000
1971.297	103.000
1972.297	86.000
1973.297	86.000
1974.297	114.000
1975.298	91.000
1976.298	96.000
1977.298	118.000
1978.298	121.000
1979.298	97.000
1980.298	91.000
1981.298	100.000
1982.298	95.000
1983.298	110.000
1984.298	108.000
1985.299	110.000
1986.299	123.000
1987.299	108.000
1988.299	105.000
1989.299	110.000
1990.299	109.000
1991.299	111.000
1992.299	93.000
1993.299	106.000
1994.299	107.000
1995.300	86.000
1996.300	110.000
1997.300	90.000
1998.300	86.000
1999.300	123.000
2000.300	94.000
2001.300	116.000
2002.300	115.000
2003.300	108.000
2004.300	110.000
2005.301	104.000
2006.301	114.000
2007.301	100.000
2008.301	104.000
2009.301	100.000
2010.301	95.000
2011.301	92.000
2012.301	94.000
2013.301	99.000
2014.301	104.000
2015.302	121.000
2016.302	97.000
2017.302	123.000
2018.302	111.000
2019.302	122.000
2020.302	105.000
2021.302	117.000
2022.302	112.000
2023.302	120.000
2024.302	116.000
2025.303	104.000
2026.303	98.000
2027.303	115.000
2028.303	135.000
2029.303	121.000
2030.303	119.000
2031.303	115.000
2032.303	128.000
2033.303	105.000
2034.303	109.000
2035.304	119.000
2036.304	121.000
2037.304	127.000
2038.304	133.000
2039.304	122.000
2040.304	109.000
2041.304	129.000
2042.304	135.000
2043.304	132.000
2044.304	111.000
2045.305	137.000
2046.305	110.000
2047.305	128.000
2048.305	137.000
2049.305	131.000
2050.305	127.000
2051.305	133.000
2052.305	137.000
2053.305	129.000
2054.305	128.000
2055.306	140.000
2056.306	133.000
2057.306	132.000
2058.306	124.000
2059.306	120.000
2060.306	135.000
2061.306	133.000
2062.306	125.000
2063.306	122.000
2064.306	135.000
2065.307	152.000
2066.307	140.000
2067.307	155.000
2068.307	141.000
2069.307	138.000
2070.307	131.000
2071.307	129.000
2072.307	135.000
2073.307	133.000
2074.307	151.000
2075.308	135.000
2076.308	145.000
2077.308	148.000
2078.308	138.000
2079.308	144.000
2080.308	149.000
2081.308	139.000
2082.308	139.000
2083.308	149.000
2084.308	139.000
2085.309	147.000
2086.309	138.000
2087.309	138.000
2088.309	154.000
2089.309	131.000
2090.309	141.000
2091.309	160.000
2092.309	156.000
2093.309	143.000
2094.309	147.000
2095.310	151.000
2096.310	150.000
2097.310	184.000
2098.310	173.000
2099.310	164.000
2100.310	153.000
2101.310	154.000
2102.310	141.000
2103.310	189.000
2104.310	177.000
2105.311	166.000
2106.311	186.000
2107.311	171.000
2108.311	181.000
2109.311	169.000
2110.311	170.000
2111.311	183.000
2112.311	154.000
2113.311	165.000
2114.311	157.000
2115.312	184.000
2116.312	171.000
2117.312	169.000
2118.312	170.000
2119.312	165.000
2120.312	192.000
2121.312	200.000
2122.312	199.000
2123.312	186.000
2124.312	198.000
2125.313	214.000
2126.313	184.000
2127.313	169.000
2128.313	171.000
2129.313	191.000
2130.313	225.000
2131.313	184.000
2132.313	167.000
2133.313	179.000
2134.313	199.000
2135.314	180.000
2136.314	187.000
2137.314	220.000
2138.314	174.000
2139.314	198.000
2140.314	210.000
2141.314	204.000
2142.314	202.000
2143.314	198.000
2144.314	204.000
2145.315	175.000
2146.315	199.000
2147.315	214.000
2148.315	211.000
2149.315	254.000
2150.315	190.000
2151.315	201.000
2152.315	193.000
2153.315	225.000
2154.315	200.000
2155.316	246.000
2156.316	240.000
2157.316	211.000
2158.316	243.000
2159.316	228.000
2160.316	214.000
2161.316	229.000
2162.316	217.000
2163.316	239.000
2164.316	217.000
2165.317	241.000
2166.317	214.000
2167.317	213.000
2168.317	194.000
2169.317	244.000
2170.317	216.000
2171.317	215.000
2172.317	222.000
2173.317	278.000
2174.317	248.000
2175.318	231.000
2176.318	238.000
2177.318	224.000
2178.318	246.000
2179.318	233.000
2180.318	215.000
2181.318	262.000
2182.318	241.000
2183.318	239.000
2184.318	232.000
2185.319	250.000
2186.319	235.000
2187.319	248.000
2188.319	233.000
2189.319	261.000
2190.319	231.000
2191.319	240.000
2192.319	264.000
2193.319	233.000
2194.319	256.000
2195.320	242.000
2196.320	286.000
2197.320	241.000
2198.320	277.000
2199.320	249.000
2200.320	246.000
2201.320	275.000
2202.320	269.000
2203.320	244.000
2204.320	264.000
2205.321	267.000
2206.321	247.000
2207.321	261.000
2208.321	265.000
2209.321	267.000
2210.321	274.000
2211.321	269.000
2212.321	285.000
2213.321	250.000
2214.321	248.000
2215.322	262.000
2216.322	254.000
2217.322	261.000
2218.322	260.000
2219.322	261.000
2220.322	286.000
2221.322	257.000
2222.322	272.000
2223.322	260.000
2224.322	250.000
2225.323	270.000
2226.323	226.000
2227.323	258.000
2228.323	280.000
2229.323	242.000
2230.323	234.000
2231.323	284.000
2232.323	254.000
2233.323	257.000
2234.323	271.000
2235.324	274.000
2236.324	283.000
2237.324	272.000
2238.324	272.000
2239.324	254.000
2240.324	279.000
2241.324	239.000
2242.324	284.000
2243.324	263.000
2244.324	259.000
2245.325	262.000
2246.325	278.000
2247.325	248.000
2248.325	243.000
2249.325	258.000
2250.325	265.000
2251.325	246.000
2252.325	230.000
2253.325	267.000
2254.325	255.000
2255.326	246.000
2256.326	274.000
2257.326	275.000
2258.326	267.000
2259.326	225.000
2260.326	249.000
2261.326	240.000
2262.326	245.000
2263.326	228.000
2264.326	221.000
2265.327	217.000
2266.327	250.000
2267.327	243.000
2268.327	248.000
2269.327	238.000
2270.327	251.000
2271.327	252.000
2272.327	241.000
2273.327	226.000
2274.327	245.000
2275.328	233.000
2276.328	215.000
2277.328	204.000
2278.328	235.000
2279.328	249.000
2280.328	218.000
2281.328	234.000
2282.328	205.000
2283.328	240.000
2284.328	214.000
2285.329	210.000
2286.329	199.000
2287.329	206.000
2288.329	213.000
2289.329	210.000
2290.329	203.000
2291.329	224.000
2292.329	218.000
2293.329	220.000
2294.329	215.000
2295.330	203.000
2296.330	205.000
2297.330	192.000
2298.330	207.000
2299.330	202.000
2300.330	188.000
2301.330	192.000
2302.330	180.000
2303.330	184.000
2304.330	170.000
2305.331	170.000
2306.331	195.000
2307.331	201.000
2308.331	147.000
2309.331	199.000
2310.331	181.000
2311.331	186.000
2312.331	190.000
2313.331	173.000
2314.331	165.000
2315.332	159.000
2316.332	170.000
2317.332	184.000
2318.332	130.000
2319.332	136.000
2320.332	165.000
2321.332	167.000
2322.332	146.000
2323.332	156.000
2324.332	160.000
2325.333	137.000
2326.333	167.000
2327.333	159.000
2328.333	153.000
2329.333	155.000
2330.333	175.000
2331.333	141.000
2332.333	146.000
2333.333	118.000
2334.333	143.000
2335.334	138.000
2336.334	123.000
2337.334	142.000
2338.334	138.000
2339.334	130.000
2340.334	124.000
2341.334	134.000
2342.334	134.000
2343.334	117.000
2344.334	113.000
2345.335	119.000
2346.335	125.000
2347.335	108.000
2348.335	115.000
2349.335	120.000
2350.335	107.000
2351.335	137.000
2352.335	104.000
2353.335	112.000
2354.335	85.000
2355.336	103.000
2356.336	105.000
2357.336	102.000
2358.336	86.000
2359.336	97.000
2360.336	96.000
2361.336	94.000
2362.336	90.000
2363.336	105.000
2364.336	76.000
2365.337	78.000
2366.337	94.000
2367.337	83.000
2368.337	84.000
2369.337	89.000
2370.337	91.000
2371.337	84.000
2372.337	71.000
2373.337	65.000
2374.337	67.000
2375.338	89.000
2376.338	71.000
2377.338	75.000
2378.338	66.000
2379.338	78.000
2380.338	72.000
2381.338	53.000
2382.338	71.000
2383.338	65.000
2384.338	62.000
2385.339	58.000
2386.339	69.000
2387.339	70.000
2388.339	53.000
2389.339	63.000
2390.339	74.000
2391.339	57.000
2392.339	74.000
2393.339	61.000
2394.339	73.000
2395.340	59.000
2396.340	43.000
2397.340	52.000
2398.340	61.000
2399.340	56.000
2400.340	52.000
2401.340	56.000
2402.340	52.000
2403.340	53.000
2404.340	35.000
2405.341	38.000
2406.341	49.000
2407.341	57.000
2408.341	61.000
2409.341	43.000
2410.341	49.000
2411.341	47.000
2412.341	36.000
2413.341	38.000
2414.341	37.000
2415.342	34.000
2416.342	51.000
2417.342	42.000
2418.342	46.000
2419.342	44.000
2420.342	53.000
2421.342	41.000
2422.342	41.000
2423.342	42.000
2424.342	40.000
2425.343	33.000
2426.343	38.000
2427.343	40.000
2428.343	41.000
2429.343	39.000
2430.343	40.000
2431.343	41.000
2432.343	43.000
2433.343	39.000
2434.343	39.000
2435.344	27.000
2436.344	27.000
2437.344	35.000
2438.344	29.000
2439.344	35.000
2440.344	30.000
2441.344	40.000
2442.344	33.000
2443.344	37.000
2444.344	39.000
2445.345	38.000
2446.345	27.000
2447.345	27.000
2448.345	30.000
2449.345	33.000
2450.345	35.000
2451.345	30.000
2452.345	27.000
2453.345	28.000
2454.345	27.000
2455.346	25.000
2456.346	27.000
2457.346	31.000
2458.346	34.000
2459.346	30.000
2460.346	25.000
2461.346	27.000
2462.346	31.000
2463.346	26.000
2464.346	25.000
2465.347	26.000
2466.347	22.000
2467.347	33.000
2468.347	27.000
2469.347	29.000
2470.347	33.000
2471.347	32.000
2472.347	33.000
2473.347	19.000
2474.347	25.000
2475.348	34.000
2476.348	24.000
2477.348	30.000
2478.348	14.000
2479.348	32.000
2480.348	30.000
2481.348	28.000
2482.348	23.000
2483.348	30.000
2484.348	29.000
2485.349	30.000
2486.349	27.000
2487.349	22.000
2488.349	33.000
2489.349	21.000
2490.349	23.000
2491.349	35.000
2492.349	38.000
2493.349	29.000
2494.349	31.000
2495.350	30.000
2496.350	29.000
2497.350	26.000
2498.350	24.000
2499.350	26.000
2500.350	28.000
2501.350	29.000
2502.350	30.000
2503.350	26.000
2504.350	26.000
2505.351	27.000
2506.351	20.000
2507.351	26.000
2508.351	21.000
2509.351	33.000
2510.351	20.000
2511.351	28.000
2512.351	23.000
2513.351	29.000
2514.351	39.000
2515.352	28.000
2516.352	25.000
2517.352	15.000
2518.352	26.000
2519.352	32.000
2520.352	25.000
2521.352	29.000
2522.352	19.000
2523.352	19.000
2524.352	23.000
2525.353	30.000
2526.353	23.000
2527.353	24.000
2528.353	32.000
2529.353	33.000
2530.353	24.000
2531.353	29.000
2532.353	30.000
2533.353	29.000
2534.353	31.000
2535.354	27.000
2536.354	20.000
2537.354	21.000
2538.354	33.000
2539.354	17.000
2540.354	33.000
2541.354	21.000
2542.354	35.000
2543.354	20.000
2544.354	20.000
2545.355	17.000
2546.355	38.000
2547.355	35.000
2548.355	26.000
2549.355	21.000
2550.355	38.000
2551.355	34.000
2552.355	24.000
2553.355	31.000
2554.355	30.000
2555.356	30.000
2556.356	25.000
2557.356	35.000
2558.356	31.000
2559.356	23.000
2560.356	28.000
2561.356	23.000
2562.356	28.000
2563.356	24.000
2564.356	26.000
2565.357	34.000
2566.357	32.000
2567.357	25.000
2568.357	35.000
2569.357	36.000
2570.357	30.000
2571.357	28.000
2572.357	31.000
2573.357	33.000
2574.357	34.000
2575.358	28.000
2576.358	31.000
2577.358	36.000
2578.358	23.000
2579.358	19.000
2580.358	36.000
2581.358	26.000
2582.358	32.000
2583.358	32.000
2584.358	21.000
2585.359	28.000
2586.359	27.000
2587.359	26.000
2588.359	32.000
2589.359	37.000
2590.359	30.000
2591.359	32.000
2592.359	32.000
2593.359	22.000
2594.359	30.000
2595.360	25.000
2596.360	27.000
2597.360	29.000
2598.360	31.000
2599.360	34.000
2600.360	25.000
2601.360	38.000
2602.360	17.000
2603.360	23.000
2604.360	27.000
2605.361	24.000
2606.361	32.000
2607.361	33.000
2608.361	36.000
2609.361	30.000
2610.361	33.000
2611.361	25.000
2612.361	31.000
2613.361	31.000
2614.361	24.000
2615.362	29.000
2616.362	36.000
2617.362	23.000
2618.362	26.000
2619.362	32.000
2620.362	31.000
2621.362	34.000
2622.362	39.000
2623.362	21.000
2624.362	24.000
2625.363	27.000
2626.363	24.000
2627.363	19.000
2628.363	29.000
2629.363	41.000
2630.363	34.000
2631.363	36.000
2632.363	37.000
2633.363	27.000
2634.363	30.000
2635.364	28.000
2636.364	25.000
2637.364	31.000
2638.364	27.000
2639.364	29.000
2640.364	37.000
2641.364	24.000
2642.364	26.000
2643.364	30.000
2644.364	31.000
2645.365	28.000
2646.365	18.000
2647.365	32.000
2648.365	27.000
2649.365	37.000
2650.365	31.000
2651.365	27.000
2652.365	36.000
2653.365	30.000
2654.365	35.000
2655.366	26.000
2656.366	22.000
2657.366	27.000
2658.366	40.000
2659.366	30.000
2660.366	26.000
2661.366	20.000
2662.366	28.000
2663.366	42.000
2664.366	37.000
2665.367	26.000
2666.367	27.000
2667.367	32.000
2668.367	35.000
2669.367	43.000
2670.367	36.000
2671.367	30.000
2672.367	27.000
2673.367	26.000
2674.367	42.000
2675.368	35.000
2676.368	30.000
2677.368	41.000
2678.368	22.000
2679.368	24.000
2680.368	40.000
2681.368	32.000
2682.368	36.000
2683.368	34.000
2684.368	36.000
2685.369	39.000
2686.369	31.000
2687.369	22.000
2688.369	31.000
2689.369	36.000
2690.369	31.000
2691.369	31.000
2692.369	26.000
2693.369	28.000
2694.369	31.000
2695.370	20.000
2696.370	23.000
2697.370	36.000
2698.370	24.000
2699.370	28.000
2700.370	37.000
2701.370	36.000
2702.370	25.000
2703.370	34.000
2704.370	22.000
2705.371	28.000
2706.371	27.000
2707.371	34.000
2708.371	44.000
2709.371	28.000
2710.371	37.000
2711.371	28.000
2712.371	26.000
2713.371	29.000
2714.371	39.000
2715.372	30.000
2716.372	25.000
2717.372	25.000
2718.372	40.000
2719.372	26.000
2720.372	30.000
2721.372	26.000
2722.372	32.000
2723.372	26.000
2724.372	26.000
2725.373	28.000
2726.373	22.000
2727.373	35.000
2728.373	26.000
2729.373	22.000
2730.373	34.000
2731.373	26.000
2732.373	33.000
2733.373	33.000
2734.373	27.000
2735.374	27.000
2736.374	35.000
2737.374	44.000
2738.374	32.000
2739.374	37.000
2740.374	35.000
2741.374	36.000
2742.374	34.000
2743.374	31.000
2744.374	38.000
2745.375	31.000
2746.375	37.000
2747.375	33.000
2748.375	42.000
2749.375	28.000
2750.375	32.000
2751.375	30.000
2752.375	27.000
2753.375	32.000
2754.375	35.000
2755.376	33.000
2756.376	38.000
2757.376	36.000
2758.376	19.000
2759.376	26.000
2760.376	24.000
2761.376	31.000
2762.376	40.000
2763.376	20.000
2764.376	36.000
2765.377	25.000
2766.377	29.000
2767.377	34.000
2768.377	29.000
2769.377	33.000
2770.377	29.000
2771.377	21.000
2772.377	33.000
2773.377	40.000
2774.377	30.000
2775.378	30.000
2776.378	29.000
2777.378	30.000
2778.378	29.000
2779.378	34.000
2780.378	38.000
2781.378	34.000
2782.378	23.000
2783.378	29.000
2784.378	26.000
2785.379	23.000
2786.379	28.000
2787.379	29.000
2788.379	27.000
2789.379	35.000
2790.379	31.000
2791.379	31.000
2792.379	52.000
2793.379	42.000
2794.379	32.000
2795.380	34.000
2796.380	30.000
2797.380	25.000
2798.380	42.000
2799.380	34.000
2800.380	38.000
2801.380	36.000
2802.380	31.000
2803.380	25.000
2804.380	31.000
2805.381	38.000
2806.381	29.000
2807.381	34.000
2808.381	33.000
2809.381	25.000
2810.381	26.000
2811.381	24.000
2812.381	30.000
2813.381	36.000
2814.381	36.000
2815.382	28.000
2816.382	40.000
2817.382	27.000
2818.382	28.000
2819.382	32.000
2820.382	34.000
2821.382	34.000
2822.382	30.000
2823.382	31.000
2824.382	22.000
2825.383	32.000
2826.383	32.000
2827.383	31.000
2828.383	33.000
2829.383	31.000
2830.383	20.000
2831.383	24.000
2832.383	35.000
2833.383	36.000
2834.383	25.000
2835.384	44.000
2836.384	30.000
2837.384	39.000
2838.384	39.000
2839.384	35.000
2840.384	36.000
2841.384	33.000
2842.384	32.000
2843.384	36.000
2844.384	31.000
2845.385	27.000
2846.385	21.000
2847.385	39.000
2848.385	35.000
2849.385	36.000
2850.385	30.000
2851.385	37.000
2852.385	27.000
2853.385	40.000
2854.385	32.000
2855.386	39.000
2856.386	30.000
2857.386	31.000
2858.386	32.000
2859.386	39.000
2860.386	32.000
2861.386	41.000
2862.386	45.000
2863.386	30.000
2864.386	30.000
2865.387	35.000
2866.387	35.000
2867.387	31.000
2868.387	37.000
2869.387	28.000
2870.387	27.000
2871.387	31.000
2872.387	35.000
2873.387	33.000
2874.387	35.000
2875.388	32.000
2876.388	39.000
2877.388	44.000
2878.388	39.000
2879.388	28.000
2880.388	45.000
2881.388	31.000
2882.388	21.000
2883.388	32.000
2884.388	33.000
2885.389	41.000
2886.389	32.000
2887.389	37.000
2888.389	33.000
2889.389	30.000
2890.389	28.000
2891.389	40.000
2892.389	36.000
2893.389	22.000
2894.389	31.000
2895.390	33.000
2896.390	32.000
2897.390	25.000
2898.390	24.000
2899.390	32.000
2900.390	32.000
2901.390	35.000
2902.390	24.000
2903.390	44.000
2904.390	45.000
2905.391	34.000
2906.391	34.000
2907.391	38.000
2908.391	42.000
2909.391	34.000
2910.391	31.000
2911.391	38.000
2912.391	34.000
2913.391	38.000
2914.391	31.000
2915.392	30.000
2916.392	38.000
2917.392	33.000
2918.392	27.000
2919.392	38.000
2920.392	39.000
2921.392	37.000
2922.392	34.000
2923.392	36.000
2924.392	35.000
2925.393	29.000
2926.393	43.000
2927.393	36.000
2928.393	32.000
2929.393	36.000
2930.393	43.000
2931.393	45.000
2932.393	33.000
2933.393	31.000
2934.393	37.000
2935.394	32.000
2936.394	35.000
2937.394	34.000
2938.394	40.000
2939.394	37.000
2940.394	26.000
2941.394	34.000
2942.394	30.000
2943.394	38.000
2944.394	41.000
2945.395	41.000
2946.395	26.000
2947.395	40.000
2948.395	37.000
2949.395	36.000
2950.395	42.000
2951.395	45.000
2952.395	37.000
2953.395	39.000
2954.395	39.000
2955.396	44.000
2956.396	45.000
2957.396	41.000
2958.396	49.000
2959.396	34.000
2960.396	29.000
2961.396	34.000
2962.396	36.000
2963.396	41.000
2964.396	32.000
2965.397	38.000
2966.397	33.000
2967.397	36.000
2968.397	39.000
2969.397	35.000
2970.397	34.000
2971.397	35.000
2972.397	50.000
2973.397	33.000
2974.397	39.000
2975.398	43.000
2976.398	45.000
2977.398	42.000
2978.398	38.000
2979.398	27.000
2980.398	30.000
2981.398	42.000
2982.398	40.000
2983.398	49.000
2984.398	37.000
2985.399	40.000
2986.399	44.000
2987.399	39.000
2988.399	40.000
2989.399	37.000
2990.399	36.000
2991.399	47.000
2992.399	44.000
2993.399	42.000
2994.399	40.000
2995.400	35.000
2996.400	35.000
2997.400	67.000
2998.400	37.000
2999.400	48.000
3000.400	41.000
3001.400	41.000
3002.400	33.000
3003.400	50.000
3004.400	59.000
3005.401	57.000
3006.401	47.000
3007.401	43.000
3008.401	54.000
3009.401	50.000
3010.401	40.000
3011.401	44.000
3012.401	42.000
3013.401	40.000
3014.401	43.000
3015.402	36.000
3016.402	42.000
3017.402	43.000
3018.402	44.000
3019.402	44.000
3020.402	49.000
3021.402	49.000
3022.402	36.000
3023.402	46.000
3024.402	42.000
3025.403	36.000
3026.403	47.000
3027.403	51.000
3028.403	37.000
3029.403	44.000
3030.403	39.000
3031.403	41.000
3032.403	62.000
3033.403	47.000
3034.403	49.000
3035.404	47.000
3036.404	49.000
3037.404	41.000
3038.404	49.000
3039.404	49.000
3040.404	40.000
3041.404	50.000
3042.404	47.000
3043.404	41.000
3044.404	48.000
3045.405	41.000
3046.405	58.000
3047.405	36.000
3048.405	39.000
3049.405	43.000
3050.405	37.000
3051.405	50.000
3052.405	45.000
3053.405	48.000
3054.405	56.000
3055.406	53.000
3056.406	51.000
3057.406	39.000
3058.406	47.000
3059.406	51.000
3060.406	42.000
3061.406	60.000
3062.406	59.000
3063.406	55.000
3064.406	43.000
3065.407	41.000
3066.407	42.000
3067.407	50.000
3068.407	40.000
3069.407	52.000
3070.407	47.000
3071.407	62.000
3072.407	41.000
3073.407	42.000
3074.407	50.000
3075.408	62.000
3076.408	45.000
3077.408	52.000
3078.408	54.000
3079.408	43.000
3080.408	42.000
3081.408	48.000
3082.408	56.000
3083.408	43.000
3084.408	42.000
3085.409	51.000
3086.409	57.000
3087.409	43.000
3088.409	43.000
3089.409	56.000
3090.409	48.000
3091.409	51.000
3092.409	40.000
3093.409	63.000
3094.409	55.000
3095.410	54.000
3096.410	50.000
3097.410	49.000
3098.410	53.000
3099.410	50.000
3100.410	57.000
3101.410	56.000
3102.410	52.000
3103.410	45.000
3104.410	58.000
3105.411	47.000
3106.411	47.000
3107.411	40.000
3108.411	39.000
3109.411	57.000
3110.411	46.000
3111.411	47.000
3112.411	55.000
3113.411	54.000
3114.411	41.000
3115.412	49.000
3116.412	49.000
3117.412	62.000
3118.412	48.000
3119.412	51.000
3120.412	44.000
3121.412	39.000
3122.412	36.000
3123.412	43.000
3124.412	39.000
3125.413	49.000
3126.413	49.000
3127.413	45.000
3128.413	45.000
3129.413	53.000
3130.413	42.000
3131.413	55.000
3132.413	47.000
3133.413	47.000
3134.413	60.000
3135.414	40.000
3136.414	50.000
3137.414	61.000
3138.414	44.000
3139.414	57.000
3140.414	54.000
3141.414	54.000
3142.414	56.000
3143.414	51.000
3144.414	49.000
3145.415	41.000
3146.415	39.000
3147.415	54.000
3148.415	46.000
3149.415	44.000
3150.415	54.000
3151.415	51.000
3152.415	41.000
3153.415	56.000
3154.415	44.000
3155.416	44.000
3156.416	56.000
3157.416	39.000
3158.416	50.000
3159.416	43.000
3160.416	56.000
3161.416	42.000
3162.416	43.000
3163.416	64.000
3164.416	59.000
3165.417	55.000
3166.417	46.000
3167.417	51.000
3168.417	42.000
3169.417	59.000
3170.417	61.000
3171.417	64.000
3172.417	28.000
3173.417	48.000
3174.417	41.000
3175.418	54.000
3176.418	53.000
3177.418	51.000
3178.418	46.000
3179.418	51.000
3180.418	43.000
3181.418	50.000
3182.418	63.000
3183.418	55.000
3184.418	47.000
3185.419	44.000
3186.419	56.000
3187.419	50.000
3188.419	55.000
3189.419	59.000
3190.419	50.000
3191.419	69.000
3192.419	44.000
3193.419	42.000
3194.419	52.000
3195.420	50.000
3196.420	50.000
3197.420	54.000
3198.420	53.000
3199.420	62.000
3200.420	58.000
3201.420	50.000
3202.420	50.000
3203.420	55.000
3204.420	54.000
3205.421	59.000
3206.421	48.000
3207.421	51.000
3208.421	36.000
3209.421	41.000
3210.421	50.000
3211.421	52.000
3212.421	44.000
3213.421	47.000
3214.421	46.000
3215.422	57.000
3216.422	59.000
3217.422	47.000
3218.422	48.000
3219.422	59.000
3220.422	60.000
3221.422	45.000
3222.422	58.000
3223.422	64.000
3224.422	62.000
3225.423	58.000
3226.423	35.000
3227.423	55.000
3228.423	51.000
3229.423	66.000
3230.423	53.000
3231.423	64.000
3232.423	50.000
3233.423	47.000
3234.423	75.000
3235.424	68.000
3236.424	47.000
3237.424	45.000
3238.424	53.000
3239.424	69.000
3240.424	62.000
3241.424	49.000
3242.424	63.000
3243.424	83.000
3244.424	61.000
3245.425	61.000
3246.425	48.000
3247.425	58.000
3248.425	63.000
3249.425	61.000
3250.425	59.000
3251.425	69.000
3252.425	58.000
3253.425	61.000
3254.425	70.000
3255.426	63.000
3256.426	60.000
3257.426	48.000
3258.426	60.000
3259.426	62.000
3260.426	48.000
3261.426	71.000
3262.426	65.000
3263.426	58.000
3264.426	55.000
3265.427	58.000
3266.427	52.000
3267.427	66.000
3268.427	70.000
3269.427	67.000
3270.427	61.000
3271.427	63.000
3272.427	63.000
3273.427	51.000
3274.427	64.000
3275.428	57.000
3276.428	60.000
3277.428	55.000
3278.428	58.000
3279.428	53.000
3280.428	56.000
3281.428	60.000
3282.428	65.000
3283.428	77.000
3284.428	60.000
3285.429	56.000
3286.429	74.000
3287.429	51.000
3288.429	60.000
3289.429	73.000
3290.429	70.000
3291.429	71.000
3292.429	69.000
3293.429	66.000
3294.429	62.000
3295.430	65.000
3296.430	54.000
3297.430	76.000
3298.430	62.000
3299.430	71.000
3300.430	63.000
3301.430	52.000
3302.430	58.000
3303.430	64.000
3304.430	60.000
3305.431	76.000
3306.431	70.000
3307.431	89.000
3308.431	83.000
3309.431	59.000
3310.431	67.000
3311.431	66.000
3312.431	56.000
3313.431	60.000
3314.431	70.000
3315.432	76.000
3316.432	64.000
3317.432	69.000
3318.432	85.000
3319.432	62.000
3320.432	66.000
3321.432	53.000
3322.432	57.000
3323.432	66.000
3324.432	69.000
3325.433	72.000
3326.433	67.000
3327.433	77.000
3328.433	58.000
3329.433	68.000
3330.433	72.000
3331.433	69.000
3332.433	59.000
3333.433	65.000
3334.433	76.000
3335.434	75.000
3336.434	61.000
3337.434	42.000
3338.434	59.000
3339.434	53.000
3340.434	57.000
3341.434	61.000
3342.434	66.000
3343.434	73.000
3344.434	76.000
3345.435	68.000
3346.435	50.000
3347.435	80.000
3348.435	67.000
3349.435	66.000
3350.435	65.000
3351.435	63.000
3352.435	78.000
3353.435	58.000
3354.435	73.000
3355.436	62.000
3356.436	57.000
3357.436	61.000
3358.436	69.000
3359.436	44.000
3360.436	70.000
3361.436	76.000
3362.436	63.000
3363.436	54.000
3364.436	76.000
3365.437	67.000
3366.437	80.000
3367.437	68.000
3368.437	42.000
3369.437	71.000
3370.437	68.000
3371.437	66.000
3372.437	55.000
3373.437	61.000
3374.437	53.000
3375.438	84.000
3376.438	63.000
3377.438	79.000
3378.438	82.000
3379.438	56.000
3380.438	56.000
3381.438	61.000
3382.438	61.000
3383.438	59.000
3384.438	48.000
3385.439	47.000
3386.439	56.000
3387.439	63.000
3388.439	59.000
3389.439	65.000
3390.439	53.000
3391.439	68.000
3392.439	47.000
3393.439	64.000
3394.439	46.000
3395.440	61.000
3396.440	60.000
3397.440	67.000
3398.440	59.000
3399.440	55.000
3400.440	62.000
3401.440	68.000
3402.440	67.000
3403.440	60.000
3404.440	56.000
3405.441	57.000
3406.441	50.000
3407.441	59.000
3408.441	51.000
3409.441	65.000
3410.441	62.000
3411.441	54.000
3412.441	48.000
3413.441	58.000
3414.441	57.000
3415.442	53.000
3416.442	57.000
3417.442	64.000
3418.442	61.000
3419.442	63.000
3420.442	55.000
3421.442	62.000
3422.442	57.000
3423.442	58.000
3424.442	63.000
3425.443	48.000
3426.443	57.000
3427.443	54.000
3428.443	50.000
3429.443	44.000
3430.443	39.000
3431.443	48.000
3432.443	45.000
3433.443	58.000
3434.443	50.000
3435.444	54.000
3436.444	49.000
3437.444	58.000
3438.444	41.000
3439.444	40.000
3440.444	38.000
3441.444	49.000
3442.444	38.000
3443.444	53.000
3444.444	40.000
3445.445	46.000
3446.445	47.000
3447.445	45.000
3448.445	46.000
3449.445	40.000
3450.445	47.000
3451.445	41.000
3452.445	41.000
3453.445	36.000
3454.445	41.000
3455.446	32.000
3456.446	36.000
3457.446	51.000
3458.446	42.000
3459.446	49.000
3460.446	27.000
3461.446	43.000
3462.446	40.000
3463.446	49.000
3464.446	49.000
3465.447	38.000
3466.447	35.000
3467.447	34.000
3468.447	33.000
3469.447	35.000
3470.447	34.000
3471.447	33.000
3472.447	40.000
3473.447	24.000
3474.447	28.000
3475.448	33.000
3476.448	32.000
3477.448	38.000
3478.448	38.000
3479.448	28.000
3480.448	28.000
3481.448	24.000
3482.448	28.000
3483.448	43.000
3484.448	30.000
3485.449	40.000
3486.449	39.000
3487.449	29.000
3488.449	28.000
3489.449	34.000
3490.449	30.000
3491.449	30.000
3492.449	26.000
3493.449	35.000
3494.449	32.000
3495.450	27.000
3496.450	19.000
3497.450	30.000
3498.450	21.000
3499.450	25.000
3500.450	34.000
3501.450	34.000
3502.450	27.000
3503.450	31.000
3504.450	20.000
3505.451	24.000
3506.451	42.000
3507.451	28.000
3508.451	21.000
3509.451	26.000
3510.451	24.000
3511.451	34.000
3512.451	27.000
3513.451	14.000
3514.451	16.000
3515.452	35.000
3516.452	24.000
3517.452	23.000
3518.452	23.000
3519.452	24.000
3520.452	22.000
3521.452	24.000
3522.452	28.000
3523.452	26.000
3524.452	31.000
3525.453	30.000
3526.453	27.000
3527.453	31.000
3528.453	21.000
3529.453	17.000
3530.453	22.000
3531.453	22.000
3532.453	14.000
3533.453	20.000
3534.453	16.000
3535.454	14.000
3536.454	20.000
3537.454	21.000
3538.454	14.000
3539.454	23.000
3540.454	17.000
3541.454	26.000
3542.454	19.000
3543.454	21.000
3544.454	18.000
3545.455	21.000
3546.455	19.000
3547.455	16.000
3548.455	18.000
3549.455	31.000
3550.455	22.000
3551.455	19.000
3552.455	19.000
3553.455	19.000
3554.455	15.000
3555.456	24.000
3556.456	17.000
3557.456	15.000
3558.456	12.000
3559.456	13.000
3560.456	21.000
3561.456	19.000
3562.456	26.000
3563.456	18.000
3564.456	16.000
3565.457	22.000
3566.457	30.000
3567.457	17.000
3568.457	16.000
3569.457	20.000
3570.457	18.000
3571.457	10.000
3572.457	24.000
3573.457	16.000
3574.457	22.000
3575.458	10.000
3576.458	15.000
3577.458	25.000
3578.458	24.000
3579.458	24.000
3580.458	28.000
3581.458	21.000
3582.458	15.000
3583.458	21.000
3584.458	7.000
3585.459	9.000
3586.459	18.000
3587.459	17.000
3588.459	17.000
3589.459	18.000
3590.459	16.000
3591.459	21.000
3592.459	19.000
3593.459	15.000
3594.459	18.000
3595.460	13.000
3596.460	12.000
3597.460	18.000
3598.460	15.000
3599.460	9.000
3600.460	17.000
3601.460	18.000
3602.460	15.000
3603.460	20.000
3604.460	14.000
3605.461	11.000
3606.461	20.000
3607.461	14.000
3608.461	8.000
3609.461	16.000
3610.461	16.000
3611.461	13.000
3612.461	16.000
3613.461	12.000
3614.461	14.000
3615.462	14.000
3616.462	15.000
3617.462	14.000
3618.462	12.000
3619.462	15.000
3620.462	14.000
3621.462	19.000
3622.462	12.000
3623.462	16.000
3624.462	8.000
3625.463	18.000
3626.463	14.000
3627.463	11.000
3628.463	15.000
3629.463	18.000
3630.463	23.000
3631.463	15.000
3632.463	19.000
3633.463	14.000
3634.463	11.000
3635.464	10.000
3636.464	20.000
3637.464	21.000
3638.464	15.000
3639.464	14.000
3640.464	18.000
3641.464	16.000
3642.464	16.000
3643.464	15.000
3644.464	16.000
3645.465	30.000
3646.465	10.000
3647.465	16.000
3648.465	22.000
3649.465	20.000
3650.465	16.000
3651.465	16.000
3652.465	21.000
3653.465	9.000
3654.465	10.000
3655.466	13.000
3656.466	11.000
3657.466	18.000
3658.466	9.000
3659.466	15.000
3660.466	18.000
3661.466	28.000
3662.466	16.000
3663.466	18.000
3664.466	12.000
3665.467	10.000
3666.467	8.000
3667.467	18.000
3668.467	22.000
3669.467	7.000
3670.467	25.000
3671.467	11.000
3672.467	19.000
3673.467	21.000
3674.467	7.000
3675.468	20.000
3676.468	18.000
3677.468	17.000
3678.468	17.000
3679.468	12.000
3680.468	20.000
3681.468	14.000
3682.468	15.000
3683.468	14.000
3684.468	14.000
3685.469	12.000
3686.469	11.000
3687.469	14.000
3688.469	19.000
3689.469	18.000
3690.469	12.000
3691.469	16.000
3692.469	15.000
3693.469	16.000
3694.469	7.000
3695.470	18.000
3696.470	13.000
3697.470	17.000
3698.470	13.000
3699.470	17.000
3700.470	21.000
3701.470	15.000
3702.470	18.000
3703.470	23.000
3704.470	18.000
3705.471	7.000
3706.471	20.000
3707.471	9.000
3708.471	18.000
3709.471	17.000
3710.471	14.000
3711.471	19.000
3712.471	13.000
3713.471	9.000
3714.471	18.000
3715.472	15.000
3716.472	18.000
3717.472	15.000
3718.472	17.000
3719.472	18.000
3720.472	19.000
3721.472	15.000
3722.472	19.000
3723.472	16.000
3724.472	18.000
3725.473	24.000
3726.473	12.000
3727.473	16.000
3728.473	18.000
3729.473	11.000
3730.473	17.000
3731.473	21.000
3732.473	16.000
3733.473	16.000
3734.473	24.000
3735.474	14.000
3736.474	12.000
3737.474	14.000
3738.474	22.000
3739.474	12.000
3740.474	15.000
3741.474	16.000
3742.474	18.000
3743.474	11.000
3744.474	16.000
3745.475	13.000
3746.475	18.000
3747.475	13.000
3748.475	10.000
3749.475	17.000
3750.475	24.000
3751.475	6.000
3752.475	15.000
3753.475	16.000
3754.475	12.000
3755.476	16.000
3756.476	18.000
3757.476	13.000
3758.476	18.000
3759.476	10.000
3760.476	17.000
3761.476	17.000
3762.476	14.000
3763.476	25.000
3764.476	7.000
3765.477	22.000
3766.477	18.000
3767.477	19.000
3768.477	13.000
3769.477	12.000
3770.477	16.000
3771.477	14.000
3772.477	9.000
3773.477	18.000
3774.477	15.000
3775.478	17.000
3776.478	22.000
3777.478	17.000
3778.478	13.000
3779.478	17.000
3780.478	14.000
3781.478	18.000
3782.478	26.000
3783.478	23.000
3784.478	19.000
3785.479	22.000
3786.479	11.000
3787.479	15.000
3788.479	18.000
3789.479	20.000
3790.479	23.000
3791.479	13.000
3792.479	11.000
3793.479	17.000
3794.479	17.000
3795.480	14.000
3796.480	16.000
3797.480	14.000
3798.480	22.000
3799.480	15.000
3800.480	17.000
3801.480	19.000
3802.480	22.000
3803.480	17.000
3804.480	16.000
3805.481	22.000
3806.481	23.000
3807.481	16.000
3808.481	11.000
3809.481	11.000
3810.481	12.000
3811.481	18.000
3812.481	11.000
3813.481	15.000
3814.481	10.000
3815.482	10.000
3816.482	17.000
3817.482	19.000
3818.482	16.000
3819.482	18.000
3820.482	12.000
3821.482	13.000
3822.482	13.000
3823.482	10.000
3824.482	14.000
3825.483	17.000
3826.483	11.000
3827.483	21.000
3828.483	19.000
3829.483	11.000
3830.483	20.000
3831.483	14.000
3832.483	21.000
3833.483	15.000
3834.483	9.000
3835.484	17.000
3836.484	13.000
3837.484	10.000
3838.484	15.000
3839.484	10.000
3840.484	9.000
3841.484	15.000
3842.484	16.000
3843.484	20.000
3844.484	16.000
3845.485	9.000
3846.485	16.000
3847.485	16.000
3848.485	11.000
3849.485	12.000
3850.485	16.000
3851.485	16.000
3852.485	13.000
3853.485	22.000
3854.485	18.000
3855.486	11.000
3856.486	10.000
3857.486	15.000
3858.486	12.000
3859.486	19.000
3860.486	14.000
3861.486	17.000
3862.486	9.000
3863.486	8.000
3864.486	28.000
3865.487	13.000
3866.487	6.000
3867.487	11.000
3868.487	15.000
3869.487	15.000
3870.487	14.000
3871.487	21.000
3872.487	21.000
3873.487	10.000
3874.487	17.000
3875.488	15.000
3876.488	24.000
3877.488	18.000
3878.488	11.000
3879.488	12.000
3880.488	10.000
3881.488	8.000
3882.488	14.000
3883.488	16.000
3884.488	8.000
3885.489	11.000
3886.489	18.000
3887.489	19.000
3888.489	9.000
3889.489	17.000
3890.489	12.000
3891.489	13.000
3892.489	5.000
3893.489	15.000
3894.489	18.000
3895.490	19.000
3896.490	11.000
3897.490	18.000
3898.490	14.000
3899.490	13.000
3900.490	17.000
3901.490	20.000
3902.490	15.000
3903.490	19.000
3904.490	16.000
3905.491	11.000
3906.491	21.000
3907.491	13.000
3908.491	13.000
3909.491	30.000
3910.491	15.000
3911.491	8.000
3912.491	15.000
3913.491	12.000
3914.491	13.000
3915.492	16.000
3916.492	19.000
3917.492	15.000
3918.492	13.000
3919.492	13.000
3920.492	14.000
3921.492	27.000
3922.492	13.000
3923.492	10.000
3924.492	17.000
3925.493	17.000
3926.493	13.000
3927.493	13.000
3928.493	14.000
3929.493	16.000
3930.493	12.000
3931.493	19.000
3932.493	19.000
3933.493	19.000
3934.493	8.000
3935.494	12.000
3936.494	16.000
3937.494	17.000
3938.494	22.000
3939.494	18.000
3940.494	14.000
3941.494	13.000
3942.494	9.000
3943.494	30.000
3944.494	23.000
3945.495	15.000
3946.495	18.000
3947.495	15.000
3948.495	14.000
3949.495	16.000
3950.495	14.000
3951.495	12.000
3952.495	21.000
3953.495	17.000
3954.495	14.000
3955.496	12.000
3956.496	27.000
3957.496	12.000
3958.496	18.000
3959.496	15.000
3960.496	23.000
3961.496	13.000
3962.496	21.000
3963.496	17.000
3964.496	21.000
3965.497	16.000
3966.497	15.000
3967.497	17.000
3968.497	15.000
3969.497	14.000
3970.497	20.000
3971.497	21.000
3972.497	16.000
3973.497	14.000
3974.497	13.000
3975.498	16.000
3976.498	15.000
3977.498	15.000
3978.498	13.000
3979.498	16.000
3980.498	19.000
3981.498	17.000
3982.498	22.000
3983.498	13.000
3984.498	15.000
3985.499	15.000
3986.499	15.000
3987.499	18.000
3988.499	13.000
3989.499	17.000
3990.499	18.000
3991.499	15.000
3992.499	19.000
3993.499	13.000
3994.499	17.000
3995.500	18.000
3996.500	14.000
3997.500	14.000
3998.500	19.000
3999.500	13.000
