-1000.000	0.000
-999.000	0.000
-998.000	0.000
-997.000	0.000
-996.000	0.000
-995.000	0.000
-993.999	0.000
-992.999	0.000
-991.999	0.000
-990.999	0.000
-989.999	0.000
-988.999	0.000
-987.999	0.000
-986.999	0.000
-985.999	0.000
-984.999	0.000
-983.999	0.000
-982.999	0.000
-981.998	0.000
-980.998	0.000
-979.998	0.000
-978.998	0.000
-977.998	0.000
-976.998	0.000
-975.998	0.000
-974.998	0.000
-973.998	0.000
-972.998	0.000
-971.998	0.000
-970.998	0.000
-969.997	0.000
-968.997	0.000
-967.997	0.000
-966.997	0.000
-965.997	0.000
-964.997	0.000
-963.997	0.000
-962.997	0.000
-961.997	0.000
-960.997	0.000
-959.997	0.000
-958.997	0.000
-957.996	0.000
-956.996	0.000
-955.996	0.000
-954.996	0.000
-953.996	0.000
-952.996	0.000
-951.996	0.000
-950.996	0.000
-949.996	0.000
-948.996	0.000
-947.996	0.000
-946.996	0.000
-945.995	0.000
-944.995	0.000
-943.995	0.000
-942.995	0.000
-941.995	0.000
-940.995	0.000
-939.995	0.000
-938.995	0.000
-937.995	0.000
-936.995	0.000
-935.995	0.000
-934.995	0.000
-933.994	0.000
-932.994	0.000
-931.994	0.000
-930.994	0.000
-929.994	0.000
-928.994	0.000
-927.994	0.000
-926.994	0.000
-925.994	0.000
-924.994	0.000
-923.994	0.000
-922.994	0.000
-921.993	0.000
-920.993	0.000
-919.993	0.000
-918.993	0.000
-917.993	0.000
-916.993	0.000
-915.993	0.000
-914.993	0.000
-913.993	0.000
-912.993	0.000
-911.993	0.000
-910.993	0.000
-909.992	0.000
-908.992	0.000
-907.992	0.000
-906.992	0.000
-905.992	0.000
-904.992	0.000
-903.992	0.000
-902.992	0.000
-901.992	0.000
-900.992	0.000
-899.992	0.000
-898.992	0.000
-897.991	0.000
-896.991	0.000
-895.991	0.000
-894.991	0.000
-893.991	0.000
-892.991	0.000
-891.991	0.000
-890.991	0.000
-889.991	0.000
-888.991	0.000
-887.991	0.000
-886.991	0.000
-885.990	0.000
-884.990	0.000
-883.990	0.000
-882.990	0.000
-881.990	0.000
-880.990	0.000
-879.990	0.000
-878.990	0.000
-877.990	0.000
-876.990	0.000
-875.990	0.000
-874.990	0.000
-873.989	0.000
-872.989	0.000
-871.989	0.000
-870.989	0.000
-869.989	0.000
-868.989	0.000
-867.989	0.000
-866.989	0.000
-865.989	0.000
-864.989	0.000
-863.989	0.000
-862.989	0.000
-861.988	0.000
-860.988	0.000
-859.988	0.000
-858.988	0.000
-857.988	0.000
-856.988	0.000
-855.988	0.000
-854.988	0.000
-853.988	0.000
-852.988	0.000
-851.988	0.000
-850.988	0.000
-849.987	0.000
-848.987	0.000
-847.987	0.000
-846.987	0.000
-845.987	0.000
-844.987	0.000
-843.987	0.000
-842.987	0.000
-841.987	0.000
-840.987	0.000
-839.987	0.000
-838.987	0.000
-837.986	0.000
-836.986	0.000
-835.986	0.000
-834.986	0.000
-833.986	0.000
-832.986	0.000
-831.986	0.000
-830.986	0.000
-829.986	0.000
-828.986	0.000
-827.986	0.000
-826.986	0.000
-825.985	0.000
-824.985	0.000
-823.985	0.000
-822.985	0.000
-821.985	0.000
-820.985	0.000
-819.985	0.000
-818.985	0.000
-817.985	0.000
-816.985	0.000
-815.985	0.000
-814.985	0.000
-813.984	0.000
-812.984	0.000
-811.984	0.000
-810.984	0.000
-809.984	0.000
-808.984	0.000
-807.984	0.000
-806.984	0.000
-805.984	0.000
-804.984	0.000
-803.984	0.000
-802.984	0.000
-801.983	0.000
-800.983	0.000
-799.983	0.000
-798.983	0.000
-797.983	0.000
-796.983	0.000
-795.983	0.000
-794.983	0.000
-793.983	0.000
-792.983	0.000
-791.983	0.000
-790.983	0.000
-789.982	0.000
-788.982	0.000
-787.982	0.000
-786.982	0.000
-785.982	0.000
-784.982	0.000
-783.982	0.000
-782.982	0.000
-781.982	0.000
-780.982	0.000
-779.982	0.000
-778.982	0.000
-777.981	0.000
-776.981	0.000
-775.981	0.000
-774.981	0.000
-773.981	0.000
-772.981	0.000
-771.981	0.000
-770.981	0.000
-769.981	0.000
-768.981	0.000
-767.981	0.000
-766.981	0.000
-765.980	0.000
-764.980	0.000
-763.980	0.000
-762.980	0.000
-761.980	0.000
-760.980	0.000
-759.980	0.000
-758.980	0.000
-757.980	0.000
-756.980	0.000
-755.980	0.000
-754.980	0.000
-753.979	0.000
-752.979	0.000
-751.979	0.000
-750.979	0.000
-749.979	0.000
-748.979	0.000
-747.979	0.000
-746.979	0.000
-745.979	0.000
-744.979	0.000
-743.979	0.000
-742.979	0.000
-741.978	0.000
-740.978	0.000
-739.978	0.000
-738.978	0.000
-737.978	0.000
-736.978	0.000
-735.978	0.000
-734.978	0.000
-733.978	0.000
-732.978	0.000
-731.978	0.000
-730.978	0.000
-729.977	0.000
-728.977	0.000
-727.977	0.000
-726.977	0.000
-725.977	0.000
-724.977	0.000
-723.977	0.000
-722.977	0.000
-721.977	0.000
-720.977	0.000
-719.977	0.000
-718.977	0.000
-717.976	0.000
-716.976	0.000
-715.976	0.000
-714.976	0.000
-713.976	0.000
-712.976	0.000
-711.976	0.000
-710.976	0.000
-709.976	0.000
-708.976	0.000
-707.976	0.000
-706.976	0.000
-705.975	0.000
-704.975	0.000
-703.975	0.000
-702.975	0.000
-701.975	0.000
-700.975	0.000
-699.975	0.000
-698.975	0.000
-697.975	0.000
-696.975	0.000
-695.975	0.000
-694.975	0.000
-693.974	0.000
-692.974	0.000
-691.974	0.000
-690.974	0.000
-689.974	0.000
-688.974	0.000
-687.974	0.000
-686.974	0.000
-685.974	0.000
-684.974	0.000
-683.974	0.000
-682.974	0.000
-681.973	0.000
-680.973	0.000
-679.973	0.000
-678.973	0.000
-677.973	0.000
-676.973	0.000
-675.973	0.000
-674.973	0.000
-673.973	0.000
-672.973	0.000
-671.973	0.000
-670.973	0.000
-669.972	0.000
-668.972	0.000
-667.972	0.000
-666.972	0.000
-665.972	0.000
-664.972	0.000
-663.972	0.000
-662.972	0.000
-661.972	0.000
-660.972	0.000
-659.972	0.000
-658.972	0.000
-657.971	0.000
-656.971	0.000
-655.971	0.000
-654.971	0.000
-653.971	0.000
-652.971	0.000
-651.971	0.000
-650.971	0.000
-649.971	0.000
-648.971	0.000
-647.971	0.000
-646.971	0.000
-645.970	0.000
-644.970	0.000
-643.970	0.000
-642.970	0.000
-641.970	0.000
-640.970	0.000
-639.970	0.000
-638.970	0.000
-637.970	0.000
-636.970	0.000
-635.970	0.000
-634.970	0.000
-633.969	0.000
-632.969	0.000
-631.969	0.000
-630.969	0.000
-629.969	0.000
-628.969	0.000
-627.969	0.000
-626.969	0.000
-625.969	0.000
-624.969	0.000
-623.969	0.000
-622.969	0.000
-621.968	0.000
-620.968	0.000
-619.968	0.000
-618.968	0.000
-617.968	0.000
-616.968	0.000
-615.968	0.000
-614.968	0.000
-613.968	0.000
-612.968	0.000
-611.968	0.000
-610.968	0.000
-609.967	0.000
-608.967	0.000
-607.967	0.000
-606.967	0.000
-605.967	0.000
-604.967	0.000
-603.967	0.000
-602.967	0.000
-601.967	0.000
-600.967	0.000
-599.967	0.000
-598.967	0.000
-597.966	0.000
-596.966	0.000
-595.966	0.000
-594.966	0.000
-593.966	0.000
-592.966	0.000
-591.966	0.000
-590.966	0.000
-589.966	0.000
-588.966	0.000
-587.966	0.000
-586.966	0.000
-585.965	0.000
-584.965	0.000
-583.965	0.000
-582.965	0.000
-581.965	0.000
-580.965	0.000
-579.965	0.000
-578.965	0.000
-577.965	0.000
-576.965	0.000
-575.965	0.000
-574.965	0.000
-573.964	0.000
-572.964	0.000
-571.964	0.000
-570.964	0.000
-569.964	0.000
-568.964	0.000
-567.964	0.000
-566.964	0.000
-565.964	0.000
-564.964	0.000
-563.964	0.000
-562.964	0.000
-561.963	0.000
-560.963	0.000
-559.963	0.000
-558.963	0.000
-557.963	0.000
-556.963	0.000
-555.963	0.000
-554.963	0.000
-553.963	0.000
-552.963	0.000
-551.963	0.000
-550.963	0.000
-549.962	0.000
-548.962	0.000
-547.962	0.000
-546.962	0.000
-545.962	0.000
-544.962	0.000
-543.962	0.000
-542.962	0.000
-541.962	0.000
-540.962	0.000
-539.962	0.000
-538.962	0.000
-537.961	0.000
-536.961	0.000
-535.961	0.000
-534.961	0.000
-533.961	0.000
-532.961	0.000
-531.961	0.000
-530.961	0.000
-529.961	0.000
-528.961	0.000
-527.961	0.000
-526.961	0.000
-525.960	0.000
-524.960	0.000
-523.960	0.000
-522.960	0.000
-521.960	0.000
-520.960	0.000
-519.960	0.000
-518.960	0.000
-517.960	0.000
-516.960	0.000
-515.960	0.000
-514.960	0.000
-513.959	0.000
-512.959	0.000
-511.959	0.000
-510.959	0.000
-509.959	0.000
-508.959	0.000
-507.959	0.000
-506.959	0.000
-505.959	0.000
-504.959	0.000
-503.959	0.000
-502.959	0.000
-501.958	0.000
-500.958	0.000
-499.958	0.000
-498.958	0.000
-497.958	0.000
-496.958	0.000
-495.958	0.000
-494.958	0.000
-493.958	0.000
-492.958	0.000
-491.958	0.000
-490.958	0.000
-489.957	0.000
-488.957	0.000
-487.957	0.000
-486.957	0.000
-485.957	0.000
-484.957	0.000
-483.957	0.000
-482.957	0.000
-481.957	0.000
-480.957	0.000
-479.957	0.000
-478.957	0.000
-477.956	0.000
-476.956	0.000
-475.956	0.000
-474.956	0.000
-473.956	0.000
-472.956	0.000
-471.956	0.000
-470.956	0.000
-469.956	0.000
-468.956	0.000
-467.956	0.000
-466.956	0.000
-465.955	0.000
-464.955	0.000
-463.955	0.000
-462.955	0.000
-461.955	0.000
-460.955	0.000
-459.955	0.000
-458.955	0.000
-457.955	0.000
-456.955	0.000
-455.955	0.000
-454.955	0.000
-453.954	0.000
-452.954	0.000
-451.954	0.000
-450.954	0.000
-449.954	0.000
-448.954	0.000
-447.954	0.000
-446.954	0.000
-445.954	0.000
-444.954	0.000
-443.954	0.000
-442.954	0.000
-441.953	0.000
-440.953	0.000
-439.953	0.000
-438.953	0.000
-437.953	0.000
-436.953	0.000
-435.953	0.000
-434.953	0.000
-433.953	0.000
-432.953	0.000
-431.953	0.000
-430.953	0.000
-429.952	0.000
-428.952	0.000
-427.952	0.000
-426.952	0.000
-425.952	0.000
-424.952	0.000
-423.952	0.000
-422.952	0.000
-421.952	0.000
-420.952	0.000
-419.952	0.000
-418.952	0.000
-417.951	0.000
-416.951	0.000
-415.951	0.000
-414.951	0.000
-413.951	0.000
-412.951	0.000
-411.951	0.000
-410.951	0.000
-409.951	0.000
-408.951	0.000
-407.951	0.000
-406.951	0.000
-405.950	0.000
-404.950	0.000
-403.950	0.000
-402.950	0.000
-401.950	0.000
-400.950	0.000
-399.950	0.000
-398.950	0.000
-397.950	0.000
-396.950	0.000
-395.950	0.000
-394.950	0.000
-393.949	0.000
-392.949	0.000
-391.949	0.000
-390.949	0.000
-389.949	0.000
-388.949	0.000
-387.949	0.000
-386.949	0.000
-385.949	0.000
-384.949	0.000
-383.949	0.000
-382.949	0.000
-381.948	0.000
-380.948	0.000
-379.948	0.000
-378.948	0.000
-377.948	0.000
-376.948	0.000
-375.948	0.000
-374.948	0.000
-373.948	0.000
-372.948	0.000
-371.948	0.000
-370.948	0.000
-369.947	0.000
-368.947	0.000
-367.947	0.000
-366.947	0.000
-365.947	0.000
-364.947	0.000
-363.947	0.000
-362.947	0.000
-361.947	0.000
-360.947	0.000
-359.947	0.000
-358.947	0.000
-357.946	0.000
-356.946	0.000
-355.946	0.000
-354.946	0.000
-353.946	0.000
-352.946	0.000
-351.946	0.000
-350.946	0.000
-349.946	0.000
-348.946	0.000
-347.946	0.000
-346.946	0.000
-345.945	0.000
-344.945	0.000
-343.945	0.000
-342.945	0.000
-341.945	0.000
-340.945	0.000
-339.945	0.000
-338.945	0.000
-337.945	0.000
-336.945	0.000
-335.945	0.000
-334.945	0.000
-333.944	0.000
-332.944	0.000
-331.944	0.000
-330.944	0.000
-329.944	0.000
-328.944	0.000
-327.944	0.000
-326.944	0.000
-325.944	0.000
-324.944	0.000
-323.944	0.000
-322.944	0.000
-321.943	0.000
-320.943	0.000
-319.943	0.000
-318.943	0.000
-317.943	0.000
-316.943	0.000
-315.943	0.000
-314.943	0.000
-313.943	0.000
-312.943	0.000
-311.943	0.000
-310.943	0.000
-309.942	0.000
-308.942	0.000
-307.942	0.000
-306.942	0.000
-305.942	0.000
-304.942	0.000
-303.942	0.000
-302.942	0.000
-301.942	0.000
-300.942	0.000
-299.942	0.000
-298.942	0.000
-297.941	0.000
-296.941	0.000
-295.941	0.000
-294.941	0.000
-293.941	0.000
-292.941	0.000
-291.941	0.000
-290.941	0.000
-289.941	0.000
-288.941	0.000
-287.941	0.000
-286.941	0.000
-285.940	0.000
-284.940	0.000
-283.940	0.000
-282.940	0.000
-281.940	0.000
-280.940	0.000
-279.940	0.000
-278.940	0.000
-277.940	0.000
-276.940	0.000
-275.940	0.000
-274.940	0.000
-273.939	0.000
-272.939	0.000
-271.939	0.000
-270.939	0.000
-269.939	0.000
-268.939	0.000
-267.939	0.000
-266.939	0.000
-265.939	0.000
-264.939	0.000
-263.939	0.000
-262.939	0.000
-261.938	0.000
-260.938	0.000
-259.938	0.000
-258.938	0.000
-257.938	0.000
-256.938	0.000
-255.938	0.000
-254.938	0.000
-253.938	0.000
-252.938	0.000
-251.938	0.000
-250.938	0.000
-249.937	0.000
-248.937	0.000
-247.937	0.000
-246.937	0.000
-245.937	0.000
-244.937	0.000
-243.937	0.000
-242.937	0.000
-241.937	0.000
-240.937	0.000
-239.937	0.000
-238.937	0.000
-237.936	0.000
-236.936	0.000
-235.936	0.000
-234.936	0.000
-233.936	0.000
-232.936	0.000
-231.936	0.000
-230.936	0.000
-229.936	0.000
-228.936	0.000
-227.936	0.000
-226.936	0.000
-225.935	0.000
-224.935	0.000
-223.935	0.000
-222.935	0.000
-221.935	0.000
-220.935	0.000
-219.935	0.000
-218.935	0.000
-217.935	0.000
-216.935	0.000
-215.935	0.000
-214.935	0.000
-213.934	0.000
-212.934	0.000
-211.934	0.000
-210.934	0.000
-209.934	0.000
-208.934	0.000
-207.934	0.000
-206.934	0.000
-205.934	0.000
-204.934	0.000
-203.934	0.000
-202.934	0.000
-201.933	0.000
-200.933	0.000
-199.933	0.000
-198.933	0.000
-197.933	0.000
-196.933	0.000
-195.933	0.000
-194.933	0.000
-193.933	0.000
-192.933	0.000
-191.933	0.000
-190.933	0.000
-189.932	0.000
-188.932	0.000
-187.932	0.000
-186.932	0.000
-185.932	0.000
-184.932	0.000
-183.932	0.000
-182.932	0.000
-181.932	0.000
-180.932	0.000
-179.932	0.000
-178.932	0.000
-177.931	0.000
-176.931	0.000
-175.931	0.000
-174.931	0.000
-173.931	0.000
-172.931	0.000
-171.931	0.000
-170.931	0.000
-169.931	0.000
-168.931	0.000
-167.931	0.000
-166.931	0.000
-165.930	1.000
-164.930	0.000
-163.930	0.000
-162.930	1.000
-161.930	0.000
-160.930	0.000
-159.930	0.000
-158.930	0.000
-157.930	0.000
-156.930	1.000
-155.930	0.000
-154.930	0.000
-153.929	0.000
-152.929	1.000
-151.929	1.000
-150.929	0.000
-149.929	1.000
-148.929	0.000
-147.929	0.000
-146.929	0.000
-145.929	0.000
-144.929	0.000
-143.929	1.000
-142.929	0.000
-141.928	0.000
-140.928	0.000
-139.928	0.000
-138.928	1.000
-137.928	0.000
-136.928	1.000
-135.928	3.000
-134.928	0.000
-133.928	1.000
-132.928	1.000
-131.928	0.000
-130.928	2.000
-129.927	0.000
-128.927	2.000
-127.927	1.000
-126.927	0.000
-125.927	2.000
-124.927	1.000
-123.927	2.000
-122.927	3.000
-121.927	1.000
-120.927	5.000
-119.927	3.000
-118.927	2.000
-117.926	3.000
-116.926	2.000
-115.926	5.000
-114.926	8.000
-113.926	4.000
-112.926	6.000
-111.926	10.000
-110.926	6.000
-109.926	5.000
-108.926	9.000
-107.926	12.000
-106.926	12.000
-105.925	16.000
-104.925	13.000
-103.925	6.000
-102.925	8.000
-101.925	12.000
-100.925	10.000
-99.925	10.000
-98.925	22.000
-97.925	6.000
-96.925	12.000
-95.925	15.000
-94.925	10.000
-93.924	8.000
-92.924	19.000
-91.924	23.000
-90.924	17.000
-89.924	24.000
-88.924	24.000
-87.924	24.000
-86.924	26.000
-85.924	33.000
-84.924	25.000
-83.924	23.000
-82.924	30.000
-81.923	23.000
-80.923	21.000
-79.923	32.000
-78.923	31.000
-77.923	34.000
-76.923	35.000
-75.923	29.000
-74.923	43.000
-73.923	49.000
-72.923	38.000
-71.923	41.000
-70.923	41.000
-69.922	44.000
-68.922	51.000
-67.922	48.000
-66.922	48.000
-65.922	60.000
-64.922	69.000
-63.922	58.000
-62.922	57.000
-61.922	65.000
-60.922	88.000
-59.922	74.000
-58.922	71.000
-57.921	69.000
-56.921	74.000
-55.921	68.000
-54.921	76.000
-53.921	72.000
-52.921	90.000
-51.921	77.000
-50.921	93.000
-49.921	92.000
-48.921	102.000
-47.921	85.000
-46.921	98.000
-45.920	110.000
-44.920	106.000
-43.920	85.000
-42.920	103.000
-41.920	115.000
-40.920	107.000
-39.920	116.000
-38.920	108.000
-37.920	127.000
-36.920	127.000
-35.920	110.000
-34.920	133.000
-33.919	115.000
-32.919	111.000
-31.919	142.000
-30.919	129.000
-29.919	128.000
-28.919	155.000
-27.919	155.000
-26.919	148.000
-25.919	167.000
-24.919	148.000
-23.919	152.000
-22.919	145.000
-21.918	134.000
-20.918	150.000
-19.918	160.000
-18.918	171.000
-17.918	166.000
-16.918	191.000
-15.918	163.000
-14.918	177.000
-13.918	173.000
-12.918	150.000
-11.918	160.000
-10.918	189.000
-9.917	179.000
-8.917	178.000
-7.917	171.000
-6.917	164.000
-5.917	180.000
-4.917	174.000
-3.917	173.000
-2.917	173.000
-1.917	164.000
-0.917	185.000
0.083	186.000
1.083	192.000
2.084	187.000
3.084	197.000
4.084	145.000
5.084	159.000
6.084	179.000
7.084	190.000
8.084	183.000
9.084	167.000
10.084	147.000
11.084	161.000
12.084	166.000
13.084	196.000
14.085	167.000
15.085	170.000
16.085	165.000
17.085	190.000
18.085	191.000
19.085	176.000
20.085	184.000
21.085	192.000
22.085	149.000
23.085	177.000
24.085	161.000
25.085	154.000
26.086	158.000
27.086	162.000
28.086	164.000
29.086	149.000
30.086	173.000
31.086	137.000
32.086	144.000
33.086	139.000
34.086	152.000
35.086	133.000
36.086	155.000
37.086	129.000
38.087	157.000
39.087	128.000
40.087	126.000
41.087	115.000
42.087	128.000
43.087	128.000
44.087	112.000
45.087	127.000
46.087	111.000
47.087	112.000
48.087	112.000
49.087	113.000
50.088	107.000
51.088	108.000
52.088	115.000
53.088	118.000
54.088	95.000
55.088	93.000
56.088	75.000
57.088	99.000
58.088	93.000
59.088	76.000
60.088	77.000
61.088	73.000
62.089	73.000
63.089	68.000
64.089	67.000
65.089	69.000
66.089	68.000
67.089	54.000
68.089	68.000
69.089	65.000
70.089	59.000
71.089	51.000
72.089	49.000
73.089	47.000
74.090	55.000
75.090	45.000
76.090	57.000
77.090	49.000
78.090	33.000
79.090	42.000
80.090	46.000
81.090	34.000
82.090	25.000
83.090	35.000
84.090	27.000
85.090	36.000
86.091	38.000
87.091	30.000
88.091	23.000
89.091	29.000
90.091	30.000
91.091	28.000
92.091	20.000
93.091	20.000
94.091	32.000
95.091	21.000
96.091	24.000
97.091	21.000
98.092	28.000
99.092	17.000
100.092	18.000
101.092	9.000
102.092	20.000
103.092	22.000
104.092	12.000
105.092	8.000
106.092	14.000
107.092	10.000
108.092	15.000
109.092	4.000
110.093	7.000
111.093	8.000
112.093	8.000
113.093	11.000
114.093	7.000
115.093	8.000
116.093	14.000
117.093	7.000
118.093	8.000
119.093	5.000
120.093	9.000
121.093	6.000
122.094	6.000
123.094	7.000
124.094	5.000
125.094	3.000
126.094	9.000
127.094	1.000
128.094	5.000
129.094	7.000
130.094	7.000
131.094	3.000
132.094	3.000
133.094	6.000
134.095	3.000
135.095	1.000
136.095	2.000
137.095	4.000
138.095	1.000
139.095	0.000
140.095	4.000
141.095	1.000
142.095	4.000
143.095	0.000
144.095	1.000
145.095	3.000
146.096	3.000
147.096	1.000
148.096	0.000
149.096	0.000
150.096	0.000
151.096	1.000
152.096	2.000
153.096	1.000
154.096	0.000
155.096	0.000
156.096	1.000
157.096	1.000
158.097	0.000
159.097	0.000
160.097	1.000
161.097	0.000
162.097	0.000
163.097	0.000
164.097	2.000
165.097	0.000
166.097	0.000
167.097	1.000
168.097	1.000
169.097	1.000
170.098	0.000
171.098	0.000
172.098	0.000
173.098	0.000
174.098	0.000
175.098	0.000
176.098	0.000
177.098	0.000
178.098	0.000
179.098	0.000
180.098	1.000
181.098	0.000
182.099	2.000
183.099	0.000
184.099	0.000
185.099	0.000
186.099	0.000
187.099	1.000
188.099	0.000
189.099	1.000
190.099	0.000
191.099	1.000
192.099	0.000
193.099	0.000
194.100	0.000
195.100	1.000
196.100	0.000
197.100	0.000
198.100	0.000
199.100	0.000
200.100	1.000
201.100	0.000
202.100	0.000
203.100	0.000
204.100	1.000
205.100	1.000
206.101	0.000
207.101	1.000
208.101	1.000
209.101	0.000
210.101	0.000
211.101	0.000
212.101	0.000
213.101	0.000
214.101	0.000
215.101	0.000
216.101	1.000
217.101	0.000
218.102	0.000
219.102	1.000
220.102	0.000
221.102	0.000
222.102	1.000
223.102	0.000
224.102	0.000
225.102	0.000
226.102	0.000
227.102	0.000
228.102	0.000
229.102	0.000
230.103	3.000
231.103	2.000
232.103	0.000
233.103	0.000
234.103	1.000
235.103	0.000
236.103	0.000
237.103	0.000
238.103	0.000
239.103	0.000
240.103	0.000
241.103	0.000
242.104	1.000
243.104	0.000
244.104	0.000
245.104	0.000
246.104	0.000
247.104	0.000
248.104	0.000
249.104	0.000
250.104	0.000
251.104	1.000
252.104	2.000
253.104	1.000
254.105	0.000
255.105	1.000
256.105	2.000
257.105	0.000
258.105	0.000
259.105	0.000
260.105	0.000
261.105	0.000
262.105	0.000
263.105	0.000
264.105	1.000
265.105	0.000
266.106	1.000
267.106	0.000
268.106	0.000
269.106	0.000
270.106	0.000
271.106	0.000
272.106	1.000
273.106	0.000
274.106	0.000
275.106	0.000
276.106	0.000
277.106	0.000
278.107	0.000
279.107	0.000
280.107	0.000
281.107	1.000
282.107	0.000
283.107	0.000
284.107	0.000
285.107	0.000
286.107	2.000
287.107	0.000
288.107	0.000
289.107	0.000
290.108	0.000
291.108	0.000
292.108	0.000
293.108	0.000
294.108	0.000
295.108	0.000
296.108	0.000
297.108	0.000
298.108	0.000
299.108	0.000
300.108	0.000
301.108	1.000
302.109	0.000
303.109	0.000
304.109	0.000
305.109	0.000
306.109	0.000
307.109	0.000
308.109	0.000
309.109	0.000
310.109	3.000
311.109	1.000
312.109	0.000
313.109	0.000
314.110	0.000
315.110	0.000
316.110	0.000
317.110	0.000
318.110	0.000
319.110	1.000
320.110	1.000
321.110	0.000
322.110	0.000
323.110	0.000
324.110	0.000
325.110	1.000
326.111	0.000
327.111	1.000
328.111	0.000
329.111	1.000
330.111	0.000
331.111	0.000
332.111	1.000
333.111	1.000
334.111	0.000
335.111	0.000
336.111	1.000
337.111	0.000
338.112	0.000
339.112	0.000
340.112	0.000
341.112	0.000
342.112	0.000
343.112	0.000
344.112	1.000
345.112	1.000
346.112	0.000
347.112	0.000
348.112	0.000
349.112	0.000
350.113	0.000
351.113	0.000
352.113	0.000
353.113	1.000
354.113	0.000
355.113	0.000
356.113	0.000
357.113	1.000
358.113	0.000
359.113	0.000
360.113	2.000
361.113	0.000
362.114	1.000
363.114	0.000
364.114	0.000
365.114	0.000
366.114	0.000
367.114	1.000
368.114	0.000
369.114	0.000
370.114	0.000
371.114	0.000
372.114	0.000
373.114	1.000
374.115	0.000
375.115	0.000
376.115	0.000
377.115	0.000
378.115	0.000
379.115	1.000
380.115	0.000
381.115	1.000
382.115	0.000
383.115	0.000
384.115	0.000
385.115	1.000
386.116	0.000
387.116	0.000
388.116	0.000
389.116	0.000
390.116	0.000
391.116	1.000
392.116	1.000
393.116	0.000
394.116	1.000
395.116	1.000
396.116	0.000
397.116	0.000
398.117	1.000
399.117	0.000
400.117	0.000
401.117	0.000
402.117	0.000
403.117	1.000
404.117	0.000
405.117	0.000
406.117	0.000
407.117	0.000
408.117	0.000
409.117	0.000
410.118	1.000
411.118	1.000
412.118	0.000
413.118	0.000
414.118	0.000
415.118	1.000
416.118	0.000
417.118	1.000
418.118	0.000
419.118	1.000
420.118	3.000
421.118	0.000
422.119	1.000
423.119	0.000
424.119	0.000
425.119	0.000
426.119	0.000
427.119	0.000
428.119	0.000
429.119	1.000
430.119	2.000
431.119	1.000
432.119	0.000
433.119	0.000
434.120	0.000
435.120	0.000
436.120	0.000
437.120	0.000
438.120	1.000
439.120	1.000
440.120	1.000
441.120	0.000
442.120	0.000
443.120	0.000
444.120	1.000
445.120	0.000
446.121	0.000
447.121	0.000
448.121	0.000
449.121	1.000
450.121	1.000
451.121	0.000
452.121	0.000
453.121	0.000
454.121	1.000
455.121	0.000
456.121	0.000
457.121	0.000
458.122	1.000
459.122	1.000
460.122	0.000
461.122	2.000
462.122	0.000
463.122	0.000
464.122	0.000
465.122	0.000
466.122	0.000
467.122	0.000
468.122	0.000
469.122	0.000
470.123	2.000
471.123	0.000
472.123	1.000
473.123	2.000
474.123	0.000
475.123	0.000
476.123	1.000
477.123	1.000
478.123	0.000
479.123	0.000
480.123	0.000
481.123	2.000
482.124	2.000
483.124	0.000
484.124	0.000
485.124	0.000
486.124	0.000
487.124	0.000
488.124	1.000
489.124	1.000
490.124	0.000
491.124	0.000
492.124	0.000
493.124	0.000
494.125	0.000
495.125	0.000
496.125	0.000
497.125	1.000
498.125	0.000
499.125	0.000
500.125	0.000
501.125	2.000
502.125	0.000
503.125	0.000
504.125	0.000
505.125	0.000
506.126	0.000
507.126	1.000
508.126	0.000
509.126	0.000
510.126	0.000
511.126	0.000
512.126	0.000
513.126	1.000
514.126	0.000
515.126	0.000
516.126	0.000
517.126	1.000
518.127	0.000
519.127	0.000
520.127	0.000
521.127	0.000
522.127	0.000
523.127	1.000
524.127	0.000
525.127	1.000
526.127	0.000
527.127	0.000
528.127	0.000
529.127	0.000
530.128	2.000
531.128	0.000
532.128	0.000
533.128	0.000
534.128	1.000
535.128	0.000
536.128	0.000
537.128	0.000
538.128	0.000
539.128	1.000
540.128	1.000
541.128	1.000
542.129	0.000
543.129	0.000
544.129	0.000
545.129	0.000
546.129	1.000
547.129	0.000
548.129	0.000
549.129	0.000
550.129	0.000
551.129	0.000
552.129	1.000
553.129	0.000
554.130	0.000
555.130	1.000
556.130	1.000
557.130	0.000
558.130	0.000
559.130	0.000
560.130	0.000
561.130	0.000
562.130	0.000
563.130	0.000
564.130	0.000
565.130	0.000
566.131	2.000
567.131	1.000
568.131	0.000
569.131	2.000
570.131	0.000
571.131	0.000
572.131	1.000
573.131	1.000
574.131	0.000
575.131	1.000
576.131	0.000
577.131	0.000
578.132	0.000
579.132	0.000
580.132	0.000
581.132	0.000
582.132	1.000
583.132	0.000
584.132	3.000
585.132	3.000
586.132	0.000
587.132	0.000
588.132	2.000
589.132	1.000
590.133	1.000
591.133	0.000
592.133	1.000
593.133	0.000
594.133	1.000
595.133	0.000
596.133	0.000
597.133	0.000
598.133	0.000
599.133	0.000
600.133	0.000
601.133	0.000
602.134	0.000
603.134	0.000
604.134	0.000
605.134	0.000
606.134	0.000
607.134	0.000
608.134	1.000
609.134	1.000
610.134	0.000
611.134	0.000
612.134	1.000
613.134	0.000
614.135	1.000
615.135	0.000
616.135	1.000
617.135	1.000
618.135	1.000
619.135	0.000
620.135	0.000
621.135	0.000
622.135	0.000
623.135	1.000
624.135	0.000
625.135	1.000
626.136	0.000
627.136	0.000
628.136	0.000
629.136	1.000
630.136	1.000
631.136	0.000
632.136	0.000
633.136	1.000
634.136	0.000
635.136	0.000
636.136	0.000
637.136	0.000
638.137	0.000
639.137	0.000
640.137	0.000
641.137	0.000
642.137	0.000
643.137	1.000
644.137	0.000
645.137	0.000
646.137	2.000
647.137	0.000
648.137	1.000
649.137	0.000
650.138	1.000
651.138	1.000
652.138	0.000
653.138	1.000
654.138	2.000
655.138	0.000
656.138	0.000
657.138	0.000
658.138	0.000
659.138	0.000
660.138	2.000
661.138	1.000
662.139	1.000
663.139	0.000
664.139	1.000
665.139	1.000
666.139	0.000
667.139	1.000
668.139	0.000
669.139	0.000
670.139	0.000
671.139	0.000
672.139	0.000
673.139	1.000
674.140	0.000
675.140	2.000
676.140	1.000
677.140	1.000
678.140	0.000
679.140	1.000
680.140	0.000
681.140	0.000
682.140	0.000
683.140	0.000
684.140	1.000
685.140	0.000
686.141	0.000
687.141	2.000
688.141	1.000
689.141	0.000
690.141	1.000
691.141	3.000
692.141	1.000
693.141	0.000
694.141	3.000
695.141	0.000
696.141	1.000
697.141	0.000
698.142	0.000
699.142	0.000
700.142	0.000
701.142	0.000
702.142	1.000
703.142	1.000
704.142	2.000
705.142	1.000
706.142	1.000
707.142	1.000
708.142	0.000
709.142	0.000
710.143	0.000
711.143	0.000
712.143	0.000
713.143	0.000
714.143	0.000
715.143	0.000
716.143	2.000
717.143	1.000
718.143	0.000
719.143	1.000
720.143	1.000
721.143	0.000
722.144	1.000
723.144	1.000
724.144	0.000
725.144	1.000
726.144	1.000
727.144	0.000
728.144	1.000
729.144	0.000
730.144	1.000
731.144	0.000
732.144	0.000
733.144	1.000
734.145	1.000
735.145	1.000
736.145	0.000
737.145	0.000
738.145	0.000
739.145	0.000
740.145	0.000
741.145	1.000
742.145	0.000
743.145	2.000
744.145	2.000
745.145	2.000
746.146	0.000
747.146	2.000
748.146	0.000
749.146	0.000
750.146	0.000
751.146	1.000
752.146	0.000
753.146	0.000
754.146	1.000
755.146	0.000
756.146	2.000
757.146	2.000
758.147	0.000
759.147	0.000
760.147	1.000
761.147	0.000
762.147	0.000
763.147	0.000
764.147	1.000
765.147	0.000
766.147	1.000
767.147	1.000
768.147	1.000
769.147	0.000
770.148	1.000
771.148	2.000
772.148	1.000
773.148	1.000
774.148	0.000
775.148	0.000
776.148	0.000
777.148	1.000
778.148	1.000
779.148	1.000
780.148	1.000
781.148	0.000
782.149	0.000
783.149	0.000
784.149	1.000
785.149	0.000
786.149	0.000
787.149	0.000
788.149	0.000
789.149	0.000
790.149	0.000
791.149	0.000
792.149	0.000
793.149	0.000
794.150	0.000
795.150	2.000
796.150	0.000
797.150	0.000
798.150	0.000
799.150	0.000
800.150	1.000
801.150	0.000
802.150	0.000
803.150	1.000
804.150	3.000
805.150	0.000
806.151	0.000
807.151	0.000
808.151	1.000
809.151	1.000
810.151	1.000
811.151	0.000
812.151	1.000
813.151	1.000
814.151	0.000
815.151	0.000
816.151	0.000
817.151	0.000
818.152	1.000
819.152	0.000
820.152	0.000
821.152	2.000
822.152	1.000
823.152	0.000
824.152	0.000
825.152	1.000
826.152	0.000
827.152	0.000
828.152	1.000
829.152	0.000
830.153	0.000
831.153	3.000
832.153	0.000
833.153	1.000
834.153	1.000
835.153	1.000
836.153	1.000
837.153	0.000
838.153	0.000
839.153	1.000
840.153	3.000
841.153	1.000
842.154	1.000
843.154	0.000
844.154	1.000
845.154	0.000
846.154	1.000
847.154	2.000
848.154	1.000
849.154	0.000
850.154	0.000
851.154	0.000
852.154	1.000
853.154	0.000
854.155	1.000
855.155	1.000
856.155	1.000
857.155	3.000
858.155	1.000
859.155	0.000
860.155	0.000
861.155	0.000
862.155	1.000
863.155	0.000
864.155	0.000
865.155	0.000
866.156	2.000
867.156	0.000
868.156	0.000
869.156	0.000
870.156	0.000
871.156	1.000
872.156	0.000
873.156	0.000
874.156	0.000
875.156	0.000
876.156	1.000
877.156	1.000
878.157	0.000
879.157	0.000
880.157	2.000
881.157	2.000
882.157	0.000
883.157	0.000
884.157	0.000
885.157	0.000
886.157	2.000
887.157	2.000
888.157	2.000
889.157	3.000
890.158	3.000
891.158	1.000
892.158	0.000
893.158	2.000
894.158	1.000
895.158	2.000
896.158	0.000
897.158	0.000
898.158	2.000
899.158	2.000
900.158	0.000
901.158	0.000
902.159	2.000
903.159	1.000
904.159	0.000
905.159	1.000
906.159	0.000
907.159	0.000
908.159	2.000
909.159	1.000
910.159	1.000
911.159	1.000
912.159	3.000
913.159	1.000
914.160	1.000
915.160	2.000
916.160	0.000
917.160	0.000
918.160	1.000
919.160	1.000
920.160	0.000
921.160	0.000
922.160	0.000
923.160	1.000
924.160	1.000
925.160	1.000
926.161	0.000
927.161	3.000
928.161	0.000
929.161	2.000
930.161	2.000
931.161	2.000
932.161	0.000
933.161	1.000
934.161	0.000
935.161	0.000
936.161	0.000
937.161	1.000
938.162	1.000
939.162	1.000
940.162	2.000
941.162	1.000
942.162	0.000
943.162	0.000
944.162	1.000
945.162	0.000
946.162	1.000
947.162	1.000
948.162	0.000
949.162	0.000
950.163	0.000
951.163	0.000
952.163	2.000
953.163	0.000
954.163	1.000
955.163	1.000
956.163	1.000
957.163	2.000
958.163	2.000
959.163	0.000
960.163	0.000
961.163	0.000
962.164	0.000
963.164	0.000
964.164	0.000
965.164	0.000
966.164	1.000
967.164	1.000
968.164	0.000
969.164	0.000
970.164	0.000
971.164	0.000
972.164	1.000
973.164	1.000
974.165	0.000
975.165	1.000
976.165	0.000
977.165	2.000
978.165	2.000
979.165	1.000
980.165	0.000
981.165	0.000
982.165	3.000
983.165	0.000
984.165	0.000
985.165	0.000
986.166	1.000
987.166	1.000
988.166	5.000
989.166	1.000
990.166	0.000
991.166	2.000
992.166	0.000
993.166	0.000
994.166	0.000
995.166	1.000
996.166	2.000
997.166	1.000
998.167	1.000
999.167	2.000
1000.167	1.000
1001.167	2.000
1002.167	0.000
1003.167	1.000
1004.167	1.000
1005.167	0.000
1006.167	1.000
1007.167	1.000
1008.167	1.000
1009.167	0.000
1010.168	2.000
1011.168	1.000
1012.168	1.000
1013.168	2.000
1014.168	1.000
1015.168	1.000
1016.168	1.000
1017.168	1.000
1018.168	0.000
1019.168	3.000
1020.168	1.000
1021.168	0.000
1022.169	0.000
1023.169	1.000
1024.169	0.000
1025.169	2.000
1026.169	1.000
1027.169	0.000
1028.169	3.000
1029.169	0.000
1030.169	3.000
1031.169	3.000
1032.169	1.000
1033.169	1.000
1034.170	2.000
1035.170	1.000
1036.170	2.000
1037.170	0.000
1038.170	0.000
1039.170	0.000
1040.170	1.000
1041.170	2.000
1042.170	0.000
1043.170	3.000
1044.170	1.000
1045.170	1.000
1046.171	0.000
1047.171	2.000
1048.171	2.000
1049.171	1.000
1050.171	2.000
1051.171	0.000
1052.171	2.000
1053.171	3.000
1054.171	2.000
1055.171	2.000
1056.171	1.000
1057.171	2.000
1058.172	1.000
1059.172	1.000
1060.172	3.000
1061.172	5.000
1062.172	2.000
1063.172	2.000
1064.172	1.000
1065.172	1.000
1066.172	0.000
1067.172	1.000
1068.172	2.000
1069.172	4.000
1070.173	3.000
1071.173	1.000
1072.173	3.000
1073.173	1.000
1074.173	3.000
1075.173	1.000
1076.173	2.000
1077.173	2.000
1078.173	3.000
1079.173	5.000
1080.173	1.000
1081.173	5.000
1082.174	4.000
1083.174	3.000
1084.174	3.000
1085.174	7.000
1086.174	2.000
1087.174	0.000
1088.174	2.000
1089.174	5.000
1090.174	8.000
1091.174	4.000
1092.174	4.000
1093.174	7.000
1094.175	7.000
1095.175	9.000
1096.175	2.000
1097.175	5.000
1098.175	4.000
1099.175	6.000
1100.175	8.000
1101.175	11.000
1102.175	10.000
1103.175	7.000
1104.175	6.000
1105.175	3.000
1106.176	11.000
1107.176	13.000
1108.176	15.000
1109.176	8.000
1110.176	12.000
1111.176	9.000
1112.176	14.000
1113.176	14.000
1114.176	11.000
1115.176	17.000
1116.176	18.000
1117.176	10.000
1118.177	10.000
1119.177	18.000
1120.177	12.000
1121.177	13.000
1122.177	19.000
1123.177	10.000
1124.177	16.000
1125.177	22.000
1126.177	16.000
1127.177	21.000
1128.177	29.000
1129.177	29.000
1130.178	24.000
1131.178	26.000
1132.178	27.000
1133.178	27.000
1134.178	19.000
1135.178	21.000
1136.178	36.000
1137.178	28.000
1138.178	31.000
1139.178	28.000
1140.178	24.000
1141.178	32.000
1142.179	47.000
1143.179	41.000
1144.179	26.000
1145.179	33.000
1146.179	38.000
1147.179	45.000
1148.179	50.000
1149.179	38.000
1150.179	38.000
1151.179	53.000
1152.179	45.000
1153.179	65.000
1154.180	54.000
1155.180	57.000
1156.180	41.000
1157.180	55.000
1158.180	53.000
1159.180	60.000
1160.180	68.000
1161.180	60.000
1162.180	74.000
1163.180	68.000
1164.180	64.000
1165.180	69.000
1166.181	72.000
1167.181	75.000
1168.181	68.000
1169.181	94.000
1170.181	90.000
1171.181	80.000
1172.181	100.000
1173.181	88.000
1174.181	93.000
1175.181	119.000
1176.181	104.000
1177.181	111.000
1178.182	106.000
1179.182	129.000
1180.182	109.000
1181.182	113.000
1182.182	114.000
1183.182	133.000
1184.182	114.000
1185.182	131.000
1186.182	155.000
1187.182	135.000
1188.182	149.000
1189.182	147.000
1190.183	163.000
1191.183	151.000
1192.183	172.000
1193.183	176.000
1194.183	189.000
1195.183	187.000
1196.183	168.000
1197.183	195.000
1198.183	197.000
1199.183	188.000
1200.183	193.000
1201.183	224.000
1202.184	244.000
1203.184	205.000
1204.184	222.000
1205.184	220.000
1206.184	250.000
1207.184	260.000
1208.184	231.000
1209.184	253.000
1210.184	242.000
1211.184	275.000
1212.184	234.000
1213.184	282.000
1214.185	293.000
1215.185	278.000
1216.185	321.000
1217.185	350.000
1218.185	314.000
1219.185	338.000
1220.185	329.000
1221.185	338.000
1222.185	345.000
1223.185	390.000
1224.185	368.000
1225.185	402.000
1226.186	403.000
1227.186	386.000
1228.186	386.000
1229.186	404.000
1230.186	411.000
1231.186	394.000
1232.186	440.000
1233.186	466.000
1234.186	425.000
1235.186	464.000
1236.186	450.000
1237.186	396.000
1238.187	468.000
1239.187	484.000
1240.187	464.000
1241.187	550.000
1242.187	495.000
1243.187	526.000
1244.187	516.000
1245.187	483.000
1246.187	549.000
1247.187	519.000
1248.187	547.000
1249.187	636.000
1250.188	648.000
1251.188	588.000
1252.188	556.000
1253.188	633.000
1254.188	601.000
1255.188	641.000
1256.188	660.000
1257.188	638.000
1258.188	706.000
1259.188	665.000
1260.188	637.000
1261.188	721.000
1262.189	748.000
1263.189	698.000
1264.189	768.000
1265.189	709.000
1266.189	741.000
1267.189	769.000
1268.189	747.000
1269.189	766.000
1270.189	808.000
1271.189	848.000
1272.189	745.000
1273.189	795.000
1274.190	797.000
1275.190	853.000
1276.190	844.000
1277.190	842.000
1278.190	902.000
1279.190	840.000
1280.190	897.000
1281.190	919.000
1282.190	848.000
1283.190	890.000
1284.190	881.000
1285.190	913.000
1286.191	923.000
1287.191	921.000
1288.191	957.000
1289.191	898.000
1290.191	973.000
1291.191	997.000
1292.191	994.000
1293.191	1029.000
1294.191	1057.000
1295.191	1029.000
1296.191	1019.000
1297.191	993.000
1298.192	1045.000
1299.192	984.000
1300.192	1012.000
1301.192	1067.000
1302.192	1064.000
1303.192	1063.000
1304.192	1073.000
1305.192	1044.000
1306.192	1002.000
1307.192	1032.000
1308.192	1061.000
1309.192	1032.000
1310.193	1087.000
1311.193	1062.000
1312.193	1072.000
1313.193	1114.000
1314.193	1085.000
1315.193	1078.000
1316.193	1060.000
1317.193	1081.000
1318.193	1164.000
1319.193	1085.000
1320.193	1099.000
1321.193	1032.000
1322.194	1089.000
1323.194	1109.000
1324.194	1113.000
1325.194	1098.000
1326.194	1123.000
1327.194	1149.000
1328.194	1133.000
1329.194	1064.000
1330.194	1103.000
1331.194	1126.000
1332.194	1091.000
1333.194	1101.000
1334.195	1084.000
1335.195	1095.000
1336.195	1111.000
1337.195	1072.000
1338.195	1077.000
1339.195	990.000
1340.195	1038.000
1341.195	1077.000
1342.195	1072.000
1343.195	1081.000
1344.195	1020.000
1345.195	1072.000
1346.196	989.000
1347.196	1046.000
1348.196	1023.000
1349.196	1029.000
1350.196	1015.000
1351.196	1008.000
1352.196	985.000
1353.196	1088.000
1354.196	981.000
1355.196	1015.000
1356.196	989.000
1357.196	974.000
1358.197	938.000
1359.197	1037.000
1360.197	956.000
1361.197	935.000
1362.197	892.000
1363.197	900.000
1364.197	891.000
1365.197	896.000
1366.197	895.000
1367.197	944.000
1368.197	907.000
1369.197	807.000
1370.198	820.000
1371.198	799.000
1372.198	826.000
1373.198	861.000
1374.198	843.000
1375.198	786.000
1376.198	818.000
1377.198	747.000
1378.198	736.000
1379.198	782.000
1380.198	736.000
1381.198	742.000
1382.199	725.000
1383.199	703.000
1384.199	722.000
1385.199	675.000
1386.199	720.000
1387.199	665.000
1388.199	643.000
1389.199	673.000
1390.199	625.000
1391.199	606.000
1392.199	644.000
1393.199	591.000
1394.200	587.000
1395.200	603.000
1396.200	502.000
1397.200	543.000
1398.200	525.000
1399.200	509.000
1400.200	518.000
1401.200	478.000
1402.200	492.000
1403.200	478.000
1404.200	485.000
1405.200	462.000
1406.201	482.000
1407.201	479.000
1408.201	448.000
1409.201	441.000
1410.201	457.000
1411.201	441.000
1412.201	424.000
1413.201	382.000
1414.201	400.000
1415.201	419.000
1416.201	351.000
1417.201	386.000
1418.202	358.000
1419.202	353.000
1420.202	366.000
1421.202	347.000
1422.202	330.000
1423.202	293.000
1424.202	294.000
1425.202	298.000
1426.202	297.000
1427.202	313.000
1428.202	286.000
1429.202	275.000
1430.203	275.000
1431.203	304.000
1432.203	264.000
1433.203	251.000
1434.203	234.000
1435.203	222.000
1436.203	222.000
1437.203	226.000
1438.203	226.000
1439.203	232.000
1440.203	206.000
1441.203	193.000
1442.204	227.000
1443.204	188.000
1444.204	189.000
1445.204	176.000
1446.204	194.000
1447.204	151.000
1448.204	171.000
1449.204	167.000
1450.204	150.000
1451.204	132.000
1452.204	177.000
1453.204	128.000
1454.205	132.000
1455.205	134.000
1456.205	148.000
1457.205	134.000
1458.205	120.000
1459.205	135.000
1460.205	98.000
1461.205	117.000
1462.205	119.000
1463.205	92.000
1464.205	102.000
1465.205	100.000
1466.206	111.000
1467.206	111.000
1468.206	104.000
1469.206	95.000
1470.206	102.000
1471.206	83.000
1472.206	82.000
1473.206	71.000
1474.206	74.000
1475.206	70.000
1476.206	77.000
1477.206	79.000
1478.207	58.000
1479.207	47.000
1480.207	75.000
1481.207	57.000
1482.207	76.000
1483.207	59.000
1484.207	56.000
1485.207	60.000
1486.207	57.000
1487.207	54.000
1488.207	45.000
1489.207	40.000
1490.208	43.000
1491.208	40.000
1492.208	53.000
1493.208	44.000
1494.208	45.000
1495.208	53.000
1496.208	47.000
1497.208	40.000
1498.208	45.000
1499.208	36.000
1500.208	57.000
1501.208	35.000
1502.209	48.000
1503.209	33.000
1504.209	29.000
1505.209	46.000
1506.209	44.000
1507.209	42.000
1508.209	36.000
1509.209	42.000
1510.209	34.000
1511.209	42.000
1512.209	22.000
1513.209	43.000
1514.210	36.000
1515.210	33.000
1516.210	32.000
1517.210	25.000
1518.210	28.000
1519.210	32.000
1520.210	24.000
1521.210	40.000
1522.210	25.000
1523.210	38.000
1524.210	25.000
1525.210	25.000
1526.211	33.000
1527.211	28.000
1528.211	33.000
1529.211	36.000
1530.211	25.000
1531.211	29.000
1532.211	30.000
1533.211	28.000
1534.211	18.000
1535.211	27.000
1536.211	26.000
1537.211	26.000
1538.212	24.000
1539.212	25.000
1540.212	21.000
1541.212	25.000
1542.212	22.000
1543.212	18.000
1544.212	25.000
1545.212	21.000
1546.212	18.000
1547.212	30.000
1548.212	26.000
1549.212	27.000
1550.213	27.000
1551.213	20.000
1552.213	20.000
1553.213	27.000
1554.213	18.000
1555.213	25.000
1556.213	31.000
1557.213	32.000
1558.213	29.000
1559.213	21.000
1560.213	22.000
1561.213	33.000
1562.214	24.000
1563.214	26.000
1564.214	25.000
1565.214	36.000
1566.214	32.000
1567.214	27.000
1568.214	25.000
1569.214	36.000
1570.214	26.000
1571.214	24.000
1572.214	20.000
1573.214	20.000
1574.215	26.000
1575.215	19.000
1576.215	24.000
1577.215	34.000
1578.215	28.000
1579.215	27.000
1580.215	20.000
1581.215	29.000
1582.215	22.000
1583.215	29.000
1584.215	26.000
1585.215	19.000
1586.216	20.000
1587.216	24.000
1588.216	34.000
1589.216	22.000
1590.216	23.000
1591.216	25.000
1592.216	24.000
1593.216	29.000
1594.216	26.000
1595.216	25.000
1596.216	24.000
1597.216	24.000
1598.217	26.000
1599.217	22.000
1600.217	22.000
1601.217	35.000
1602.217	29.000
1603.217	40.000
1604.217	21.000
1605.217	25.000
1606.217	24.000
1607.217	33.000
1608.217	29.000
1609.217	44.000
1610.218	27.000
1611.218	31.000
1612.218	30.000
1613.218	30.000
1614.218	20.000
1615.218	20.000
1616.218	21.000
1617.218	32.000
1618.218	41.000
1619.218	32.000
1620.218	18.000
1621.218	25.000
1622.219	21.000
1623.219	32.000
1624.219	28.000
1625.219	15.000
1626.219	29.000
1627.219	29.000
1628.219	25.000
1629.219	35.000
1630.219	33.000
1631.219	33.000
1632.219	31.000
1633.219	29.000
1634.220	30.000
1635.220	28.000
1636.220	27.000
1637.220	26.000
1638.220	24.000
1639.220	44.000
1640.220	29.000
1641.220	27.000
1642.220	37.000
1643.220	26.000
1644.220	29.000
1645.220	30.000
1646.221	45.000
1647.221	28.000
1648.221	32.000
1649.221	22.000
1650.221	27.000
1651.221	30.000
1652.221	23.000
1653.221	34.000
1654.221	25.000
1655.221	44.000
1656.221	28.000
1657.221	39.000
1658.222	38.000
1659.222	39.000
1660.222	30.000
1661.222	30.000
1662.222	31.000
1663.222	34.000
1664.222	21.000
1665.222	36.000
1666.222	42.000
1667.222	25.000
1668.222	20.000
1669.222	26.000
1670.223	23.000
1671.223	27.000
1672.223	40.000
1673.223	30.000
1674.223	22.000
1675.223	26.000
1676.223	29.000
1677.223	42.000
1678.223	45.000
1679.223	31.000
1680.223	45.000
1681.223	40.000
1682.224	32.000
1683.224	27.000
1684.224	39.000
1685.224	32.000
1686.224	27.000
1687.224	35.000
1688.224	24.000
1689.224	31.000
1690.224	32.000
1691.224	38.000
1692.224	31.000
1693.224	29.000
1694.225	27.000
1695.225	39.000
1696.225	28.000
1697.225	27.000
1698.225	39.000
1699.225	37.000
1700.225	26.000
1701.225	31.000
1702.225	28.000
1703.225	39.000
1704.225	35.000
1705.225	27.000
1706.226	21.000
1707.226	25.000
1708.226	31.000
1709.226	29.000
1710.226	33.000
1711.226	31.000
1712.226	38.000
1713.226	34.000
1714.226	30.000
1715.226	30.000
1716.226	22.000
1717.226	25.000
1718.227	33.000
1719.227	36.000
1720.227	36.000
1721.227	30.000
1722.227	24.000
1723.227	29.000
1724.227	44.000
1725.227	42.000
1726.227	39.000
1727.227	28.000
1728.227	37.000
1729.227	35.000
1730.228	30.000
1731.228	28.000
1732.228	34.000
1733.228	36.000
1734.228	33.000
1735.228	31.000
1736.228	34.000
1737.228	32.000
1738.228	32.000
1739.228	36.000
1740.228	32.000
1741.228	25.000
1742.229	44.000
1743.229	29.000
1744.229	31.000
1745.229	31.000
1746.229	25.000
1747.229	36.000
1748.229	31.000
1749.229	30.000
1750.229	31.000
1751.229	38.000
1752.229	33.000
1753.229	41.000
1754.230	30.000
1755.230	31.000
1756.230	31.000
1757.230	30.000
1758.230	37.000
1759.230	35.000
1760.230	32.000
1761.230	31.000
1762.230	31.000
1763.230	51.000
1764.230	31.000
1765.230	38.000
1766.231	43.000
1767.231	44.000
1768.231	41.000
1769.231	33.000
1770.231	31.000
1771.231	31.000
1772.231	36.000
1773.231	36.000
1774.231	47.000
1775.231	34.000
1776.231	30.000
1777.231	26.000
1778.232	36.000
1779.232	39.000
1780.232	29.000
1781.232	30.000
1782.232	27.000
1783.232	31.000
1784.232	31.000
1785.232	37.000
1786.232	34.000
1787.232	39.000
1788.232	35.000
1789.232	40.000
1790.233	31.000
1791.233	39.000
1792.233	22.000
1793.233	31.000
1794.233	34.000
1795.233	38.000
1796.233	26.000
1797.233	33.000
1798.233	37.000
1799.233	42.000
1800.233	32.000
1801.233	39.000
1802.234	40.000
1803.234	42.000
1804.234	36.000
1805.234	39.000
1806.234	34.000
1807.234	41.000
1808.234	40.000
1809.234	28.000
1810.234	37.000
1811.234	37.000
1812.234	43.000
1813.234	23.000
1814.235	37.000
1815.235	44.000
1816.235	27.000
1817.235	33.000
1818.235	35.000
1819.235	26.000
1820.235	37.000
1821.235	30.000
1822.235	43.000
1823.235	34.000
1824.235	28.000
1825.235	35.000
1826.236	42.000
1827.236	45.000
1828.236	42.000
1829.236	42.000
1830.236	30.000
1831.236	32.000
1832.236	32.000
1833.236	36.000
1834.236	40.000
1835.236	39.000
1836.236	30.000
1837.236	36.000
1838.237	25.000
1839.237	28.000
1840.237	43.000
1841.237	37.000
1842.237	28.000
1843.237	25.000
1844.237	28.000
1845.237	31.000
1846.237	43.000
1847.237	39.000
1848.237	40.000
1849.237	28.000
1850.238	37.000
1851.238	38.000
1852.238	45.000
1853.238	40.000
1854.238	43.000
1855.238	39.000
1856.238	46.000
1857.238	28.000
1858.238	37.000
1859.238	24.000
1860.238	25.000
1861.238	43.000
1862.239	30.000
1863.239	35.000
1864.239	43.000
1865.239	36.000
1866.239	37.000
1867.239	49.000
1868.239	32.000
1869.239	40.000
1870.239	41.000
1871.239	47.000
1872.239	42.000
1873.239	40.000
1874.240	23.000
1875.240	39.000
1876.240	37.000
1877.240	36.000
1878.240	31.000
1879.240	30.000
1880.240	28.000
1881.240	35.000
1882.240	41.000
1883.240	30.000
1884.240	39.000
1885.240	37.000
1886.241	39.000
1887.241	37.000
1888.241	30.000
1889.241	34.000
1890.241	26.000
1891.241	33.000
1892.241	25.000
1893.241	42.000
1894.241	29.000
1895.241	32.000
1896.241	35.000
1897.241	46.000
1898.242	30.000
1899.242	46.000
1900.242	38.000
1901.242	35.000
1902.242	33.000
1903.242	31.000
1904.242	38.000
1905.242	36.000
1906.242	46.000
1907.242	30.000
1908.242	31.000
1909.242	42.000
1910.243	37.000
1911.243	44.000
1912.243	27.000
1913.243	39.000
1914.243	43.000
1915.243	36.000
1916.243	42.000
1917.243	27.000
1918.243	44.000
1919.243	34.000
1920.243	36.000
1921.243	37.000
1922.244	47.000
1923.244	38.000
1924.244	37.000
1925.244	29.000
1926.244	28.000
1927.244	39.000
1928.244	35.000
1929.244	43.000
1930.244	26.000
1931.244	39.000
1932.244	36.000
1933.244	42.000
1934.245	35.000
1935.245	35.000
1936.245	38.000
1937.245	39.000
1938.245	41.000
1939.245	38.000
1940.245	43.000
1941.245	44.000
1942.245	48.000
1943.245	31.000
1944.245	35.000
1945.245	37.000
1946.246	38.000
1947.246	38.000
1948.246	39.000
1949.246	50.000
1950.246	37.000
1951.246	48.000
1952.246	34.000
1953.246	36.000
1954.246	39.000
1955.246	40.000
1956.246	39.000
1957.246	41.000
1958.247	47.000
1959.247	43.000
1960.247	47.000
1961.247	43.000
1962.247	54.000
1963.247	50.000
1964.247	37.000
1965.247	46.000
1966.247	33.000
1967.247	46.000
1968.247	30.000
1969.247	38.000
1970.248	45.000
1971.248	44.000
1972.248	41.000
1973.248	39.000
1974.248	32.000
1975.248	40.000
1976.248	45.000
1977.248	49.000
1978.248	38.000
1979.248	41.000
1980.248	38.000
1981.248	47.000
1982.249	42.000
1983.249	48.000
1984.249	34.000
1985.249	42.000
1986.249	37.000
1987.249	38.000
1988.249	37.000
1989.249	34.000
1990.249	46.000
1991.249	41.000
1992.249	38.000
1993.249	37.000
1994.250	56.000
1995.250	39.000
1996.250	45.000
1997.250	36.000
1998.250	42.000
1999.250	34.000
2000.250	36.000
2001.250	33.000
2002.250	32.000
2003.250	47.000
2004.250	43.000
2005.250	46.000
2006.251	46.000
2007.251	31.000
2008.251	44.000
2009.251	43.000
2010.251	46.000
2011.251	50.000
2012.251	40.000
2013.251	47.000
2014.251	41.000
2015.251	35.000
2016.251	37.000
2017.251	30.000
2018.252	34.000
2019.252	43.000
2020.252	34.000
2021.252	22.000
2022.252	42.000
2023.252	47.000
2024.252	45.000
2025.252	45.000
2026.252	41.000
2027.252	53.000
2028.252	36.000
2029.252	31.000
2030.253	36.000
2031.253	33.000
2032.253	40.000
2033.253	47.000
2034.253	49.000
2035.253	51.000
2036.253	42.000
2037.253	42.000
2038.253	37.000
2039.253	43.000
2040.253	38.000
2041.253	51.000
2042.254	47.000
2043.254	50.000
2044.254	41.000
2045.254	51.000
2046.254	39.000
2047.254	39.000
2048.254	33.000
2049.254	46.000
2050.254	45.000
2051.254	33.000
2052.254	44.000
2053.254	47.000
2054.255	42.000
2055.255	38.000
2056.255	61.000
2057.255	50.000
2058.255	32.000
2059.255	47.000
2060.255	42.000
2061.255	46.000
2062.255	49.000
2063.255	42.000
2064.255	43.000
2065.255	39.000
2066.256	30.000
2067.256	45.000
2068.256	33.000
2069.256	47.000
2070.256	46.000
2071.256	38.000
2072.256	58.000
2073.256	37.000
2074.256	42.000
2075.256	40.000
2076.256	56.000
2077.256	40.000
2078.257	49.000
2079.257	23.000
2080.257	55.000
2081.257	42.000
2082.257	40.000
2083.257	46.000
2084.257	52.000
2085.257	35.000
2086.257	43.000
2087.257	53.000
2088.257	40.000
2089.257	40.000
2090.258	54.000
2091.258	44.000
2092.258	46.000
2093.258	46.000
2094.258	40.000
2095.258	55.000
2096.258	47.000
2097.258	54.000
2098.258	55.000
2099.258	38.000
2100.258	34.000
2101.258	56.000
2102.259	49.000
2103.259	40.000
2104.259	44.000
2105.259	47.000
2106.259	52.000
2107.259	24.000
2108.259	51.000
2109.259	39.000
2110.259	44.000
2111.259	52.000
2112.259	55.000
2113.259	41.000
2114.260	56.000
2115.260	39.000
2116.260	50.000
2117.260	43.000
2118.260	46.000
2119.260	50.000
2120.260	54.000
2121.260	45.000
2122.260	42.000
2123.260	50.000
2124.260	51.000
2125.260	46.000
2126.261	39.000
2127.261	35.000
2128.261	56.000
2129.261	62.000
2130.261	54.000
2131.261	50.000
2132.261	41.000
2133.261	61.000
2134.261	40.000
2135.261	39.000
2136.261	48.000
2137.261	44.000
2138.262	59.000
2139.262	45.000
2140.262	62.000
2141.262	50.000
2142.262	47.000
2143.262	51.000
2144.262	48.000
2145.262	49.000
2146.262	46.000
2147.262	57.000
2148.262	52.000
2149.262	55.000
2150.263	53.000
2151.263	49.000
2152.263	48.000
2153.263	54.000
2154.263	44.000
2155.263	61.000
2156.263	52.000
2157.263	50.000
2158.263	61.000
2159.263	58.000
2160.263	43.000
2161.263	52.000
2162.264	57.000
2163.264	54.000
2164.264	55.000
2165.264	61.000
2166.264	63.000
2167.264	70.000
2168.264	54.000
2169.264	49.000
2170.264	56.000
2171.264	50.000
2172.264	40.000
2173.264	48.000
2174.265	47.000
2175.265	56.000
2176.265	57.000
2177.265	61.000
2178.265	54.000
2179.265	43.000
2180.265	54.000
2181.265	48.000
2182.265	48.000
2183.265	50.000
2184.265	43.000
2185.265	39.000
2186.266	68.000
2187.266	62.000
2188.266	53.000
2189.266	44.000
2190.266	59.000
2191.266	59.000
2192.266	46.000
2193.266	40.000
2194.266	54.000
2195.266	48.000
2196.266	70.000
2197.266	52.000
2198.267	58.000
2199.267	62.000
2200.267	72.000
2201.267	50.000
2202.267	43.000
2203.267	67.000
2204.267	53.000
2205.267	57.000
2206.267	38.000
2207.267	55.000
2208.267	46.000
2209.267	66.000
2210.268	56.000
2211.268	62.000
2212.268	46.000
2213.268	41.000
2214.268	54.000
2215.268	51.000
2216.268	53.000
2217.268	70.000
2218.268	55.000
2219.268	49.000
2220.268	60.000
2221.268	47.000
2222.269	60.000
2223.269	57.000
2224.269	52.000
2225.269	52.000
2226.269	64.000
2227.269	56.000
2228.269	70.000
2229.269	51.000
2230.269	52.000
2231.269	59.000
2232.269	58.000
2233.269	62.000
2234.270	42.000
2235.270	63.000
2236.270	47.000
2237.270	48.000
2238.270	56.000
2239.270	69.000
2240.270	77.000
2241.270	67.000
2242.270	56.000
2243.270	45.000
2244.270	61.000
2245.270	61.000
2246.271	72.000
2247.271	56.000
2248.271	57.000
2249.271	64.000
2250.271	53.000
2251.271	62.000
2252.271	54.000
2253.271	67.000
2254.271	51.000
2255.271	84.000
2256.271	64.000
2257.271	69.000
2258.272	58.000
2259.272	71.000
2260.272	60.000
2261.272	57.000
2262.272	73.000
2263.272	73.000
2264.272	60.000
2265.272	63.000
2266.272	61.000
2267.272	69.000
2268.272	62.000
2269.272	62.000
2270.273	51.000
2271.273	64.000
2272.273	61.000
2273.273	71.000
2274.273	68.000
2275.273	64.000
2276.273	65.000
2277.273	63.000
2278.273	72.000
2279.273	68.000
2280.273	61.000
2281.273	63.000
2282.274	69.000
2283.274	62.000
2284.274	66.000
2285.274	69.000
2286.274	52.000
2287.274	63.000
2288.274	72.000
2289.274	61.000
2290.274	64.000
2291.274	75.000
2292.274	75.000
2293.274	67.000
2294.275	70.000
2295.275	69.000
2296.275	70.000
2297.275	62.000
2298.275	71.000
2299.275	69.000
2300.275	83.000
2301.275	73.000
2302.275	82.000
2303.275	68.000
2304.275	88.000
2305.275	70.000
2306.276	69.000
2307.276	68.000
2308.276	61.000
2309.276	93.000
2310.276	82.000
2311.276	81.000
2312.276	64.000
2313.276	69.000
2314.276	75.000
2315.276	81.000
2316.276	75.000
2317.276	85.000
2318.277	87.000
2319.277	66.000
2320.277	84.000
2321.277	74.000
2322.277	70.000
2323.277	100.000
2324.277	68.000
2325.277	77.000
2326.277	68.000
2327.277	74.000
2328.277	71.000
2329.277	76.000
2330.278	95.000
2331.278	85.000
2332.278	91.000
2333.278	75.000
2334.278	71.000
2335.278	75.000
2336.278	76.000
2337.278	69.000
2338.278	81.000
2339.278	92.000
2340.278	92.000
2341.278	86.000
2342.279	83.000
2343.279	84.000
2344.279	82.000
2345.279	48.000
2346.279	72.000
2347.279	88.000
2348.279	89.000
2349.279	50.000
2350.279	80.000
2351.279	83.000
2352.279	82.000
2353.279	80.000
2354.280	81.000
2355.280	88.000
2356.280	81.000
2357.280	80.000
2358.280	85.000
2359.280	92.000
2360.280	80.000
2361.280	95.000
2362.280	79.000
2363.280	75.000
2364.280	89.000
2365.280	80.000
2366.281	82.000
2367.281	75.000
2368.281	87.000
2369.281	74.000
2370.281	105.000
2371.281	92.000
2372.281	85.000
2373.281	86.000
2374.281	85.000
2375.281	74.000
2376.281	88.000
2377.281	71.000
2378.282	86.000
2379.282	86.000
2380.282	79.000
2381.282	77.000
2382.282	81.000
2383.282	77.000
2384.282	86.000
2385.282	104.000
2386.282	83.000
2387.282	91.000
2388.282	96.000
2389.282	91.000
2390.283	92.000
2391.283	96.000
2392.283	93.000
2393.283	88.000
2394.283	94.000
2395.283	87.000
2396.283	83.000
2397.283	91.000
2398.283	84.000
2399.283	81.000
2400.283	93.000
2401.283	88.000
2402.284	100.000
2403.284	98.000
2404.284	83.000
2405.284	90.000
2406.284	80.000
2407.284	83.000
2408.284	87.000
2409.284	88.000
2410.284	87.000
2411.284	84.000
2412.284	82.000
2413.284	88.000
2414.285	100.000
2415.285	89.000
2416.285	99.000
2417.285	94.000
2418.285	86.000
2419.285	74.000
2420.285	99.000
2421.285	77.000
2422.285	99.000
2423.285	90.000
2424.285	85.000
2425.285	90.000
2426.286	99.000
2427.286	98.000
2428.286	88.000
2429.286	101.000
2430.286	100.000
2431.286	108.000
2432.286	77.000
2433.286	82.000
2434.286	122.000
2435.286	80.000
2436.286	113.000
2437.286	95.000
2438.287	94.000
2439.287	93.000
2440.287	101.000
2441.287	105.000
2442.287	92.000
2443.287	110.000
2444.287	102.000
2445.287	97.000
2446.287	114.000
2447.287	108.000
2448.287	102.000
2449.287	102.000
2450.288	100.000
2451.288	103.000
2452.288	105.000
2453.288	107.000
2454.288	98.000
2455.288	98.000
2456.288	111.000
2457.288	94.000
2458.288	113.000
2459.288	117.000
2460.288	112.000
2461.288	117.000
2462.289	94.000
2463.289	116.000
2464.289	119.000
2465.289	111.000
2466.289	90.000
2467.289	98.000
2468.289	105.000
2469.289	109.000
2470.289	113.000
2471.289	95.000
2472.289	111.000
2473.289	116.000
2474.290	107.000
2475.290	115.000
2476.290	121.000
2477.290	115.000
2478.290	108.000
2479.290	114.000
2480.290	105.000
2481.290	106.000
2482.290	99.000
2483.290	137.000
2484.290	108.000
2485.290	119.000
2486.291	112.000
2487.291	108.000
2488.291	140.000
2489.291	101.000
2490.291	120.000
2491.291	111.000
2492.291	131.000
2493.291	132.000
2494.291	107.000
2495.291	130.000
2496.291	129.000
2497.291	127.000
2498.292	148.000
2499.292	136.000
2500.292	115.000
2501.292	106.000
2502.292	106.000
2503.292	110.000
2504.292	123.000
2505.292	136.000
2506.292	126.000
2507.292	135.000
2508.292	134.000
2509.292	123.000
2510.293	131.000
2511.293	133.000
2512.293	141.000
2513.293	125.000
2514.293	135.000
2515.293	129.000
2516.293	127.000
2517.293	149.000
2518.293	132.000
2519.293	148.000
2520.293	136.000
2521.293	122.000
2522.294	144.000
2523.294	152.000
2524.294	158.000
2525.294	133.000
2526.294	142.000
2527.294	130.000
2528.294	140.000
2529.294	138.000
2530.294	167.000
2531.294	161.000
2532.294	148.000
2533.294	140.000
2534.295	150.000
2535.295	156.000
2536.295	144.000
2537.295	167.000
2538.295	182.000
2539.295	147.000
2540.295	147.000
2541.295	145.000
2542.295	157.000
2543.295	150.000
2544.295	138.000
2545.295	151.000
2546.296	165.000
2547.296	166.000
2548.296	162.000
2549.296	146.000
2550.296	155.000
2551.296	154.000
2552.296	173.000
2553.296	153.000
2554.296	162.000
2555.296	156.000
2556.296	136.000
2557.296	178.000
2558.297	164.000
2559.297	158.000
2560.297	163.000
2561.297	163.000
2562.297	158.000
2563.297	170.000
2564.297	167.000
2565.297	152.000
2566.297	180.000
2567.297	150.000
2568.297	152.000
2569.297	181.000
2570.298	170.000
2571.298	148.000
2572.298	186.000
2573.298	159.000
2574.298	165.000
2575.298	161.000
2576.298	191.000
2577.298	172.000
2578.298	183.000
2579.298	157.000
2580.298	175.000
2581.298	195.000
2582.299	169.000
2583.299	164.000
2584.299	174.000
2585.299	182.000
2586.299	173.000
2587.299	197.000
2588.299	187.000
2589.299	194.000
2590.299	210.000
2591.299	198.000
2592.299	195.000
2593.299	187.000
2594.300	180.000
2595.300	176.000
2596.300	172.000
2597.300	172.000
2598.300	175.000
2599.300	187.000
2600.300	180.000
2601.300	201.000
2602.300	200.000
2603.300	185.000
2604.300	173.000
2605.300	183.000
2606.301	191.000
2607.301	196.000
2608.301	210.000
2609.301	233.000
2610.301	189.000
2611.301	210.000
2612.301	206.000
2613.301	199.000
2614.301	205.000
2615.301	186.000
2616.301	178.000
2617.301	199.000
2618.302	211.000
2619.302	187.000
2620.302	200.000
2621.302	177.000
2622.302	213.000
2623.302	192.000
2624.302	191.000
2625.302	195.000
2626.302	190.000
2627.302	198.000
2628.302	183.000
2629.302	209.000
2630.303	170.000
2631.303	191.000
2632.303	179.000
2633.303	177.000
2634.303	213.000
2635.303	194.000
2636.303	214.000
2637.303	172.000
2638.303	178.000
2639.303	201.000
2640.303	166.000
2641.303	198.000
2642.304	193.000
2643.304	197.000
2644.304	225.000
2645.304	185.000
2646.304	215.000
2647.304	183.000
2648.304	177.000
2649.304	182.000
2650.304	187.000
2651.304	166.000
2652.304	181.000
2653.304	180.000
2654.305	174.000
2655.305	184.000
2656.305	188.000
2657.305	190.000
2658.305	171.000
2659.305	175.000
2660.305	168.000
2661.305	156.000
2662.305	181.000
2663.305	160.000
2664.305	186.000
2665.305	178.000
2666.306	160.000
2667.306	171.000
2668.306	153.000
2669.306	155.000
2670.306	199.000
2671.306	175.000
2672.306	152.000
2673.306	177.000
2674.306	167.000
2675.306	163.000
2676.306	148.000
2677.306	162.000
2678.307	163.000
2679.307	166.000
2680.307	166.000
2681.307	134.000
2682.307	156.000
2683.307	140.000
2684.307	153.000
2685.307	167.000
2686.307	131.000
2687.307	158.000
2688.307	163.000
2689.307	155.000
2690.308	135.000
2691.308	152.000
2692.308	134.000
2693.308	133.000
2694.308	144.000
2695.308	137.000
2696.308	144.000
2697.308	127.000
2698.308	121.000
2699.308	133.000
2700.308	124.000
2701.308	146.000
2702.309	144.000
2703.309	120.000
2704.309	138.000
2705.309	137.000
2706.309	135.000
2707.309	116.000
2708.309	116.000
2709.309	125.000
2710.309	122.000
2711.309	109.000
2712.309	110.000
2713.309	127.000
2714.310	124.000
2715.310	110.000
2716.310	118.000
2717.310	97.000
2718.310	105.000
2719.310	114.000
2720.310	132.000
2721.310	116.000
2722.310	113.000
2723.310	99.000
2724.310	133.000
2725.310	103.000
2726.311	110.000
2727.311	105.000
2728.311	107.000
2729.311	108.000
2730.311	108.000
2731.311	111.000
2732.311	103.000
2733.311	96.000
2734.311	112.000
2735.311	82.000
2736.311	92.000
2737.311	104.000
2738.312	83.000
2739.312	90.000
2740.312	113.000
2741.312	94.000
2742.312	82.000
2743.312	81.000
2744.312	88.000
2745.312	75.000
2746.312	75.000
2747.312	100.000
2748.312	84.000
2749.312	99.000
2750.313	94.000
2751.313	91.000
2752.313	70.000
2753.313	67.000
2754.313	75.000
2755.313	69.000
2756.313	79.000
2757.313	60.000
2758.313	71.000
2759.313	64.000
2760.313	81.000
2761.313	74.000
2762.314	70.000
2763.314	69.000
2764.314	79.000
2765.314	75.000
2766.314	58.000
2767.314	63.000
2768.314	59.000
2769.314	62.000
2770.314	66.000
2771.314	56.000
2772.314	50.000
2773.314	63.000
2774.315	67.000
2775.315	52.000
2776.315	59.000
2777.315	65.000
2778.315	61.000
2779.315	54.000
2780.315	58.000
2781.315	64.000
2782.315	50.000
2783.315	53.000
2784.315	48.000
2785.315	49.000
2786.316	57.000
2787.316	39.000
2788.316	47.000
2789.316	57.000
2790.316	51.000
2791.316	48.000
2792.316	44.000
2793.316	49.000
2794.316	52.000
2795.316	36.000
2796.316	53.000
2797.316	59.000
2798.317	34.000
2799.317	40.000
2800.317	43.000
2801.317	29.000
2802.317	29.000
2803.317	41.000
2804.317	31.000
2805.317	39.000
2806.317	38.000
2807.317	23.000
2808.317	32.000
2809.317	29.000
2810.318	38.000
2811.318	39.000
2812.318	48.000
2813.318	41.000
2814.318	29.000
2815.318	37.000
2816.318	30.000
2817.318	30.000
2818.318	31.000
2819.318	44.000
2820.318	33.000
2821.318	29.000
2822.319	38.000
2823.319	39.000
2824.319	32.000
2825.319	42.000
2826.319	41.000
2827.319	25.000
2828.319	30.000
2829.319	33.000
2830.319	39.000
2831.319	41.000
2832.319	33.000
2833.319	30.000
2834.320	21.000
2835.320	33.000
2836.320	27.000
2837.320	40.000
2838.320	29.000
2839.320	23.000
2840.320	27.000
2841.320	28.000
2842.320	26.000
2843.320	29.000
2844.320	25.000
2845.320	29.000
2846.321	32.000
2847.321	33.000
2848.321	23.000
2849.321	26.000
2850.321	33.000
2851.321	23.000
2852.321	28.000
2853.321	31.000
2854.321	32.000
2855.321	29.000
2856.321	35.000
2857.321	24.000
2858.322	26.000
2859.322	25.000
2860.322	28.000
2861.322	22.000
2862.322	32.000
2863.322	29.000
2864.322	32.000
2865.322	41.000
2866.322	23.000
2867.322	27.000
2868.322	19.000
2869.322	30.000
2870.323	29.000
2871.323	28.000
2872.323	27.000
2873.323	34.000
2874.323	22.000
2875.323	18.000
2876.323	28.000
2877.323	23.000
2878.323	25.000
2879.323	28.000
2880.323	30.000
2881.323	25.000
2882.324	23.000
2883.324	23.000
2884.324	25.000
2885.324	20.000
2886.324	26.000
2887.324	20.000
2888.324	34.000
2889.324	25.000
2890.324	18.000
2891.324	21.000
2892.324	26.000
2893.324	23.000
2894.325	20.000
2895.325	29.000
2896.325	24.000
2897.325	30.000
2898.325	24.000
2899.325	23.000
2900.325	31.000
2901.325	24.000
2902.325	22.000
2903.325	26.000
2904.325	25.000
2905.325	22.000
2906.326	27.000
2907.326	30.000
2908.326	19.000
2909.326	30.000
2910.326	26.000
2911.326	25.000
2912.326	24.000
2913.326	23.000
2914.326	28.000
2915.326	27.000
2916.326	25.000
2917.326	28.000
2918.327	16.000
2919.327	25.000
2920.327	26.000
2921.327	22.000
2922.327	21.000
2923.327	29.000
2924.327	27.000
2925.327	25.000
2926.327	32.000
2927.327	28.000
2928.327	23.000
2929.327	30.000
2930.328	35.000
2931.328	29.000
2932.328	22.000
2933.328	32.000
2934.328	29.000
2935.328	34.000
2936.328	29.000
2937.328	22.000
2938.328	25.000
2939.328	23.000
2940.328	26.000
2941.328	30.000
2942.329	12.000
2943.329	21.000
2944.329	25.000
2945.329	25.000
2946.329	39.000
2947.329	26.000
2948.329	30.000
2949.329	21.000
2950.329	33.000
2951.329	29.000
2952.329	21.000
2953.329	21.000
2954.330	29.000
2955.330	39.000
2956.330	38.000
2957.330	30.000
2958.330	36.000
2959.330	31.000
2960.330	24.000
2961.330	21.000
2962.330	26.000
2963.330	27.000
2964.330	24.000
2965.330	25.000
2966.331	27.000
2967.331	22.000
2968.331	28.000
2969.331	33.000
2970.331	27.000
2971.331	22.000
2972.331	25.000
2973.331	31.000
2974.331	32.000
2975.331	26.000
2976.331	25.000
2977.331	36.000
2978.332	34.000
2979.332	30.000
2980.332	25.000
2981.332	35.000
2982.332	20.000
2983.332	25.000
2984.332	35.000
2985.332	24.000
2986.332	21.000
2987.332	17.000
2988.332	28.000
2989.332	34.000
2990.333	27.000
2991.333	34.000
2992.333	26.000
2993.333	30.000
2994.333	27.000
2995.333	24.000
2996.333	27.000
2997.333	23.000
2998.333	27.000
2999.333	25.000
3000.333	29.000
3001.333	30.000
3002.334	23.000
3003.334	37.000
3004.334	22.000
3005.334	34.000
3006.334	41.000
3007.334	38.000
3008.334	23.000
3009.334	36.000
3010.334	26.000
3011.334	26.000
3012.334	31.000
3013.334	35.000
3014.335	27.000
3015.335	37.000
3016.335	32.000
3017.335	36.000
3018.335	35.000
3019.335	29.000
3020.335	25.000
3021.335	30.000
3022.335	29.000
3023.335	34.000
3024.335	33.000
3025.335	41.000
3026.336	29.000
3027.336	36.000
3028.336	27.000
3029.336	31.000
3030.336	24.000
3031.336	18.000
3032.336	34.000
3033.336	30.000
3034.336	28.000
3035.336	28.000
3036.336	20.000
3037.336	31.000
3038.337	25.000
3039.337	23.000
3040.337	34.000
3041.337	41.000
3042.337	27.000
3043.337	18.000
3044.337	18.000
3045.337	21.000
3046.337	19.000
3047.337	35.000
3048.337	31.000
3049.337	29.000
3050.338	25.000
3051.338	34.000
3052.338	30.000
3053.338	30.000
3054.338	24.000
3055.338	32.000
3056.338	31.000
3057.338	31.000
3058.338	31.000
3059.338	30.000
3060.338	18.000
3061.338	35.000
3062.339	26.000
3063.339	28.000
3064.339	28.000
3065.339	28.000
3066.339	22.000
3067.339	22.000
3068.339	33.000
3069.339	26.000
3070.339	33.000
3071.339	28.000
3072.339	34.000
3073.339	31.000
3074.340	23.000
3075.340	21.000
3076.340	36.000
3077.340	24.000
3078.340	24.000
3079.340	27.000
3080.340	28.000
3081.340	28.000
3082.340	23.000
3083.340	21.000
3084.340	34.000
3085.340	35.000
3086.341	29.000
3087.341	22.000
3088.341	27.000
3089.341	37.000
3090.341	41.000
3091.341	31.000
3092.341	21.000
3093.341	29.000
3094.341	37.000
3095.341	24.000
3096.341	34.000
3097.341	26.000
3098.342	35.000
3099.342	33.000
3100.342	26.000
3101.342	33.000
3102.342	33.000
3103.342	27.000
3104.342	36.000
3105.342	25.000
3106.342	19.000
3107.342	35.000
3108.342	30.000
3109.342	31.000
3110.343	33.000
3111.343	26.000
3112.343	26.000
3113.343	26.000
3114.343	31.000
3115.343	34.000
3116.343	33.000
3117.343	32.000
3118.343	27.000
3119.343	29.000
3120.343	26.000
3121.343	34.000
3122.344	33.000
3123.344	22.000
3124.344	28.000
3125.344	35.000
3126.344	32.000
3127.344	26.000
3128.344	39.000
3129.344	29.000
3130.344	31.000
3131.344	26.000
3132.344	35.000
3133.344	29.000
3134.345	32.000
3135.345	20.000
3136.345	33.000
3137.345	19.000
3138.345	31.000
3139.345	35.000
3140.345	31.000
3141.345	29.000
3142.345	32.000
3143.345	32.000
3144.345	37.000
3145.345	23.000
3146.346	29.000
3147.346	36.000
3148.346	34.000
3149.346	31.000
3150.346	22.000
3151.346	39.000
3152.346	28.000
3153.346	24.000
3154.346	34.000
3155.346	30.000
3156.346	35.000
3157.346	44.000
3158.347	29.000
3159.347	35.000
3160.347	34.000
3161.347	32.000
3162.347	25.000
3163.347	25.000
3164.347	29.000
3165.347	22.000
3166.347	25.000
3167.347	32.000
3168.347	35.000
3169.347	23.000
3170.348	32.000
3171.348	35.000
3172.348	25.000
3173.348	26.000
3174.348	34.000
3175.348	34.000
3176.348	26.000
3177.348	34.000
3178.348	20.000
3179.348	21.000
3180.348	27.000
3181.348	25.000
3182.349	24.000
3183.349	19.000
3184.349	31.000
3185.349	33.000
3186.349	30.000
3187.349	25.000
3188.349	34.000
3189.349	33.000
3190.349	27.000
3191.349	31.000
3192.349	31.000
3193.349	28.000
3194.350	27.000
3195.350	31.000
3196.350	23.000
3197.350	25.000
3198.350	30.000
3199.350	27.000
3200.350	23.000
3201.350	41.000
3202.350	25.000
3203.350	32.000
3204.350	20.000
3205.350	32.000
3206.351	30.000
3207.351	32.000
3208.351	29.000
3209.351	27.000
3210.351	24.000
3211.351	18.000
3212.351	36.000
3213.351	22.000
3214.351	36.000
3215.351	26.000
3216.351	32.000
3217.351	25.000
3218.352	30.000
3219.352	28.000
3220.352	26.000
3221.352	27.000
3222.352	23.000
3223.352	35.000
3224.352	14.000
3225.352	18.000
3226.352	32.000
3227.352	29.000
3228.352	28.000
3229.352	28.000
3230.353	34.000
3231.353	28.000
3232.353	31.000
3233.353	29.000
3234.353	28.000
3235.353	29.000
3236.353	29.000
3237.353	34.000
3238.353	25.000
3239.353	20.000
3240.353	26.000
3241.353	26.000
3242.354	30.000
3243.354	28.000
3244.354	30.000
3245.354	38.000
3246.354	34.000
3247.354	24.000
3248.354	25.000
3249.354	28.000
3250.354	30.000
3251.354	32.000
3252.354	31.000
3253.354	36.000
3254.355	37.000
3255.355	24.000
3256.355	28.000
3257.355	48.000
3258.355	29.000
3259.355	41.000
3260.355	23.000
3261.355	28.000
3262.355	25.000
3263.355	31.000
3264.355	23.000
3265.355	18.000
3266.356	22.000
3267.356	31.000
3268.356	25.000
3269.356	29.000
3270.356	22.000
3271.356	26.000
3272.356	24.000
3273.356	26.000
3274.356	35.000
3275.356	33.000
3276.356	26.000
3277.356	19.000
3278.357	37.000
3279.357	36.000
3280.357	19.000
3281.357	35.000
3282.357	32.000
3283.357	27.000
3284.357	18.000
3285.357	31.000
3286.357	24.000
3287.357	25.000
3288.357	28.000
3289.357	26.000
3290.358	35.000
3291.358	22.000
3292.358	28.000
3293.358	35.000
3294.358	27.000
3295.358	45.000
3296.358	27.000
3297.358	22.000
3298.358	18.000
3299.358	27.000
3300.358	32.000
3301.358	34.000
3302.359	18.000
3303.359	25.000
3304.359	31.000
3305.359	37.000
3306.359	35.000
3307.359	24.000
3308.359	28.000
3309.359	33.000
3310.359	34.000
3311.359	31.000
3312.359	32.000
3313.359	23.000
3314.360	39.000
3315.360	26.000
3316.360	45.000
3317.360	30.000
3318.360	26.000
3319.360	30.000
3320.360	22.000
3321.360	26.000
3322.360	30.000
3323.360	25.000
3324.360	24.000
3325.360	30.000
3326.361	35.000
3327.361	35.000
3328.361	27.000
3329.361	24.000
3330.361	36.000
3331.361	29.000
3332.361	26.000
3333.361	30.000
3334.361	29.000
3335.361	35.000
3336.361	29.000
3337.361	28.000
3338.362	33.000
3339.362	32.000
3340.362	35.000
3341.362	29.000
3342.362	21.000
3343.362	27.000
3344.362	32.000
3345.362	21.000
3346.362	32.000
3347.362	27.000
3348.362	39.000
3349.362	33.000
3350.363	37.000
3351.363	39.000
3352.363	24.000
3353.363	41.000
3354.363	28.000
3355.363	31.000
3356.363	31.000
3357.363	35.000
3358.363	34.000
3359.363	34.000
3360.363	34.000
3361.363	30.000
3362.364	31.000
3363.364	31.000
3364.364	30.000
3365.364	32.000
3366.364	30.000
3367.364	26.000
3368.364	34.000
3369.364	34.000
3370.364	29.000
3371.364	28.000
3372.364	38.000
3373.364	31.000
3374.365	30.000
3375.365	31.000
3376.365	27.000
3377.365	31.000
3378.365	29.000
3379.365	25.000
3380.365	33.000
3381.365	31.000
3382.365	35.000
3383.365	33.000
3384.365	42.000
3385.365	22.000
3386.366	34.000
3387.366	29.000
3388.366	28.000
3389.366	26.000
3390.366	31.000
3391.366	27.000
3392.366	32.000
3393.366	25.000
3394.366	28.000
3395.366	33.000
3396.366	27.000
3397.366	32.000
3398.367	34.000
3399.367	40.000
3400.367	25.000
3401.367	35.000
3402.367	39.000
3403.367	36.000
3404.367	27.000
3405.367	36.000
3406.367	27.000
3407.367	22.000
3408.367	28.000
3409.367	35.000
3410.368	39.000
3411.368	29.000
3412.368	25.000
3413.368	29.000
3414.368	40.000
3415.368	30.000
3416.368	30.000
3417.368	20.000
3418.368	25.000
3419.368	39.000
3420.368	38.000
3421.368	36.000
3422.369	29.000
3423.369	33.000
3424.369	28.000
3425.369	39.000
3426.369	39.000
3427.369	42.000
3428.369	43.000
3429.369	30.000
3430.369	40.000
3431.369	42.000
3432.369	32.000
3433.369	32.000
3434.370	31.000
3435.370	41.000
3436.370	30.000
3437.370	41.000
3438.370	34.000
3439.370	36.000
3440.370	45.000
3441.370	37.000
3442.370	36.000
3443.370	30.000
3444.370	46.000
3445.370	35.000
3446.371	33.000
3447.371	32.000
3448.371	34.000
3449.371	37.000
3450.371	24.000
3451.371	47.000
3452.371	40.000
3453.371	34.000
3454.371	35.000
3455.371	26.000
3456.371	24.000
3457.371	32.000
3458.372	27.000
3459.372	38.000
3460.372	42.000
3461.372	42.000
3462.372	31.000
3463.372	37.000
3464.372	36.000
3465.372	31.000
3466.372	44.000
3467.372	25.000
3468.372	36.000
3469.372	34.000
3470.373	39.000
3471.373	30.000
3472.373	34.000
3473.373	35.000
3474.373	33.000
3475.373	37.000
3476.373	35.000
3477.373	29.000
3478.373	33.000
3479.373	34.000
3480.373	36.000
3481.373	40.000
3482.374	33.000
3483.374	26.000
3484.374	31.000
3485.374	30.000
3486.374	38.000
3487.374	45.000
3488.374	25.000
3489.374	35.000
3490.374	27.000
3491.374	42.000
3492.374	28.000
3493.374	31.000
3494.375	38.000
3495.375	33.000
3496.375	34.000
3497.375	44.000
3498.375	30.000
3499.375	41.000
3500.375	30.000
3501.375	31.000
3502.375	42.000
3503.375	40.000
3504.375	30.000
3505.375	40.000
3506.376	41.000
3507.376	42.000
3508.376	37.000
3509.376	39.000
3510.376	37.000
3511.376	42.000
3512.376	49.000
3513.376	37.000
3514.376	32.000
3515.376	39.000
3516.376	33.000
3517.376	40.000
3518.377	44.000
3519.377	36.000
3520.377	55.000
3521.377	44.000
3522.377	39.000
3523.377	40.000
3524.377	34.000
3525.377	37.000
3526.377	39.000
3527.377	45.000
3528.377	35.000
3529.377	50.000
3530.378	35.000
3531.378	32.000
3532.378	36.000
3533.378	37.000
3534.378	37.000
3535.378	33.000
3536.378	42.000
3537.378	43.000
3538.378	40.000
3539.378	41.000
3540.378	43.000
3541.378	33.000
3542.379	36.000
3543.379	44.000
3544.379	44.000
3545.379	51.000
3546.379	34.000
3547.379	48.000
3548.379	35.000
3549.379	44.000
3550.379	40.000
3551.379	34.000
3552.379	37.000
3553.379	47.000
3554.380	50.000
3555.380	41.000
3556.380	44.000
3557.380	38.000
3558.380	43.000
3559.380	35.000
3560.380	37.000
3561.380	38.000
3562.380	45.000
3563.380	51.000
3564.380	37.000
3565.380	40.000
3566.381	44.000
3567.381	48.000
3568.381	42.000
3569.381	39.000
3570.381	44.000
3571.381	40.000
3572.381	35.000
3573.381	48.000
3574.381	42.000
3575.381	49.000
3576.381	58.000
3577.381	31.000
3578.382	41.000
3579.382	38.000
3580.382	38.000
3581.382	35.000
3582.382	44.000
3583.382	40.000
3584.382	49.000
3585.382	42.000
3586.382	32.000
3587.382	40.000
3588.382	38.000
3589.382	36.000
3590.383	44.000
3591.383	46.000
3592.383	51.000
3593.383	39.000
3594.383	40.000
3595.383	34.000
3596.383	32.000
3597.383	47.000
3598.383	57.000
3599.383	48.000
3600.383	44.000
3601.383	40.000
3602.384	36.000
3603.384	47.000
3604.384	48.000
3605.384	36.000
3606.384	44.000
3607.384	58.000
3608.384	44.000
3609.384	42.000
3610.384	41.000
3611.384	36.000
3612.384	47.000
3613.384	36.000
3614.385	42.000
3615.385	44.000
3616.385	41.000
3617.385	45.000
3618.385	49.000
3619.385	37.000
3620.385	43.000
3621.385	45.000
3622.385	47.000
3623.385	37.000
3624.385	58.000
3625.385	39.000
3626.386	38.000
3627.386	41.000
3628.386	47.000
3629.386	44.000
3630.386	38.000
3631.386	65.000
3632.386	41.000
3633.386	46.000
3634.386	41.000
3635.386	47.000
3636.386	36.000
3637.386	53.000
3638.387	37.000
3639.387	44.000
3640.387	41.000
3641.387	37.000
3642.387	44.000
3643.387	55.000
3644.387	49.000
3645.387	53.000
3646.387	41.000
3647.387	50.000
3648.387	46.000
3649.387	50.000
3650.388	42.000
3651.388	38.000
3652.388	41.000
3653.388	50.000
3654.388	45.000
3655.388	39.000
3656.388	40.000
3657.388	36.000
3658.388	49.000
3659.388	52.000
3660.388	34.000
3661.388	45.000
3662.389	47.000
3663.389	41.000
3664.389	55.000
3665.389	61.000
3666.389	48.000
3667.389	38.000
3668.389	42.000
3669.389	61.000
3670.389	47.000
3671.389	45.000
3672.389	38.000
3673.389	35.000
3674.390	33.000
3675.390	39.000
3676.390	43.000
3677.390	47.000
3678.390	43.000
3679.390	56.000
3680.390	43.000
3681.390	39.000
3682.390	50.000
3683.390	50.000
3684.390	39.000
3685.390	36.000
3686.391	41.000
3687.391	41.000
3688.391	51.000
3689.391	41.000
3690.391	49.000
3691.391	47.000
3692.391	40.000
3693.391	48.000
3694.391	41.000
3695.391	41.000
3696.391	45.000
3697.391	41.000
3698.392	52.000
3699.392	45.000
3700.392	47.000
3701.392	52.000
3702.392	53.000
3703.392	40.000
3704.392	44.000
3705.392	31.000
3706.392	50.000
3707.392	51.000
3708.392	37.000
3709.392	32.000
3710.393	42.000
3711.393	38.000
3712.393	47.000
3713.393	41.000
3714.393	45.000
3715.393	51.000
3716.393	52.000
3717.393	47.000
3718.393	46.000
3719.393	31.000
3720.393	57.000
3721.393	44.000
3722.394	47.000
3723.394	50.000
3724.394	39.000
3725.394	29.000
3726.394	37.000
3727.394	52.000
3728.394	45.000
3729.394	53.000
3730.394	43.000
3731.394	39.000
3732.394	43.000
3733.394	49.000
3734.395	51.000
3735.395	41.000
3736.395	46.000
3737.395	42.000
3738.395	38.000
3739.395	37.000
3740.395	29.000
3741.395	34.000
3742.395	36.000
3743.395	39.000
3744.395	55.000
3745.395	51.000
3746.396	44.000
3747.396	54.000
3748.396	39.000
3749.396	46.000
3750.396	44.000
3751.396	52.000
3752.396	46.000
3753.396	47.000
3754.396	40.000
3755.396	38.000
3756.396	43.000
3757.396	50.000
3758.397	40.000
3759.397	35.000
3760.397	31.000
3761.397	46.000
3762.397	41.000
3763.397	45.000
3764.397	52.000
3765.397	44.000
3766.397	43.000
3767.397	44.000
3768.397	30.000
3769.397	50.000
3770.398	50.000
3771.398	52.000
3772.398	34.000
3773.398	36.000
3774.398	40.000
3775.398	45.000
3776.398	41.000
3777.398	54.000
3778.398	55.000
3779.398	58.000
3780.398	57.000
3781.398	46.000
3782.399	46.000
3783.399	39.000
3784.399	32.000
3785.399	40.000
3786.399	46.000
3787.399	45.000
3788.399	52.000
3789.399	48.000
3790.399	46.000
3791.399	59.000
3792.399	57.000
3793.399	35.000
3794.400	44.000
3795.400	53.000
3796.400	40.000
3797.400	49.000
3798.400	56.000
3799.400	38.000
3800.400	62.000
3801.400	51.000
3802.400	38.000
3803.400	48.000
3804.400	42.000
3805.400	42.000
3806.401	51.000
3807.401	46.000
3808.401	38.000
3809.401	46.000
3810.401	42.000
3811.401	36.000
3812.401	36.000
3813.401	56.000
3814.401	61.000
3815.401	50.000
3816.401	47.000
3817.401	49.000
3818.402	46.000
3819.402	45.000
3820.402	54.000
3821.402	34.000
3822.402	39.000
3823.402	38.000
3824.402	49.000
3825.402	53.000
3826.402	50.000
3827.402	39.000
3828.402	49.000
3829.402	56.000
3830.403	50.000
3831.403	53.000
3832.403	51.000
3833.403	46.000
3834.403	45.000
3835.403	37.000
3836.403	50.000
3837.403	46.000
3838.403	34.000
3839.403	41.000
3840.403	54.000
3841.403	45.000
3842.404	52.000
3843.404	44.000
3844.404	42.000
3845.404	35.000
3846.404	42.000
3847.404	61.000
3848.404	55.000
3849.404	49.000
3850.404	45.000
3851.404	48.000
3852.404	58.000
3853.404	47.000
3854.405	38.000
3855.405	54.000
3856.405	39.000
3857.405	53.000
3858.405	47.000
3859.405	46.000
3860.405	37.000
3861.405	49.000
3862.405	55.000
3863.405	51.000
3864.405	50.000
3865.405	57.000
3866.406	71.000
3867.406	44.000
3868.406	54.000
3869.406	52.000
3870.406	41.000
3871.406	40.000
3872.406	53.000
3873.406	59.000
3874.406	51.000
3875.406	52.000
3876.406	51.000
3877.406	41.000
3878.407	64.000
3879.407	48.000
3880.407	45.000
3881.407	61.000
3882.407	52.000
3883.407	54.000
3884.407	56.000
3885.407	57.000
3886.407	56.000
3887.407	56.000
3888.407	43.000
3889.407	33.000
3890.408	46.000
3891.408	35.000
3892.408	54.000
3893.408	60.000
3894.408	48.000
3895.408	41.000
3896.408	48.000
3897.408	47.000
3898.408	51.000
3899.408	61.000
3900.408	53.000
3901.408	58.000
3902.409	48.000
3903.409	40.000
3904.409	54.000
3905.409	64.000
3906.409	43.000
3907.409	45.000
3908.409	59.000
3909.409	48.000
3910.409	58.000
3911.409	58.000
3912.409	51.000
3913.409	59.000
3914.410	53.000
3915.410	58.000
3916.410	52.000
3917.410	50.000
3918.410	43.000
3919.410	36.000
3920.410	52.000
3921.410	46.000
3922.410	55.000
3923.410	51.000
3924.410	53.000
3925.410	54.000
3926.411	46.000
3927.411	43.000
3928.411	62.000
3929.411	58.000
3930.411	41.000
3931.411	53.000
3932.411	46.000
3933.411	59.000
3934.411	48.000
3935.411	55.000
3936.411	53.000
3937.411	53.000
3938.412	54.000
3939.412	55.000
3940.412	50.000
3941.412	30.000
3942.412	36.000
3943.412	55.000
3944.412	57.000
3945.412	54.000
3946.412	46.000
3947.412	55.000
3948.412	41.000
3949.412	64.000
3950.413	50.000
3951.413	51.000
3952.413	66.000
3953.413	44.000
3954.413	50.000
3955.413	44.000
3956.413	49.000
3957.413	45.000
3958.413	59.000
3959.413	46.000
3960.413	51.000
3961.413	48.000
3962.414	43.000
3963.414	66.000
3964.414	42.000
3965.414	49.000
3966.414	48.000
3967.414	50.000
3968.414	57.000
3969.414	20.000
3970.414	58.000
3971.414	55.000
3972.414	52.000
3973.414	66.000
3974.415	60.000
3975.415	40.000
3976.415	54.000
3977.415	54.000
3978.415	35.000
3979.415	42.000
3980.415	41.000
3981.415	46.000
3982.415	62.000
3983.415	47.000
3984.415	41.000
3985.415	50.000
3986.416	53.000
3987.416	39.000
3988.416	43.000
3989.416	41.000
3990.416	51.000
3991.416	34.000
3992.416	48.000
3993.416	47.000
3994.416	33.000
3995.416	37.000
3996.416	41.000
3997.416	51.000
3998.417	41.000
3999.417	48.000
4000.417	51.000
4001.417	45.000
4002.417	42.000
4003.417	44.000
4004.417	49.000
4005.417	43.000
4006.417	51.000
4007.417	53.000
4008.417	35.000
4009.417	49.000
4010.418	45.000
4011.418	45.000
4012.418	47.000
4013.418	45.000
4014.418	42.000
4015.418	42.000
4016.418	46.000
4017.418	41.000
4018.418	38.000
4019.418	31.000
4020.418	53.000
4021.418	33.000
4022.419	41.000
4023.419	34.000
4024.419	34.000
4025.419	38.000
4026.419	42.000
4027.419	41.000
4028.419	44.000
4029.419	29.000
4030.419	38.000
4031.419	52.000
4032.419	41.000
4033.419	38.000
4034.420	39.000
4035.420	31.000
4036.420	34.000
4037.420	27.000
4038.420	30.000
4039.420	33.000
4040.420	33.000
4041.420	40.000
4042.420	38.000
4043.420	37.000
4044.420	27.000
4045.420	44.000
4046.421	33.000
4047.421	35.000
4048.421	28.000
4049.421	31.000
4050.421	38.000
4051.421	36.000
4052.421	18.000
4053.421	32.000
4054.421	35.000
4055.421	36.000
4056.421	34.000
4057.421	39.000
4058.422	25.000
4059.422	28.000
4060.422	28.000
4061.422	43.000
4062.422	23.000
4063.422	34.000
4064.422	37.000
4065.422	32.000
4066.422	31.000
4067.422	36.000
4068.422	32.000
4069.422	32.000
4070.423	28.000
4071.423	34.000
4072.423	27.000
4073.423	31.000
4074.423	32.000
4075.423	28.000
4076.423	26.000
4077.423	38.000
4078.423	22.000
4079.423	40.000
4080.423	30.000
4081.423	24.000
4082.424	25.000
4083.424	24.000
4084.424	32.000
4085.424	32.000
4086.424	21.000
4087.424	20.000
4088.424	26.000
4089.424	28.000
4090.424	22.000
4091.424	29.000
4092.424	22.000
4093.424	21.000
4094.425	19.000
4095.425	18.000
4096.425	21.000
4097.425	18.000
4098.425	24.000
4099.425	25.000
4100.425	27.000
4101.425	27.000
4102.425	43.000
4103.425	21.000
4104.425	26.000
4105.425	32.000
4106.426	23.000
4107.426	28.000
4108.426	20.000
4109.426	27.000
4110.426	21.000
4111.426	22.000
4112.426	15.000
4113.426	24.000
4114.426	23.000
4115.426	25.000
4116.426	34.000
4117.426	22.000
4118.427	29.000
4119.427	18.000
4120.427	20.000
4121.427	23.000
4122.427	25.000
4123.427	27.000
4124.427	25.000
4125.427	16.000
4126.427	14.000
4127.427	30.000
4128.427	25.000
4129.427	22.000
4130.428	26.000
4131.428	22.000
4132.428	21.000
4133.428	14.000
4134.428	18.000
4135.428	29.000
4136.428	23.000
4137.428	24.000
4138.428	18.000
4139.428	19.000
4140.428	15.000
4141.428	25.000
4142.429	16.000
4143.429	19.000
4144.429	20.000
4145.429	20.000
4146.429	16.000
4147.429	17.000
4148.429	20.000
4149.429	27.000
4150.429	16.000
4151.429	15.000
4152.429	13.000
4153.429	14.000
4154.430	13.000
4155.430	19.000
4156.430	17.000
4157.430	20.000
4158.430	23.000
4159.430	14.000
4160.430	20.000
4161.430	13.000
4162.430	22.000
4163.430	10.000
4164.430	18.000
4165.430	16.000
4166.431	19.000
4167.431	12.000
4168.431	16.000
4169.431	20.000
4170.431	18.000
4171.431	23.000
4172.431	19.000
4173.431	17.000
4174.431	18.000
4175.431	12.000
4176.431	14.000
4177.431	25.000
4178.432	15.000
4179.432	23.000
4180.432	20.000
4181.432	16.000
4182.432	17.000
4183.432	18.000
4184.432	15.000
4185.432	8.000
4186.432	25.000
4187.432	16.000
4188.432	26.000
4189.432	9.000
4190.433	12.000
4191.433	14.000
4192.433	24.000
4193.433	8.000
4194.433	21.000
4195.433	17.000
4196.433	20.000
4197.433	13.000
4198.433	15.000
4199.433	21.000
4200.433	17.000
4201.433	22.000
4202.434	16.000
4203.434	23.000
4204.434	23.000
4205.434	18.000
4206.434	7.000
4207.434	28.000
4208.434	16.000
4209.434	23.000
4210.434	20.000
4211.434	21.000
4212.434	16.000
4213.434	13.000
4214.435	21.000
4215.435	13.000
4216.435	14.000
4217.435	26.000
4218.435	29.000
4219.435	22.000
4220.435	21.000
4221.435	18.000
4222.435	31.000
4223.435	15.000
4224.435	15.000
4225.435	19.000
4226.436	18.000
4227.436	21.000
4228.436	18.000
4229.436	17.000
4230.436	21.000
4231.436	13.000
4232.436	29.000
4233.436	17.000
4234.436	11.000
4235.436	19.000
4236.436	22.000
4237.436	16.000
4238.437	19.000
4239.437	19.000
4240.437	24.000
4241.437	14.000
4242.437	14.000
4243.437	21.000
4244.437	14.000
4245.437	27.000
4246.437	17.000
4247.437	24.000
4248.437	19.000
4249.437	12.000
4250.438	15.000
4251.438	12.000
4252.438	14.000
4253.438	14.000
4254.438	20.000
4255.438	21.000
4256.438	26.000
4257.438	15.000
4258.438	17.000
4259.438	17.000
4260.438	16.000
4261.438	16.000
4262.439	18.000
4263.439	21.000
4264.439	21.000
4265.439	11.000
4266.439	22.000
4267.439	18.000
4268.439	6.000
4269.439	18.000
4270.439	10.000
4271.439	23.000
4272.439	18.000
4273.439	18.000
4274.440	12.000
4275.440	17.000
4276.440	16.000
4277.440	10.000
4278.440	17.000
4279.440	16.000
4280.440	13.000
4281.440	20.000
4282.440	7.000
4283.440	16.000
4284.440	22.000
4285.440	19.000
4286.441	19.000
4287.441	23.000
4288.441	15.000
4289.441	19.000
4290.441	16.000
4291.441	16.000
4292.441	10.000
4293.441	15.000
4294.441	20.000
4295.441	16.000
4296.441	17.000
4297.441	19.000
4298.442	17.000
4299.442	19.000
4300.442	20.000
4301.442	23.000
4302.442	19.000
4303.442	19.000
4304.442	17.000
4305.442	24.000
4306.442	23.000
4307.442	21.000
4308.442	15.000
4309.442	17.000
4310.443	17.000
4311.443	14.000
4312.443	18.000
4313.443	23.000
4314.443	18.000
4315.443	14.000
4316.443	18.000
4317.443	23.000
4318.443	9.000
4319.443	26.000
4320.443	19.000
4321.443	16.000
4322.444	17.000
4323.444	16.000
4324.444	15.000
4325.444	17.000
4326.444	16.000
4327.444	19.000
4328.444	20.000
4329.444	17.000
4330.444	20.000
4331.444	9.000
4332.444	19.000
4333.444	28.000
4334.445	21.000
4335.445	15.000
4336.445	20.000
4337.445	21.000
4338.445	22.000
4339.445	18.000
4340.445	21.000
4341.445	21.000
4342.445	13.000
4343.445	12.000
4344.445	14.000
4345.445	21.000
4346.446	11.000
4347.446	14.000
4348.446	23.000
4349.446	18.000
4350.446	18.000
4351.446	15.000
4352.446	10.000
4353.446	22.000
4354.446	18.000
4355.446	22.000
4356.446	17.000
4357.446	15.000
4358.447	16.000
4359.447	27.000
4360.447	20.000
4361.447	28.000
4362.447	17.000
4363.447	20.000
4364.447	16.000
4365.447	12.000
4366.447	14.000
4367.447	13.000
4368.447	14.000
4369.447	14.000
4370.448	18.000
4371.448	21.000
4372.448	22.000
4373.448	23.000
4374.448	24.000
4375.448	17.000
4376.448	23.000
4377.448	20.000
4378.448	14.000
4379.448	19.000
4380.448	14.000
4381.448	13.000
4382.449	12.000
4383.449	14.000
4384.449	14.000
4385.449	20.000
4386.449	10.000
4387.449	15.000
4388.449	13.000
4389.449	16.000
4390.449	15.000
4391.449	20.000
4392.449	14.000
4393.449	15.000
4394.450	24.000
4395.450	11.000
4396.450	18.000
4397.450	14.000
4398.450	25.000
4399.450	10.000
4400.450	22.000
4401.450	25.000
4402.450	20.000
4403.450	26.000
4404.450	18.000
4405.450	17.000
4406.451	13.000
4407.451	15.000
4408.451	10.000
4409.451	18.000
4410.451	14.000
4411.451	22.000
4412.451	14.000
4413.451	16.000
4414.451	15.000
4415.451	19.000
4416.451	18.000
4417.451	20.000
4418.452	26.000
4419.452	13.000
4420.452	15.000
4421.452	14.000
4422.452	13.000
4423.452	20.000
4424.452	12.000
4425.452	13.000
4426.452	22.000
4427.452	22.000
4428.452	21.000
4429.452	17.000
4430.453	11.000
4431.453	15.000
4432.453	17.000
4433.453	15.000
4434.453	21.000
4435.453	19.000
4436.453	18.000
4437.453	17.000
4438.453	25.000
4439.453	13.000
4440.453	15.000
4441.453	9.000
4442.454	18.000
4443.454	14.000
4444.454	21.000
4445.454	14.000
4446.454	15.000
4447.454	18.000
4448.454	11.000
4449.454	17.000
4450.454	22.000
4451.454	20.000
4452.454	16.000
4453.454	15.000
4454.455	16.000
4455.455	21.000
4456.455	19.000
4457.455	21.000
4458.455	12.000
4459.455	18.000
4460.455	16.000
4461.455	15.000
4462.455	16.000
4463.455	13.000
4464.455	25.000
4465.455	25.000
4466.456	7.000
4467.456	9.000
4468.456	15.000
4469.456	20.000
4470.456	12.000
4471.456	15.000
4472.456	14.000
4473.456	11.000
4474.456	16.000
4475.456	19.000
4476.456	17.000
4477.456	10.000
4478.457	23.000
4479.457	22.000
4480.457	19.000
4481.457	23.000
4482.457	16.000
4483.457	16.000
4484.457	10.000
4485.457	10.000
4486.457	26.000
4487.457	12.000
4488.457	22.000
4489.457	14.000
4490.458	14.000
4491.458	22.000
4492.458	17.000
4493.458	26.000
4494.458	17.000
4495.458	14.000
4496.458	15.000
4497.458	24.000
4498.458	14.000
4499.458	12.000
4500.458	15.000
4501.458	11.000
4502.459	16.000
4503.459	26.000
4504.459	8.000
4505.459	21.000
4506.459	15.000
4507.459	14.000
4508.459	10.000
4509.459	20.000
4510.459	20.000
4511.459	19.000
4512.459	13.000
4513.459	12.000
4514.460	14.000
4515.460	17.000
4516.460	15.000
4517.460	19.000
4518.460	18.000
4519.460	18.000
4520.460	16.000
4521.460	19.000
4522.460	14.000
4523.460	14.000
4524.460	17.000
4525.460	12.000
4526.461	13.000
4527.461	18.000
4528.461	19.000
4529.461	17.000
4530.461	23.000
4531.461	14.000
4532.461	14.000
4533.461	18.000
4534.461	20.000
4535.461	19.000
4536.461	18.000
4537.461	19.000
4538.462	12.000
4539.462	12.000
4540.462	22.000
4541.462	15.000
4542.462	9.000
4543.462	23.000
4544.462	26.000
4545.462	26.000
4546.462	14.000
4547.462	19.000
4548.462	26.000
4549.462	21.000
4550.463	19.000
4551.463	23.000
4552.463	22.000
4553.463	19.000
4554.463	17.000
4555.463	23.000
4556.463	14.000
4557.463	15.000
4558.463	12.000
4559.463	17.000
4560.463	19.000
4561.463	16.000
4562.464	17.000
4563.464	16.000
4564.464	26.000
4565.464	12.000
4566.464	26.000
4567.464	20.000
4568.464	29.000
4569.464	21.000
4570.464	17.000
4571.464	17.000
4572.464	17.000
4573.464	15.000
4574.465	16.000
4575.465	15.000
4576.465	20.000
4577.465	16.000
4578.465	17.000
4579.465	18.000
4580.465	16.000
4581.465	17.000
4582.465	19.000
4583.465	17.000
4584.465	22.000
4585.465	16.000
4586.466	18.000
4587.466	11.000
4588.466	20.000
4589.466	15.000
4590.466	15.000
4591.466	15.000
4592.466	11.000
4593.466	19.000
4594.466	21.000
4595.466	15.000
4596.466	22.000
4597.466	13.000
4598.467	12.000
4599.467	11.000
4600.467	18.000
4601.467	19.000
4602.467	17.000
4603.467	17.000
4604.467	17.000
4605.467	12.000
4606.467	22.000
4607.467	18.000
4608.467	16.000
4609.467	21.000
4610.468	10.000
4611.468	18.000
4612.468	16.000
4613.468	18.000
4614.468	20.000
4615.468	15.000
4616.468	10.000
4617.468	10.000
4618.468	13.000
4619.468	17.000
4620.468	29.000
4621.468	15.000
4622.469	18.000
4623.469	23.000
4624.469	17.000
4625.469	9.000
4626.469	25.000
4627.469	20.000
4628.469	16.000
4629.469	14.000
4630.469	13.000
4631.469	13.000
4632.469	15.000
4633.469	16.000
4634.470	13.000
4635.470	15.000
4636.470	12.000
4637.470	18.000
4638.470	18.000
4639.470	24.000
4640.470	11.000
4641.470	15.000
4642.470	12.000
4643.470	19.000
4644.470	17.000
4645.470	21.000
4646.471	10.000
4647.471	21.000
4648.471	13.000
4649.471	18.000
4650.471	20.000
4651.471	16.000
4652.471	15.000
4653.471	20.000
4654.471	17.000
4655.471	20.000
4656.471	21.000
4657.471	12.000
4658.472	16.000
4659.472	23.000
4660.472	10.000
4661.472	17.000
4662.472	15.000
4663.472	16.000
4664.472	11.000
4665.472	14.000
4666.472	19.000
4667.472	18.000
4668.472	14.000
4669.472	23.000
4670.473	13.000
4671.473	14.000
4672.473	14.000
4673.473	19.000
4674.473	14.000
4675.473	14.000
4676.473	18.000
4677.473	16.000
4678.473	28.000
4679.473	22.000
4680.473	10.000
4681.473	18.000
4682.474	23.000
4683.474	18.000
4684.474	24.000
4685.474	18.000
4686.474	16.000
4687.474	19.000
4688.474	16.000
4689.474	21.000
4690.474	28.000
4691.474	15.000
4692.474	18.000
4693.474	22.000
4694.475	22.000
4695.475	15.000
4696.475	20.000
4697.475	11.000
4698.475	19.000
4699.475	17.000
4700.475	19.000
4701.475	23.000
4702.475	13.000
4703.475	32.000
4704.475	15.000
4705.475	21.000
4706.476	16.000
4707.476	14.000
4708.476	17.000
4709.476	18.000
4710.476	25.000
4711.476	19.000
4712.476	15.000
4713.476	7.000
4714.476	19.000
4715.476	19.000
4716.476	25.000
4717.476	19.000
4718.477	12.000
4719.477	17.000
4720.477	18.000
4721.477	15.000
4722.477	18.000
4723.477	13.000
4724.477	17.000
4725.477	22.000
4726.477	22.000
4727.477	19.000
4728.477	13.000
4729.477	18.000
4730.478	23.000
4731.478	25.000
4732.478	21.000
4733.478	24.000
4734.478	18.000
4735.478	16.000
4736.478	21.000
4737.478	17.000
4738.478	22.000
4739.478	17.000
4740.478	17.000
4741.478	18.000
4742.479	14.000
4743.479	13.000
4744.479	22.000
4745.479	18.000
4746.479	13.000
4747.479	23.000
4748.479	20.000
4749.479	18.000
4750.479	14.000
4751.479	18.000
4752.479	17.000
4753.479	18.000
4754.480	12.000
4755.480	19.000
4756.480	23.000
4757.480	24.000
4758.480	24.000
4759.480	19.000
4760.480	16.000
4761.480	18.000
4762.480	16.000
4763.480	21.000
4764.480	14.000
4765.480	17.000
4766.481	19.000
4767.481	13.000
4768.481	23.000
4769.481	18.000
4770.481	28.000
4771.481	20.000
4772.481	21.000
4773.481	17.000
4774.481	16.000
4775.481	17.000
4776.481	12.000
4777.481	22.000
4778.482	20.000
4779.482	24.000
4780.482	18.000
4781.482	17.000
4782.482	17.000
4783.482	21.000
4784.482	18.000
4785.482	9.000
4786.482	25.000
4787.482	14.000
4788.482	18.000
4789.482	11.000
4790.483	12.000
4791.483	17.000
4792.483	11.000
4793.483	16.000
4794.483	21.000
4795.483	18.000
4796.483	21.000
4797.483	21.000
4798.483	18.000
4799.483	25.000
4800.483	23.000
4801.483	15.000
4802.484	27.000
4803.484	28.000
4804.484	19.000
4805.484	21.000
4806.484	13.000
4807.484	20.000
4808.484	15.000
4809.484	21.000
4810.484	16.000
4811.484	22.000
4812.484	16.000
4813.484	21.000
4814.485	19.000
4815.485	22.000
4816.485	21.000
4817.485	17.000
4818.485	21.000
4819.485	24.000
4820.485	25.000
4821.485	21.000
4822.485	23.000
4823.485	24.000
4824.485	18.000
4825.485	18.000
4826.486	25.000
4827.486	22.000
4828.486	17.000
4829.486	24.000
4830.486	12.000
4831.486	13.000
4832.486	23.000
4833.486	23.000
4834.486	17.000
4835.486	25.000
4836.486	19.000
4837.486	19.000
4838.487	18.000
4839.487	18.000
4840.487	19.000
4841.487	21.000
4842.487	17.000
4843.487	23.000
4844.487	21.000
4845.487	15.000
4846.487	18.000
4847.487	19.000
4848.487	17.000
4849.487	28.000
4850.488	18.000
4851.488	14.000
4852.488	15.000
4853.488	21.000
4854.488	23.000
4855.488	21.000
4856.488	20.000
4857.488	21.000
4858.488	17.000
4859.488	18.000
4860.488	22.000
4861.488	18.000
4862.489	19.000
4863.489	26.000
4864.489	18.000
4865.489	13.000
4866.489	17.000
4867.489	22.000
4868.489	19.000
4869.489	19.000
4870.489	17.000
4871.489	18.000
4872.489	22.000
4873.489	21.000
4874.490	22.000
4875.490	19.000
4876.490	21.000
4877.490	19.000
4878.490	18.000
4879.490	14.000
4880.490	21.000
4881.490	25.000
4882.490	14.000
4883.490	18.000
4884.490	27.000
4885.490	19.000
4886.491	17.000
4887.491	15.000
4888.491	19.000
4889.491	28.000
4890.491	21.000
4891.491	16.000
4892.491	12.000
4893.491	16.000
4894.491	19.000
4895.491	20.000
4896.491	18.000
4897.491	24.000
4898.492	18.000
4899.492	17.000
4900.492	14.000
4901.492	27.000
4902.492	17.000
4903.492	18.000
4904.492	22.000
4905.492	22.000
4906.492	25.000
4907.492	22.000
4908.492	27.000
4909.492	18.000
4910.493	15.000
4911.493	14.000
4912.493	12.000
4913.493	21.000
4914.493	18.000
4915.493	26.000
4916.493	12.000
4917.493	23.000
4918.493	14.000
4919.493	17.000
4920.493	13.000
4921.493	26.000
4922.494	17.000
4923.494	23.000
4924.494	18.000
4925.494	16.000
4926.494	25.000
4927.494	19.000
4928.494	23.000
4929.494	27.000
4930.494	23.000
4931.494	26.000
4932.494	21.000
4933.494	22.000
4934.495	19.000
4935.495	21.000
4936.495	23.000
4937.495	16.000
4938.495	22.000
4939.495	24.000
4940.495	17.000
4941.495	17.000
4942.495	25.000
4943.495	16.000
4944.495	20.000
4945.495	19.000
4946.496	21.000
4947.496	14.000
4948.496	23.000
4949.496	18.000
4950.496	17.000
4951.496	13.000
4952.496	24.000
4953.496	18.000
4954.496	23.000
4955.496	23.000
4956.496	19.000
4957.496	15.000
4958.497	13.000
4959.497	17.000
4960.497	26.000
4961.497	21.000
4962.497	27.000
4963.497	17.000
4964.497	16.000
4965.497	18.000
4966.497	27.000
4967.497	19.000
4968.497	23.000
4969.497	25.000
4970.498	14.000
4971.498	15.000
4972.498	20.000
4973.498	31.000
4974.498	15.000
4975.498	16.000
4976.498	13.000
4977.498	18.000
4978.498	24.000
4979.498	17.000
4980.498	31.000
4981.498	19.000
4982.499	20.000
4983.499	19.000
4984.499	18.000
4985.499	25.000
4986.499	16.000
4987.499	19.000
4988.499	22.000
4989.499	14.000
4990.499	13.000
4991.499	18.000
4992.499	17.000
4993.499	14.000
4994.500	19.000
4995.500	23.000
4996.500	15.000
4997.500	16.000
4998.500	25.000
4999.500	14.000
